           1         303
  time 0.0 
         303
           1  0.8525250611E+00
           2  0.1920650923E+01
           3  0.1334341163E+01
           4  0.8860279341E+00
           5  0.6751809175E+00
           6  0.6325243445E+00
           7  0.8795614622E+00
           8  0.2847853128E+01
           9  0.6965297725E+01
          10  0.2281318529E+00
          11  0.2202472707E+01
          12  0.7646857810E+00
          13  0.1618363141E+01
          14  0.3838252313E+01
          15  0.1708460894E+01
          16  0.3838676513E+01
          17  0.9139680991E+00
          18  0.2940496063E+00
          19  0.4073870422E+01
          20  0.1532571384E+01
          21  0.1488147256E+01
          22  0.1002671841E+01
          23  0.2163581372E+01
          24  0.5109771269E+00
          25  0.1088888426E+01
          26  0.6883288563E+00
          27  0.4489098628E+00
          28  0.3568337459E+01
          29  0.2747898300E+01
          30  0.1061598283E+01
          31  0.6371228597E+00
          32  0.7664130886E+00
          33  0.6199305055E+01
          34  0.6737264556E+00
          35  0.2076067709E+01
          36  0.5132899893E+00
          37  0.2095195627E+00
          38  0.7182843064E+00
          39  0.6038827033E+00
          40  0.8756589068E-01
          41  0.1034806253E+01
          42  0.4112636667E+01
          43  0.8401827554E+00
          44  0.2859546264E+01
          45  0.1634732159E+01
          46  0.1781014475E+01
          47  0.1195832096E+01
          48  0.7255863556E+00
          49  0.5901969693E+00
          50  0.1014910494E+01
          51  0.5725155232E+00
          52  0.9672679013E+00
          53  0.4087480416E+00
          54  0.2478035835E+00
          55  0.6654304003E+00
          56  0.7909460085E+00
          57  0.1567040343E+01
          58  0.1014842437E+01
          59  0.2573070530E+01
          60  0.8369771215E+00
          61  0.2764057315E+01
          62  0.4760204529E+00
          63  0.1591319544E+01
          64  0.1874901634E+01
          65  0.1127269401E+01
          66  0.1163439680E+01
          67  0.1466173628E+01
          68  0.4367240385E+01
          69  0.5884056126E+00
          70  0.1177374762E+01
          71  0.2194364375E+01
          72  0.1059059262E+01
          73  0.1821848672E+01
          74  0.2713286279E+01
          75  0.1367702893E+01
          76  0.1972349824E+00
          77  0.1280383186E+01
          78  0.1616789043E+01
          79  0.1516472768E+01
          80  0.1578859742E+01
          81  0.2715639592E+00
          82  0.9868747324E+00
          83  0.2568251649E+01
          84  0.8289095714E+00
          85  0.9437678521E+00
          86  0.5377158702E+00
          87  0.4921020699E+01
          88  0.1022953638E+01
          89  0.3204536155E+00
          90  0.4761723085E+00
          91  0.3178000189E+00
          92  0.8374717673E+00
          93  0.3267361341E+01
          94  0.6194593834E+01
          95  0.3830784465E+01
          96  0.1206445497E+01
          97  0.1426746561E+01
          98  0.2315313879E+01
          99  0.1602497577E+01
         100  0.1523315090E+01
         101  0.1435387011E+01
         102  0.1735049051E+01
         103  0.1288462051E+01
         104  0.1317965138E+01
         105  0.1059466551E+01
         106  0.7084092081E+00
         107  0.2499540487E+01
         108  0.1727391068E+01
         109  0.8999163774E+00
         110  0.1786004274E+01
         111  0.2878549727E+01
         112  0.1209797044E+01
         113  0.4122126201E+01
         114  0.2377788694E+01
         115  0.2621710934E+01
         116  0.1513773648E+01
         117  0.1806003912E+01
         118  0.1246464398E+00
         119  0.9923670242E+00
         120  0.3126832022E+01
         121  0.3664955194E+00
         122  0.1719180053E+01
         123  0.2412121776E+01
         124  0.6334648387E+01
         125  0.6481800359E+01
         126  0.7448659335E+00
         127  0.2536958269E+01
         128  0.3710661839E+01
         129  0.2254042016E+01
         130  0.1996448321E+01
         131  0.4262521246E+01
         132  0.4546564343E+01
         133  0.4482403233E+01
         134  0.5993438831E+00
         135  0.2770327064E+01
         136  0.6508906099E+01
         137  0.3074844061E+01
         138  0.3035723044E+01
         139  0.3709817759E+00
         140  0.2622520347E+00
         141  0.4164844564E+01
         142  0.9256831831E+00
         143  0.3022959366E+01
         144  0.5588318755E+00
         145  0.2560268118E+01
         146  0.6121817403E+01
         147  0.2894128434E+01
         148  0.2488043759E+01
         149  0.6149069422E+01
         150  0.3469594336E+01
         151  0.2600336319E+01
         152  0.2674032973E+01
         153  0.4259877924E+00
         154  0.4812247070E+01
         155  0.6275033331E+00
         156  0.5326797559E+01
         157  0.4570280164E+01
         158  0.1257963537E+01
         159  0.2615693651E+01
         160  0.4075128701E+01
         161  0.2560950937E+01
         162  0.1966953282E+01
         163  0.5949023223E+00
         164  0.1498010123E+01
         165  0.1708631312E+01
         166  0.1599080780E+01
         167  0.2488241744E+01
         168  0.2548117491E+01
         169  0.1594419108E+01
         170  0.4034364407E+01
         171  0.7427876697E+00
         172  0.1296669631E+01
         173  0.1169963701E+01
         174  0.3338912127E+00
         175  0.1337489770E+01
         176  0.1125442816E+01
         177  0.8304791141E+00
         178  0.1656892776E+01
         179  0.6065606493E+01
         180  0.5343302735E+00
         181  0.2052938067E+01
         182  0.9669666023E+00
         183  0.7435147553E+00
         184  0.7391837824E+00
         185  0.6084120339E+01
         186  0.3845004778E+01
         187  0.2238180099E+01
         188  0.1419291902E+01
         189  0.6189517406E+00
         190  0.3017637843E+01
         191  0.9300836647E+00
         192  0.8906960829E+00
         193  0.2398830616E+01
         194  0.3767456539E+01
         195  0.3278295214E+01
         196  0.2774864694E+01
         197  0.2617836355E+01
         198  0.2502764909E+01
         199  0.3370523730E+01
         200  0.1734164768E+01
         201  0.2862066796E+01
         202  0.9295003334E+00
         203  0.2119691392E+01
         204  0.3290006782E+01
         205  0.3632506876E+01
         206  0.1509977752E+01
         207  0.1450321325E+01
         208  0.2425354478E+01
         209  0.6888845675E+01
         210  0.5700791103E+00
         211  0.8245804786E+00
         212  0.3185174608E+01
         213  0.3444317653E+01
         214  0.3959926636E+01
         215  0.6332883731E+01
         216  0.2043521370E+01
         217  0.3491699366E+01
         218  0.9194950426E+00
         219  0.3415626321E+01
         220  0.1169836072E+01
         221  0.2985411830E+01
         222  0.9175930888E+00
         223  0.2638276548E+01
         224  0.1529320986E+01
         225  0.3930609344E+00
         226  0.4892629585E+00
         227  0.1717628030E+01
         228  0.3096140926E+01
         229  0.1053482791E+01
         230  0.4011117963E+01
         231  0.6214026361E+00
         232  0.1649947947E+01
         233  0.9850219677E+00
         234  0.9416673764E+00
         235  0.2540320319E+01
         236  0.5975996206E+00
         237  0.4675258390E+00
         238  0.1040091372E+01
         239  0.7473656336E+00
         240  0.3223357188E+01
         241  0.9737694177E+00
         242  0.1409017775E+01
         243  0.1691317711E+01
         244  0.2969870940E+01
         245  0.1860283324E+01
         246  0.7116500220E+01
         247  0.3865209003E+01
         248  0.2029962282E+00
         249  0.5284023688E+00
         250  0.8292679972E+00
         251  0.5348963934E+00
         252  0.6153038585E+00
         253  0.5082709286E+00
         254  0.2638324123E+00
         255  0.2699283555E+00
         256  0.2242596533E+00
         257  0.1140001823E+01
         258  0.7714404112E+00
         259  0.8854788874E+00
         260  0.2307547376E+01
         261  0.1758580548E+01
         262  0.1635220788E+01
         263  0.1901975985E+01
         264  0.2460863920E+01
         265  0.1926341777E+01
         266  0.1929327851E+01
         267  0.1351118895E+01
         268  0.3460905076E+01
         269  0.1573922865E+01
         270  0.1684516705E+01
         271  0.5542810316E+00
         272  0.1038246331E+01
         273  0.1713840242E+01
         274  0.1608679618E+01
         275  0.1908355044E+01
         276  0.1409693402E+01
         277  0.1078655698E+01
         278  0.1177595155E+01
         279  0.1129502208E+01
         280  0.6818054394E+00
         281  0.9903211129E+00
         282  0.3102087776E+01
         283  0.2168400460E+00
         284  0.9397051118E+00
         285  0.1125492949E+01
         286  0.6771697076E+00
         287  0.5426770068E+00
         288  0.5328937777E+00
         289  0.6633744001E+00
         290  0.7037648451E+00
         291  0.8748897811E+00
         292  0.7076825422E+00
         293  0.5674783280E+00
         294  0.1114801840E+01
         295  0.8485141380E+00
         296  0.3673904909E+00
         297  0.1205724813E+01
         298  0.6187245732E+00
         299  0.7262722846E+00
         300  0.4357832734E+00
         301  0.5114286988E+00
         302  0.2716339572E+00
         303  0.2468710320E+00
  time 1.0e30 
