           1         303
  time 0.0 
         303
           1  0.1000000000E-11
           2  0.1000000000E-11
           3  0.3963405896E+00
           4  0.1000000000E-11
           5  0.1000000000E-11
           6  0.1000000000E-11
           7  0.1000000000E-11
           8  0.1000000000E-11
           9  0.2688621284E-02
          10  0.1000000000E-11
          11  0.1000000000E-11
          12  0.1000000000E-11
          13  0.1000000000E-11
          14  0.1687290850E-01
          15  0.1000000000E-11
          16  0.1743363184E-01
          17  0.1000000000E-11
          18  0.1000000000E-11
          19  0.1000000000E-11
          20  0.1000000000E-11
          21  0.1000000000E-11
          22  0.1000000000E-11
          23  0.5873087336E-01
          24  0.1000000000E-11
          25  0.1000000000E-11
          26  0.1000000000E-11
          27  0.1000000000E-11
          28  0.2127515740E-01
          29  0.1000000000E-11
          30  0.1000000000E-11
          31  0.1000000000E-11
          32  0.1000000000E-11
          33  0.3973498728E-02
          34  0.1000000000E-11
          35  0.1000000000E-11
          36  0.1000000000E-11
          37  0.1000000000E-11
          38  0.1000000000E-11
          39  0.1000000000E-11
          40  0.1000000000E-11
          41  0.1000000000E-11
          42  0.1000000000E-11
          43  0.1316787635E+01
          44  0.1000000000E-11
          45  0.1654023314E+00
          46  0.1000000000E-11
          47  0.1000000000E-11
          48  0.1000000000E-11
          49  0.1000000000E-11
          50  0.1000000000E-11
          51  0.1000000000E-11
          52  0.1000000000E-11
          53  0.1000000000E-11
          54  0.1000000000E-11
          55  0.1000000000E-11
          56  0.1000000000E-11
          57  0.1000000000E-11
          58  0.1000000000E-11
          59  0.1000000000E-11
          60  0.1000000000E-11
          61  0.1000000000E-11
          62  0.1000000000E-11
          63  0.1000000000E-11
          64  0.1000000000E-11
          65  0.1000000000E-11
          66  0.1000000000E-11
          67  0.1000000000E-11
          68  0.1000000000E-11
          69  0.1000000000E-11
          70  0.1000000000E-11
          71  0.1000000000E-11
          72  0.1000000000E-11
          73  0.1000000000E-11
          74  0.1000000000E-11
          75  0.1000000000E-11
          76  0.1000000000E-11
          77  0.1000000000E-11
          78  0.1000000000E-11
          79  0.1000000000E-11
          80  0.1000000000E-11
          81  0.1000000000E-11
          82  0.1000000000E-11
          83  0.1000000000E-11
          84  0.1000000000E-11
          85  0.1000000000E-11
          86  0.1000000000E-11
          87  0.8158255987E-02
          88  0.1000000000E-11
          89  0.1000000000E-11
          90  0.1000000000E-11
          91  0.1000000000E-11
          92  0.1000000000E-11
          93  0.2628933280E-01
          94  0.4088207138E-02
          95  0.1000000000E-11
          96  0.1000000000E-11
          97  0.1000000000E-11
          98  0.1000000000E-11
          99  0.1000000000E-11
         100  0.1000000000E-11
         101  0.1000000000E-11
         102  0.1000000000E-11
         103  0.1000000000E-11
         104  0.1000000000E-11
         105  0.1000000000E-11
         106  0.1000000000E-11
         107  0.1000000000E-11
         108  0.1000000000E-11
         109  0.1000000000E-11
         110  0.1707210857E+00
         111  0.3623519359E-01
         112  0.1000000000E-11
         113  0.1401242821E-01
         114  0.7105565921E-01
         115  0.5173074250E-01
         116  0.2762619622E+00
         117  0.1000000000E-11
         118  0.1000000000E-11
         119  0.1000000000E-11
         120  0.1000000000E-11
         121  0.1000000000E-11
         122  0.1951785244E+00
         123  0.6863038705E-01
         124  0.3725562385E-02
         125  0.3424761408E-02
         126  0.1000000000E-11
         127  0.4351170275E-01
         128  0.1000000000E-11
         129  0.8706455404E-01
         130  0.1251009690E+00
         131  0.1000000000E-11
         132  0.9459234188E-02
         133  0.1000000000E-11
         134  0.3751443537E+01
         135  0.4657341567E-01
         136  0.3312474186E-02
         137  0.1000000000E-11
         138  0.1000000000E-11
         139  0.1000000000E-11
         140  0.1000000000E-11
         141  0.1000000000E-11
         142  0.1216128907E+01
         143  0.1000000000E-11
         144  0.4560757076E+01
         145  0.3317943831E-01
         146  0.3549975151E-02
         147  0.1000000000E-11
         148  0.1000000000E-11
         149  0.1000000000E-11
         150  0.1000000000E-11
         151  0.1000000000E-11
         152  0.1000000000E-11
         153  0.1164584607E+02
         154  0.8619321933E-02
         155  0.1000000000E-11
         156  0.1000000000E-11
         157  0.1000000000E-11
         158  0.1000000000E-11
         159  0.1000000000E-11
         160  0.1000000000E-11
         161  0.1000000000E-11
         162  0.1000000000E-11
         163  0.1000000000E-11
         164  0.1000000000E-11
         165  0.1000000000E-11
         166  0.1000000000E-11
         167  0.1000000000E-11
         168  0.1000000000E-11
         169  0.1000000000E-11
         170  0.1000000000E-11
         171  0.1000000000E-11
         172  0.4231123553E+00
         173  0.1000000000E-11
         174  0.1000000000E-11
         175  0.1000000000E-11
         176  0.1000000000E-11
         177  0.1000000000E-11
         178  0.1000000000E-11
         179  0.4324246230E-02
         180  0.5067086095E+01
         181  0.1073745023E+00
         182  0.1000000000E-11
         183  0.1000000000E-11
         184  0.1000000000E-11
         185  0.1000000000E-11
         186  0.1000000000E-11
         187  0.8797505910E-01
         188  0.3444390555E+00
         189  0.1000000000E-11
         190  0.1000000000E-11
         191  0.1036286548E+01
         192  0.1047541458E+01
         193  0.6911056793E-01
         194  0.1000000000E-11
         195  0.1000000000E-11
         196  0.4306189342E-01
         197  0.5469661689E-01
         198  0.1000000000E-11
         199  0.2595084651E-01
         200  0.1542580498E+00
         201  0.3615506816E-01
         202  0.1000000000E-11
         203  0.1000000000E-11
         204  0.1648642795E-01
         205  0.1000000000E-11
         206  0.1000000000E-11
         207  0.1000000000E-11
         208  0.1000000000E-11
         209  0.2975660018E-02
         210  0.4221304289E+01
         211  0.1538900475E+01
         212  0.1000000000E-11
         213  0.1000000000E-11
         214  0.1500013068E-01
         215  0.3724612293E-02
         216  0.1000000000E-11
         217  0.1000000000E-11
         218  0.1000000000E-11
         219  0.1000000000E-11
         220  0.1000000000E-11
         221  0.1000000000E-11
         222  0.1000000000E-11
         223  0.5216185208E-01
         224  0.1000000000E-11
         225  0.1557462000E+02
         226  0.6483616188E+01
         227  0.1000000000E-11
         228  0.1000000000E-11
         229  0.1000000000E-11
         230  0.1000000000E-11
         231  0.1000000000E-11
         232  0.1000000000E-11
         233  0.1000000000E-11
         234  0.1000000000E-11
         235  0.6087802488E-01
         236  0.3149824584E+01
         237  0.8165414586E+01
         238  0.1000000000E-11
         239  0.1000000000E-11
         240  0.2848204851E-01
         241  0.1000000000E-11
         242  0.3555781954E+00
         243  0.1668751511E+00
         244  0.3590129472E-01
         245  0.1094816922E+00
         246  0.2460508469E-02
         247  0.1000000000E-11
         248  0.1000000000E-11
         249  0.1000000000E-11
         250  0.1000000000E-11
         251  0.1000000000E-11
         252  0.1000000000E-11
         253  0.1000000000E-11
         254  0.1000000000E-11
         255  0.1000000000E-11
         256  0.1000000000E-11
         257  0.1000000000E-11
         258  0.1000000000E-11
         259  0.1000000000E-11
         260  0.1000000000E-11
         261  0.1000000000E-11
         262  0.1000000000E-11
         263  0.1000000000E-11
         264  0.1000000000E-11
         265  0.1000000000E-11
         266  0.1000000000E-11
         267  0.1000000000E-11
         268  0.1000000000E-11
         269  0.1000000000E-11
         270  0.1000000000E-11
         271  0.1000000000E-11
         272  0.1000000000E-11
         273  0.1000000000E-11
         274  0.1000000000E-11
         275  0.1000000000E-11
         276  0.1000000000E-11
         277  0.1000000000E-11
         278  0.1000000000E-11
         279  0.1000000000E-11
         280  0.1000000000E-11
         281  0.1000000000E-11
         282  0.1000000000E-11
         283  0.1000000000E-11
         284  0.1000000000E-11
         285  0.1000000000E-11
         286  0.1000000000E-11
         287  0.1000000000E-11
         288  0.1000000000E-11
         289  0.1000000000E-11
         290  0.1000000000E-11
         291  0.1000000000E-11
         292  0.1000000000E-11
         293  0.1000000000E-11
         294  0.1000000000E-11
         295  0.1000000000E-11
         296  0.1000000000E-11
         297  0.1000000000E-11
         298  0.1000000000E-11
         299  0.1000000000E-11
         300  0.1000000000E-11
         301  0.1000000000E-11
         302  0.1000000000E-11
         303  0.1000000000E-11
  time 1.0e30 
