          60
          98
         100
         174
         190
         192
         194
         214
         219
         303
         308
         369
         406
         541
         550
         552
         558
         590
         613
         615
         634
         640
         641
         644
         646
         647
         659
         680
         681
         686
         687
         737
         753
         766
         778
         875
         918
         935
        1019
        1023
        1036
        1039
        1050
        1054
        1080
        1082
        1099
        1105
        1106
        1107
        1109
        1114
        1116
        1118
