  -6.1029095645247567E-016
   2.6700430872651278E-015
  -1.2359311988332654E-015
  -3.0580843917888575E-015
  -2.6785815626298875E-015
  -1.6260162601617358E-002
   1.6179570919204149E-015
   2.4390243902431427E-002
   2.9249896442272625E-015
  -2.8023339935425089E-015
   2.4390243902722587E-002
  -1.6260162601856188E-002
  -5.1148785497844645E-014
  -3.5357374478708106E-015
  -1.7911956167284846E-015
   1.2583563826378022E-015
  -3.5427198781571698E-015
   1.0907944509567775E-015
  -1.6260162601393954E-002
  -3.6326064810517980E-015
  -2.6160721670465400E-016
  -4.2066214175505698E-015
  -7.3303790977437036E-016
  -6.0612857992498121E-016
   4.8780487804935539E-002
   1.1822007434936985E-015
  -3.9018847467380074E-015
  -8.3333333333308300E-003
   8.1077387970151010E-017
  -4.1820027544839099E-015
  -2.4002754387391917E-015
   3.3153060915190709E-015
   2.6816709203728605E-015
   2.1182789794852769E-015
  -1.9783041314961091E-016
   1.6666666666626730E-002
  -2.3176173013242849E-015
   1.1489710666897854E-014
   1.4175473359282838E-015
  -1.0220094949578520E-013
  -2.4999999999872766E-002
   3.1350289938932697E-015
  -2.8939128787626058E-015
  -7.6982910586759316E-018
  -1.0733542481908696E-015
  -4.1238529579450619E-015
  -1.6666666666661473E-002
   1.6666666666680933E-002
   4.8509731159256488E-015
   4.6502002380458760E-015
  -3.8294111051052457E-015
  -1.8989494087297079E-015
  -1.0409661516985910E-015
  -2.8602827131510981E-015
  -1.5815573196415477E-014
   3.9024390243753884E-002
  -4.2716354961009250E-015
  -1.5455130455408365E-015
  -2.1885632774947900E-015
  -6.4024390243750742E-002
   2.3990752722649210E-015
  -1.3192574813282415E-015
  -1.1086373471852209E-015
  -5.2116669216167060E-015
  -4.9937492692224021E-015
   4.9156516131559799E-015
   1.3571687562299349E-015
   8.3333333333384836E-003
   9.1293470622507784E-015
  -4.3920589730820062E-015
  -8.0318085893773826E-016
  -8.3333333333286148E-003
   2.8021383868319844E-015
  -1.6666666666653038E-002
  -3.3636561759726399E-017
  -4.9767286019603897E-015
  -3.7920816279636609E-015
   8.3333333333228052E-003
   3.9314515782101085E-016
  -5.2204571149716083E-015
  -4.9941541407081156E-015
   2.9958937524975304E-015
   2.8988105850165398E-015
  -8.3333333333288889E-003
  -8.3333333333287379E-003
  -2.6785319738895240E-014
   1.3448290398967317E-014
   3.0477851079369487E-015
   1.3048121858485402E-014
  -3.1148988029286277E-016
  -5.2139752925607210E-015
  -4.0641314768093193E-015
  -4.7166540258471048E-015
   8.3793112588299495E-015
  -4.1353815519154717E-017
   2.4999999999978234E-002
   2.5553615986525660E-016
  0.18597560975603628     
  -2.2335920277797621E-015
 -0.22764227642268944     
   1.1751707151665810E-015
   8.3333333333132833E-003
   4.2911131097296438E-015
   6.4730273212981202E-016
  -2.9937822218891502E-015
  -2.5580688977771805E-015
  -1.6666666666668901E-002
   8.1300813008086410E-003
   3.4011353163650101E-015
   7.3606265612852990E-016
   4.5462381643834451E-015
   2.5955926255398273E-015
  -5.1720616506318661E-015
   3.8632631626768297E-015
   1.6260162601639316E-002
  -5.2443854572920416E-017
   1.3831669705143404E-016
  -1.5881395600017142E-014
   7.3606265616749332E-016
  -1.7585512076522242E-015
   8.1300813008098726E-003
   1.7969977228881194E-015
  -1.7010004815480290E-015
   2.7785431857430622E-015
   4.3834313338315593E-016
   3.6536978796474965E-015
   2.9532135485047807E-015
   8.1300813008063199E-003
   3.7879100485636914E-015
   2.7193875527077278E-015
   9.2048793461210454E-016
   2.1247062784484356E-016
  -7.9770986340070119E-016
   2.5312000454967865E-015
  -2.0359198187069578E-015
   8.1300813008162685E-003
   2.8577000538255560E-015
  -3.2989585248949057E-015
   1.7617251425467487E-015
   3.1457831309858728E-015
   1.0769931828044902E-015
  -3.7525319544522969E-016
  -9.8719418112283200E-015
   8.1300813008048627E-003
  -2.7667062970539589E-015
   2.1321795478960331E-014
   8.1300813008089706E-003
   2.7829243437297559E-015
   1.0408748763868873E-015
   3.1559357133311775E-015
   3.6616149033390990E-015
  -2.3302646254960458E-013
  -3.5605705663954674E-015
  -1.7703407316684579E-015
  -5.4309880389719120E-016
  -1.7718781623379453E-015
   2.7563459101978635E-015
   1.6961497863778063E-015
  -1.1485229136041176E-015
   1.6304956685524923E-015
   1.7448330690433792E-015
   5.0008563157164443E-016
   8.1300813005800009E-003
  -3.2520325203210319E-002
  -3.2520325203240358E-002
  -5.4078535065862256E-015
  -1.7492578684774355E-015
   1.9012273675302359E-015
   1.3583936324601158E-016
  -2.8997930779295146E-015
  -4.8177629437930451E-015
   8.4948784994949714E-016
   9.2122759841929188E-017
   7.3170731707270883E-002
   2.7001266969982854E-015
  -1.7492578684424607E-015
   2.1903789594840133E-015
  -2.3901677875081303E-015
  -7.3051709742975495E-015
  -2.4390243902390429E-002
  -2.6552947362190450E-015
   1.2777006984095346E-015
  -1.6260162601585099E-002
  -8.1300813008408565E-003
   2.1901547866763620E-015
  -1.2035517949299072E-015
  -2.1940820711788650E-015
   4.7548485884108726E-014
   4.1334718716187916E-015
   9.1666666666479713E-002
  -9.7455558849228763E-016
 -0.20000000000007426     
   1.8630265826908432E-015
  0.10833333333354145     
   3.7302239588234607E-015
  -1.6463407772999691E-014
  -4.2078584916929514E-016
   1.6260162601620085E-002
  -1.8469508315101618E-015
   1.6258107881939412E-015
   1.5312578166240309E-014
   4.2402840851443280E-015
   8.1300813007976966E-003
   8.9037397422647059E-016
  -2.2424592297831239E-015
   3.4837621805788192E-015
   1.2564329075699740E-015
   2.4390243902419187E-002
  -3.4270031089061399E-015
  -4.9137550241595031E-015
  -8.1300813008101658E-003
  -3.2520325203286751E-002
  -8.7435476865194584E-015
  -6.5040650406644654E-002
  -2.8161668592530299E-015
   8.1715696551494434E-016
  -3.6363820252524921E-015
  -4.7792785255004866E-015
  0.10569105691075706     
  -4.1407144386472865E-016
  -1.5795749896791552E-016
   3.3462051841633346E-015
  -7.3825746462762053E-015
  -1.2166781737569826E-015
  -2.5605250943463545E-015
  -3.4899976845805448E-014
  -1.2719087890429889E-015
   4.8035643443152493E-015
   1.8374536388637347E-015
   2.4390243902299508E-002
   4.2746556422176045E-016
  -1.6260162601452906E-002
  -2.7916632611981392E-015
  -9.7334345040484808E-016
  -1.4584641740085155E-015
  -4.2796134315327242E-014
  -1.2054220468683005E-015
   1.8017192364757266E-015
  -1.4038344743921710E-015
  -3.0742187569979018E-015
  -1.5452047150431869E-014
  -8.1300813007939305E-003
  -4.8780487805017765E-002
  -7.5251270657965992E-016
  -8.1300813008107244E-003
   1.2730617419052475E-015
   2.8517041514755361E-015
   5.4105434707571244E-016
   1.6260162601623915E-002
  -2.0679342007099505E-015
  -2.3525759178583933E-015
  -1.9913936347765208E-015
  -2.9385947201889715E-015
  -1.0559288122920277E-015
   3.2643054020757585E-015
   1.6260162601624984E-002
  -8.1300813008111511E-003
  -1.5219975555901385E-015
   2.8773796679677234E-015
   3.9642920441909742E-015
  -3.8678258420281723E-016
   7.4979370349586986E-016
  -1.7332710831349132E-015
  -9.8177603550138448E-016
  -8.1300813008075463E-003
  -2.9121033676685310E-015
   1.5993064587289676E-015
   1.6260162601619544E-002
  -5.8043655003992795E-016
  -1.3486748121908835E-015
   3.3561291217335988E-016
   3.3684700368885599E-015
   3.8531470747634203E-015
   6.5929510566438672E-016
  -2.6235992859715677E-016
  -1.1961254069331049E-016
   2.8157708055173759E-015
  -1.0813510921751957E-015
   7.2764104805856387E-015
   4.1166341806940485E-015
   8.8624540091286632E-015
  -5.9483902690432748E-016
   1.5127443419273742E-015
   8.1300812995767115E-003
   1.2255521181583934E-012
   2.8392318844410907E-018
   8.1300813009179042E-003
  -1.0755477436034597E-013
   4.0766441344892512E-016
   1.7938702745748754E-015
  -2.4703542359727254E-016
  -3.0038896157577530E-015
  -1.5174325105255080E-015
   3.0972352386418544E-015
   2.9481317703786597E-015
   3.7405183918851588E-015
  -2.0191961782658785E-016
  -1.6260162601574601E-002
  -5.6029627285766616E-015
   2.4390243902391535E-002
  -1.4973006145056709E-015
   2.3773980232605474E-015
  -6.5040650406344894E-002
  -4.3047545621526623E-014
  -3.9776543496636599E-015
   1.7761312394766704E-015
   1.1056024846305772E-015
   8.1300813008123043E-002
  -3.1254454457693898E-015
  -3.6131536036194912E-016
   3.3004692598675131E-015
   8.1300813008083565E-003
   1.2892340287340977E-015
   2.7746761094463769E-015
   2.0928369261822178E-015
   5.4265281282710391E-015
   8.1300813007586861E-003
   1.7020668652837381E-015
   2.3760793305248334E-015
   1.6260162601621612E-002
   1.2013478454331762E-015
   1.4768024518314808E-015
   4.1305862804277880E-015
   4.1278137490118133E-015
  -3.9766227495476378E-016
  -1.5677647988110998E-016
   8.1300813008076435E-003
   4.1136634953225839E-017
  -1.0210071925873225E-015
  -2.3571729582894713E-015
  -1.1588293029100302E-015
   2.1493022671826283E-015
   8.1300813008070121E-003
   5.7841385771573393E-015
   4.5398954861300112E-015
  -1.6723160714357111E-015
  -1.0110544588774244E-015
   8.1300813008114529E-003
   4.3330147600899772E-015
   4.0798847881701372E-015
   3.8883294970190705E-015
   8.1300813008101484E-003
   3.0719443684796742E-016
   2.2701521219762805E-016
   5.8263847209801318E-015
  -1.2949564868928683E-015
   3.4145614151400470E-015
   1.7059732310394741E-016
   5.4803735280563261E-015
   8.1300813008028053E-003
  -3.6399354751406019E-017
   8.7889295318711575E-015
  -4.7031127139847780E-014
  -7.8860507705466170E-016
   3.0992728816792981E-015
   3.3017911208959533E-015
   8.1300813007527204E-003
  -3.2482385531260510E-015
  -1.0610639104051661E-015
   1.2211597261416584E-015
   8.1300813007681889E-003
   4.0650406503964787E-002
  -3.5479539417504189E-015
  -3.7120328287958714E-016
   3.0283215277064366E-015
   2.4390243902442661E-002
  -4.2143103181529425E-015
  -2.1782127734744947E-015
   8.1300813008186659E-002
  -1.0271512042165630E-015
   2.7740037453542661E-016
  -5.1675205544109827E-016
  -1.4184675581985519E-015
   4.8780487804882942E-002
   2.0718954747378492E-016
   1.7203955521851095E-015
   3.2520325203258316E-002
  -2.9387522733731320E-015
  -2.7809449454033711E-015
  -2.2184502511533903E-015
  -5.2053516990443508E-015
   4.0650406504070868E-002
   1.0447992899439817E-015
   1.3897442780820813E-015
  -4.3235993756728072E-015
   1.8007755137622627E-015
  -2.6095493175323556E-015
   7.0974134966327067E-015
   2.3267895583512619E-015
   8.1300813008052600E-003
   3.6432237190013062E-015
   2.6601555526083250E-015
   2.4390243902440822E-002
  -1.1474003140003628E-016
  -1.1739689806834402E-014
   3.1465388719481960E-015
  -2.8276667179226806E-015
   8.3680434923804474E-017
  -1.6260162601617178E-002
   6.1459580077816773E-016
  -1.9533721368714463E-015
  -1.7268812602537613E-015
  -2.4390243902430910E-002
  -8.1300813008019692E-003
   1.5549642959784456E-015
   8.1300813008119532E-002
   8.5325791541207859E-017
   1.9053333522168399E-015
   8.2341296218021611E-017
   4.4816045790377144E-015
  -6.6738217398979095E-016
  -5.0614331774511927E-016
  -1.2596045607321967E-014
  -2.4206518187833446E-015
   3.2520325203266177E-002
   8.1300813008101831E-003
   2.5862344693442604E-015
   2.2913419732995590E-015
   4.9519804847282317E-016
   2.8216461453073985E-015
  -5.4141456609289729E-016
  -1.6692474932833745E-015
  -1.6252183550790870E-015
  -3.3426359637949023E-015
   4.0050166927341820E-014
   6.3236518590845255E-016
  -3.6024498457622249E-014
   8.1300813007954657E-003
   3.5269128974160276E-015
  -8.1300813007789286E-003
  -8.1300813008020473E-003
   1.6260162601616356E-002
  -5.1871725813236764E-016
   2.4390243902393693E-002
  -1.0529584733132445E-015
  -3.1830552832571370E-015
  -8.1300813008084536E-003
  -5.4150569245565559E-015
  -8.1300813007685897E-003
   4.0863343940571198E-015
  -9.8961464023231027E-017
   9.9417604574839928E-015
   4.2585211400811417E-015
   4.8133414664721327E-015
  -2.0172143455469243E-015
  -8.1300813008075463E-003
   1.6260162601608869E-002
  -3.0075418568924851E-014
  -2.1485186233712372E-015
   2.5247943703200276E-015
   5.6910569105539113E-002
  -8.7016245919954143E-016
   2.1684017158334662E-015
   5.1299913370030379E-015
   8.1300813007843253E-003
  -8.9094515620576358E-015
  -4.5608885944800003E-015
  -3.2520325203277668E-002
  -7.2363174005726275E-015
  -1.1879580119409305E-013
   1.3567235027650043E-015
  -2.3579494845619421E-015
   1.4832755914961170E-017
   4.0650406504214205E-002
  -5.4909194977381194E-015
  -2.3907121363130418E-015
   6.0700920779139114E-015
   7.8320261859949732E-015
   8.1300813007875086E-003
   3.4048920964457675E-015
   8.1300813007125529E-003
   2.0131455802311627E-015
  -5.0826782420383175E-015
  -6.2822015425996234E-016
   1.6260162601527316E-002
   9.9792766962122632E-016
   8.5640736432972844E-015
   5.3694741852421567E-015
   1.6260162601588191E-002
   5.7149593744527761E-015
   8.1300813008037542E-003
   7.5474721816745963E-015
   2.1972215475771016E-015
   4.2144112482634395E-016
  -9.5343592949025314E-015
   2.9118883988435579E-015
  -8.3403936759623943E-017
  -2.4447546417427512E-015
   8.9249817387397101E-016
  -6.0124944717602810E-017
   1.6260162601636721E-002
  -1.2567035575230648E-015
  -9.1181802640337907E-015
  -8.1300813008111789E-003
  -1.0390841549270784E-015
   2.4138329631512393E-015
   8.2430850757054384E-016
  -4.4716122743228825E-015
  -8.1300813006564415E-003
   4.4485659137185258E-015
  -3.9779687301099259E-015
  -1.4435764585928593E-013
   1.1898753399561742E-015
  -2.2867918734285322E-015
   1.7413473321944716E-013
   8.1300813005855659E-003
   5.5391922391806391E-014
   2.5597592954469928E-016
  -3.3012283782807562E-015
  -1.8608180448082153E-014
   2.2388036725800040E-015
  -1.0294348058792320E-015
  -3.7631242205419479E-016
   4.5226549137223539E-015
   1.8925603272845760E-015
   3.3762332179709644E-015
   8.1300813008277194E-003
   5.1694028491506865E-015
   1.7155450651684624E-015
   1.7402152533126797E-015
   8.1300813007864313E-003
   4.3556995374892437E-015
   4.6952908703662583E-015
   1.5064507377922013E-015
  -7.0765225815117170E-016
   2.8288261464663478E-015
   3.8849928832945990E-015
   5.5543119902511707E-015
   8.1300813008157065E-003
   3.3341120223994140E-015
   5.9183963060044234E-015
  -7.5107849719589495E-016
   4.4443957152051349E-017
  -2.4390243902396552E-002
   1.8054071156630696E-016
  -4.7832407188465527E-015
  -1.6075503723865801E-015
  -1.2052463586363607E-015
   3.2520325203216210E-002
   2.1216980681657230E-015
  0.11382113821158098     
  -3.6458444755807121E-015
   6.1123630567668333E-016
  -1.7092469540421228E-015
  -3.4820879837621630E-015
   6.5515028332947677E-017
  -2.0516245743173915E-015
  -1.9927759706394230E-015
   1.3797107326410534E-015
  0.18699186991872355     
  -1.0067437314418034E-015
  0.13821138211383696     
  -1.0316155615029471E-015
   3.5566295208806761E-015
   7.3606315313134816E-016
  -8.1300813008207927E-003
  -2.4913163332815634E-015
  0.23577235772359439     
  -3.2695069030761360E-014
  -8.1300813008086930E-003
  -2.4390243902404508E-002
   4.0650406504058337E-002
   2.4506977639428394E-015
   8.1300813007816504E-003
  -3.3131268111662383E-018
  -3.7678089767948141E-015
  -2.3059758228398318E-015
   5.7918059008568233E-015
  -3.0074693165025312E-015
  -5.7541946309843569E-015
  -3.9328738638931221E-015
  -4.0691982960155182E-015
  -8.1300813008047500E-003
  -4.5963963490664227E-015
  -3.0712106271760195E-015
  -8.1300813008053589E-003
  -5.4154354633478973E-017
  -2.9954119970724006E-015
  -4.3024490353099645E-015
  -3.1879201951595880E-015
   4.4284181116453050E-016
   3.4419114052515110E-015
   8.1300813008090885E-003
  -1.4792805107559786E-015
  -2.1990009698508460E-015
  -1.2677033377344955E-015
  -1.4036076694524958E-015
  -4.9088033319665456E-015
   2.3438863557010376E-016
  0.13821138211388867     
  -8.7451130102124646E-016
   1.4504206550960060E-015
  -6.0940040900834251E-016
   1.6260162601765753E-002
   1.1066328157301661E-014
   4.0650406503833510E-002
  -8.1300813008101519E-003
  -1.5709553031597593E-015
   1.3059549722688359E-015
   4.8780487804706493E-002
  -9.9849766129229764E-015
  -5.7353490383436632E-015
  -6.2762430125723725E-016
   8.1300813007990809E-003
   2.2702060395868733E-015
   1.5610026014308245E-015
  -5.9463842491377023E-016
  -1.2369797791925767E-015
   8.1300813007879613E-003
   2.4061317979758626E-015
   1.8246237397223115E-014
  -4.0650406504223205E-002
 -0.19512195121944428     
  -9.5071226296348276E-017
  0.26829268292689284     
   6.8446756168932236E-016
   2.7593007332469187E-015
  -7.4199150651794980E-016
  -1.7903218197404138E-015
   3.2414244752599227E-015
   1.1582498959441894E-015
   8.1300813008123220E-003
  -3.2925385932629022E-015
   7.3256957452817816E-014
   1.1348514195709686E-015
   8.1300813007352882E-003
   1.7716681302476449E-014
   1.6638627461203954E-015
   8.1300813007929226E-003
  -1.2383786754434701E-013
  -6.1285146936767850E-015
  -3.0700140394163936E-015
   1.6999039677445129E-015
  0.11382113821146607     
  -2.4559560446512419E-015
   8.1300813007803181E-003
   1.2536284247319441E-014
   8.1300813007949002E-003
   4.0650406503944622E-002
   8.9024390243620535E-002
  0.18739837398284998     
  -1.4206300107220680E-015
  -2.3384665438886146E-015
   8.9024390243622797E-002
  -5.3545533951515897E-016
 -0.16260162601743053     
  0.35000000000027903     
   1.8778870698778330E-016
  -1.1797891010948735E-014
  -6.2658550130026568E-015
  -8.3333333333153407E-003
  -7.7468334306717508E-014
  -8.3333333332526703E-003
  -3.9828742980221932E-015
   1.1091656805915234E-017
  -3.9580074938522337E-015
   1.2260635315814129E-014
   1.5527340404764544E-015
  -6.6666666666581567E-002
  -1.8848436953195634E-015
   1.7558043928524393E-016
   4.2928798825865738E-016
   8.3333333333257126E-003
   4.9999999999868545E-002
   3.9418069619730577E-016
  -1.6666666666579823E-002
  -2.9898757260681926E-015
   3.9504554905481194E-015
  -1.4686502233825323E-015
  -2.6285621077113408E-015
  -8.3999335661679474E-015
  -2.4218035300366795E-015
  -1.6064650816454583E-015
  -2.4999999999969609E-002
  -1.6304661207169296E-015
   1.1352444865841608E-015
   1.7669122224629351E-015
   1.4328672098176146E-015
  -6.2495514863958549E-016
 -0.15000000000011537     
  0.15000000000007763     
   4.3017868371633246E-015
   6.9187135266326527E-015
  -2.0736170154010006E-015
  -5.3140626084391206E-014
   8.9024390243676088E-002
 -0.35000000000022535     
   3.4992222778609451E-014
   4.1949505521972915E-015
  -1.3020613958087966E-015
  -2.2880369345444746E-014
  -6.6636548379642766E-016
  -5.5450572558048652E-015
  -2.9037522487483639E-016
  -8.3333333333087244E-003
  -2.1565065851556105E-015
  -3.9708610060973527E-015
  -3.6624112227341636E-015
   1.0140652374745928E-015
  -5.1026044069131578E-015
  -8.3333333333248903E-003
  -2.5814101408353187E-015
  -7.3809020317292388E-016
  -1.4055785362899050E-015
   3.6418221583695063E-016
  -2.1143674362809552E-015
  -4.9999999999922509E-002
   2.4999999999949493E-002
   1.6666666666637232E-002
   2.4881827895171706E-015
   1.3036388800414166E-015
   4.1087576235569862E-015
   8.3333333333313522E-003
  -1.6666666666667010E-002
   2.8456279840242193E-015
  -2.7416402471913531E-015
   1.1339340681542143E-015
   1.7612389868348502E-015
  -5.9473294222775904E-016
  -2.5425728395014167E-015
  -1.3517029860704920E-015
  -8.3333333333288368E-003
  -2.7695248691693827E-015
   8.8890086756744894E-016
  -4.1166189687032314E-015
  -1.0526113581004000E-015
  -2.6736412389500872E-016
  -2.4263619060060133E-015
  -1.9621837458398243E-014
  -8.3990074119990720E-016
  -8.3322882491399719E-015
   2.2357723574867393E-002
  -2.4784251807053975E-015
   4.7568974448684284E-015
   8.3333333355758848E-003
   8.3333333332535255E-003
  0.13333333333346536     
   2.2663320596060260E-017
   1.6467281762331714E-015
   1.7322450149782008E-015
   3.2312995725519220E-016
  -6.6659950966027697E-015
  -7.4842049080040889E-016
  -9.6291977129427579E-014
  -4.3629609576677430E-015
  -2.8680908117040657E-015
   2.5148301387128270E-015
  -1.6506812619689444E-015
  -1.1642441660386845E-015
   9.4426056951286812E-016
   8.3845414291585433E-016
   6.0475188283809252E-014
  0.12500000000005884     
  -2.9770008924600516E-015
  -5.0076283631091272E-015
  -4.0254937926890059E-015
  -5.0535799132031606E-016
   8.3333333333020978E-003
   1.8946430642100436E-015
  -5.8333333333029799E-002
   8.6622580070535371E-016
   2.5000000000048379E-002
   5.5589936422566291E-015
   8.3333333329754702E-003
   8.3333333336598099E-003
  -8.3333333333357199E-002
   1.6890404147233404E-015
   2.5657279403052616E-014
   3.0750251180628646E-013
  -4.8475651927368013E-016
   6.4228573554501247E-016
  -3.6196704984111309E-016
  -3.4131543057350498E-015
  -5.3132194968873577E-015
   6.3729406007063422E-016
  -1.6125710335913361E-016
   4.5435556272406072E-015
  0.10000000000010638     
   3.4998102012255514E-015
   2.5916216698044221E-016
  -4.2711232994150076E-015
  -5.7128357586071642E-015
   2.7634297073387478E-017
  -3.1290597092510019E-015
  -7.8596679195424660E-015
   3.6549863783868281E-015
   5.2058728318104356E-015
   3.5416011913570332E-015
   1.4024390241592263E-002
  -5.8333333333468719E-002
   7.5450710382405607E-014
   5.5280744361763808E-015
   2.7043839740137647E-014
   7.9430128762464743E-015
   5.0000000000024900E-002
   7.7583427994952868E-015
   8.3333333333114636E-003
   1.3936519807179837E-014
  -8.8467174420764387E-016
   3.9269220565948837E-017
  -2.0672468471708770E-015
  -2.3664178074855736E-015
  -4.1044201788947969E-015
  -8.3333333333137690E-003
   6.9770208177999984E-016
   7.7282755573106851E-015
  -6.5435211386893359E-016
   1.0709598210982910E-015
   4.2765033694092190E-016
  -1.0975609755997325E-002
  -9.1856445016244920E-014
   2.6422764227565518E-003
  -9.4258946782520485E-016
   3.2100452387715320E-016
   1.8146700749630442E-015
  -2.3435180373599916E-015
  -3.2892805101415082E-015
  -2.3719868829758317E-015
   1.2090335898650772E-015
  -7.8538784447923409E-016
  -3.1757201914311092E-016
   8.3333333332971139E-003
   1.4211778774805190E-015
  -2.8884691351266835E-015
  -1.6666666666624974E-002
  -5.6188799316498327E-015
   1.5856489695881914E-015
   3.0747941339371946E-015
  -2.4858855330273392E-015
   4.0090440256912704E-015
   1.4733902647405618E-015
  -3.1081351039988355E-015
   2.8819516436488512E-015
   3.9682018694283974E-015
   2.5559752191130270E-014
  -8.3333333333593385E-003
  -2.0630232575165767E-015
  -3.8396001230674070E-015
  -3.3192498760450301E-014
  -2.2936947425947761E-015
   1.9822415420798580E-015
  -2.7457703526727909E-015
  -9.0578265132588192E-016
   1.1401962242771918E-015
   8.3333333332999381E-003
  -3.5866948845970347E-015
  -4.9789096225093827E-015
  -1.6666666666659460E-002
   4.0959156786217771E-016
   1.9011249395431556E-015
  -2.7815103498470147E-015
  -8.3333333333297059E-003
  -1.5420772636436871E-015
  -4.0019948947347819E-015
  -1.2278611979597647E-015
  -2.8170353961323449E-016
  -8.3333333333291178E-003
   9.9017415577247914E-016
  -2.2602896433069104E-015
  -2.9366220498958388E-015
  -4.7105441748380329E-015
  -2.1398045073207966E-015
   3.2507085366465681E-016
   1.3151334465852476E-015
  -1.9308943089345738E-002
   7.8961622776913428E-016
   1.0336151079517371E-014
   3.9879984705312580E-015
  -1.8938860926114361E-015
   5.6478099513363589E-016
  -5.8105842220613650E-016
   2.0253609861967828E-014
   2.1756257290179232E-015
  -1.8053831591311754E-015
  -7.7642276422716011E-002
   3.3617676287396376E-015
   2.5000000000023670E-002
   2.4999999999990887E-002
   2.0834225335182551E-015
  -6.0639121247354066E-015
  -4.6605137705032804E-015
  -8.3333333333955890E-003
  -2.5036411542585208E-015
   1.2655285170977770E-016
  -6.4666518492450295E-016
  -8.3333333333300390E-003
  -1.0673504336927879E-015
  -3.1842657753125640E-015
   4.0083220698005610E-015
   5.3039860976740828E-014
  -1.3513233235549983E-015
   3.1137395783542054E-014
   3.3531705196508860E-015
   4.1296511620137991E-016
  -7.0590592769531931E-016
  -8.3333333333018463E-003
  -2.2572447087117637E-012
  -7.8718794509971625E-015
  -5.6910569082860877E-003
  -7.6281544379902182E-015
  -6.4314234933945585E-015
  -1.5651770178196477E-015
  -5.3915044361107313E-015
  -2.5621824627827874E-015
   2.7943006743754528E-015
   7.4696416374913104E-015
  -4.8964729406597361E-015
   7.0995382659567791E-015
  -5.2006794085225977E-015
  -2.5561997130241070E-015
  -3.4851280944215281E-015
  -1.7028698674985288E-015
  -6.0851790980218873E-015
  -8.3333333333293139E-003
  -3.5291763780844281E-015
  -9.2504274152455594E-015
   1.1664286347862723E-015
  -7.5000000000003439E-002
  -2.5770107911951959E-016
   3.4282245200682805E-015
   3.3333333333454306E-002
   3.3333333333210050E-002
  -2.9963210048715695E-015
  -1.1497516832345306E-015
  -2.1698435127561667E-015
   3.2436528983187297E-014
  -4.1844529283669908E-016
  -1.2786267672840793E-013
  -8.3333333332358938E-003
   7.4407580894532553E-016
   6.7716595719605984E-016
   3.4486771435477232E-015
   1.8278702306432658E-015
  -1.2980881440449167E-015
 -0.16930894308945355     
  -3.3333333333339148E-002
  -1.2344554044022884E-017
   1.6666666666668866E-002
   4.5500343698606543E-015
   8.3333333333341815E-003
   8.3333333333383327E-003
   5.4803408388414064E-015
   3.7470002709524441E-015
  -8.3333333333310885E-003
  -3.5034202967371589E-015
   1.3231954782060685E-015
  -3.4427787836814665E-015
  -9.7691984655708199E-016
   5.1426492641181983E-016
   8.3333333333124107E-003
  -2.4999999999984882E-002
   8.3348915878279399E-015
   1.3231954781857437E-015
  -3.8387363193786196E-016
  -1.0661103649681580E-015
   2.8294672861690255E-015
  -1.5843275533022945E-015
   6.3993210604225668E-016
   2.4718162689287800E-015
  -2.5569282228869523E-015
  -2.2884124038261885E-014
   8.3333333333336750E-003
  -5.6475667785216648E-016
   4.7331123473354208E-015
  -1.8535433275181571E-015
   3.7926719657125913E-015
  -2.5279006199430795E-015
   3.1860790317637455E-015
  -8.3333333333254680E-003
   7.5245787583679840E-015
  -1.0956312223242059E-015
   1.5581140453805063E-015
  -3.4875753668929986E-015
  -1.9578610368237836E-014
  -3.2268262261833993E-014
  -8.3333333333185829E-003
  -4.7007612354217886E-017
   3.7514807739987736E-014
   8.6694168410583177E-017
  -8.3333333333202725E-003
  -4.2754253217908706E-015
  -3.1447910334989718E-015
  -3.6456406115268558E-015
  -1.4073865276649711E-014
  -5.4567977425790642E-015
   6.3505415661923969E-015
   7.8277988453802776E-016
   8.3333333332742711E-003
  -1.6666666666610215E-002
   3.1966578870544050E-015
   1.8009835817001290E-015
   1.6846350427765691E-015
   1.6581973634053791E-015
  -1.0102813544634303E-015
  -1.9935067421067119E-015
   1.9727231354195605E-015
   4.7284273698268455E-016
  -3.5932717098533499E-014
   9.2321110106656976E-017
  -2.4069209701234131E-014
  -9.4904272963252102E-016
  -8.3333333334195819E-003
  -6.7460633044203876E-015
  -3.6691363349248774E-018
  -2.8837417296372457E-015
  -3.8006639245286452E-015
  -2.2731502660059000E-015
   9.4711068089522499E-016
   9.2565528727391160E-014
   2.5163131533592450E-016
  -1.3934542255103574E-013
  -2.4999999999811034E-002
  -1.1347141950079283E-015
   7.6769420090827694E-015
   3.2391564270762730E-015
   2.7780469704210486E-015
   2.7754218232267004E-015
   9.8278246525400544E-016
  0.15833333333306873     
   1.7474917965159508E-015
   2.6203906476342696E-016
   1.1645561259288516E-015
 -0.17500000000048246     
  -6.1655110051793464E-016
   3.5609547981501262E-015
   5.1586352344525759E-013
   4.7389545841100144E-015
   8.6659833972147878E-016
  -8.1586539642519134E-016
   3.0987641957252946E-016
   1.1397018069103746E-015
   8.0625654870547448E-015
   4.3312780341734907E-015
   2.5000000000000688E-002
   8.3333333332831321E-003
   9.1666666666627830E-002
   5.8333333333092756E-002
   8.3333333335180587E-003
  -8.3333333333266063E-002
   2.6505190941086918E-015
   8.4727282149139553E-018
   1.6666666666656556E-002
  -1.7841715740752158E-016
   8.3333333331164772E-003
  -1.8471981015201912E-016
   2.1861516093381473E-013
  -2.2831706847385363E-015
  -3.0172721167249968E-015
  -3.7344599116733763E-015
  -9.1666666666730928E-002
  -1.0619332626036941E-015
   3.5636172863596387E-015
   1.8645953493167475E-015
 -0.10000000000007112     
  -1.1585973139766589E-015
   1.4610278300609154E-015
   2.2642438524409870E-016
  -1.4041831734746356E-015
  -2.8465404703615419E-015
  -5.0284896465214554E-015
  -2.5297380589532758E-015
  -1.9980088270160923E-015
  -8.3333333333250742E-003
  -4.1672554892484591E-015
   8.3333333333308370E-003
  -3.7789200782658907E-015
  -1.6666666666666708E-002
   2.3952369770035501E-015
  -2.5759703944370301E-015
  -7.5676022478393904E-016
   1.8426000454174628E-015
   4.0578688564863989E-016
   4.6058105520688241E-016
  -3.8350338643717476E-015
  -2.3421467698390457E-015
   3.7401158228397906E-017
  -2.3511594694949395E-015
  -3.2520325203227701E-002
  -1.4330325762325593E-015
 -0.18699186991873137     
   1.0630540207976339E-015
  0.21951219512195913     
   3.5116124611440801E-015
   1.8700005099319567E-015
  -1.6592529150224152E-015
  -2.6490338894656849E-015
  -4.1666666666631526E-002
   1.6666666666668203E-002
   1.6666666666626799E-002
   3.9950874139716572E-015
  -8.3333333333300407E-003
  -4.2999703034518160E-016
   1.9203661004731633E-016
  -2.4904168750409996E-015
  -1.6666666666664567E-002
  -4.9309229700731601E-015
   1.0149655749350704E-015
   5.2183881070327474E-015
 -0.30833333333341095     
   9.4326552052107631E-017
   2.5283156110480597E-015
   3.3333333332855167E-002
   3.3130081300711059E-002
  -9.0012769235178696E-017
 -0.34146341463412189     
 -0.21951219512197681     
  0.25264227642268794     
  -8.7168818686042678E-015
 -0.21951219512196810     
   1.7429230588624568E-015
   2.8809366733758273E-015
   2.1966525105272626E-015
   3.5588566372709004E-015
 -0.34146341463413771     
  -1.5439447808426945E-015
  0.34146341463413926     
   3.4871048032184318E-016
 -0.34146341463413032     
  -6.1282164091765316E-016
   9.1657130437799365E-015
   8.3333333328394453E-003
   8.3333333332953567E-003
   8.3333333333899702E-003
   1.6756506290376753E-015
  -3.2386356069773782E-015
  -2.1829409611928971E-015
  -3.6712140573780726E-014
  -1.4172715693160660E-015
  -8.8624773805882805E-016
  -3.3333333333339397E-002
   3.0003705814249592E-014
   8.3333333332884126E-003
   9.3233801446583313E-016
  -1.4181803063378261E-015
  -2.5233897295991334E-015
   2.3071296770288944E-015
   2.5000000000093635E-002
   1.2712917885080411E-014
   1.1446568736387116E-016
   1.3342889955983259E-014
   1.0125031574319460E-015
  -1.4745078918801407E-015
  -3.3840356773734159E-015
   1.3221078112023051E-013
  -2.8305950683606673E-015
   1.1446568754905342E-016
  -1.5637229939256195E-015
   2.0346894645865438E-015
  -3.6246503223410055E-014
  -8.3333333332967670E-003
   1.9508049627994969E-015
   1.9589862748928575E-015
  -2.1402630585851808E-015
  -8.3333333333219812E-003
  -2.2611383709087672E-015
  -1.4809701303839337E-015
   8.3333333333307277E-003
  -1.6666666666532253E-002
   2.4999999999853369E-002
   2.2378022878029464E-014
  -2.0763578115877492E-016
