           1        1161
 time 0.0
        1161
           1   1.0000000000000001E-015
           2   1.0000000000000001E-015
           3   1.0000000000000001E-015
           4   1.0000000000000001E-015
           5   1.0000000000000001E-015
           6   4.1193925474986128E-003
           7   1.0000000000000001E-015
           8   7.0732909796899978E-003
           9   1.0000000000000001E-015
          10   1.0000000000000001E-015
          11   7.0732909800270485E-003
          12   4.1193925477398079E-003
          13   9.7561215438527637E-015
          14   1.0000000000000001E-015
          15   1.0000000000000001E-015
          16   1.0000000000000001E-015
          17   1.0000000000000001E-015
          18   1.0000000000000001E-015
          19   4.1193925472710795E-003
          20   1.0000000000000001E-015
          21   1.0000000000000001E-015
          22   1.0000000000000001E-015
          23   1.0000000000000001E-015
          24   1.0000000000000001E-015
          25   1.7823576394789088E-002
          26   1.0000000000000001E-015
          27   1.0000000000000001E-015
          28   1.6895005543247675E-003
          29   1.0000000000000001E-015
          30   1.0000000000000001E-015
          31   1.0000000000000001E-015
          32   1.0000000000000001E-015
          33   1.0000000000000001E-015
          34   1.0000000000000001E-015
          35   1.0000000000000001E-015
          36   4.2572746243702405E-003
          37   1.0000000000000001E-015
          38   5.4846827859260368E-015
          39   1.0000000000000001E-015
          40   2.0410632962123466E-014
          41   7.3100443453855794E-003
          42   1.0004980518895330E-015
          43   1.0000000000000001E-015
          44   1.0000000000000001E-015
          45   1.9481794019677202E-015
          46   1.0000000000000001E-015
          47   4.2572746244052950E-003
          48   4.2572746244245738E-003
          49   1.0000000000000001E-015
          50   1.0000000000000001E-015
          51   1.0000000000000001E-015
          52   1.0000000000000001E-015
          53   1.0000000000000001E-015
          54   1.0000000000000001E-015
          55   3.8268713494193601E-015
          56   1.3236754106806664E-002
          57   1.0000000000000001E-015
          58   1.0000000000000001E-015
          59   1.0000000000000001E-015
          60   2.5613008956019045E-002
          61   1.0000000000000001E-015
          62   1.0000000000000001E-015
          63   1.0000000000000001E-015
          64   1.0000000000000001E-015
          65   1.0000000000000001E-015
          66   1.0000000000000001E-015
          67   1.0000000000000001E-015
          68   1.6895005543304947E-003
          69   2.3783639230996668E-015
          70   1.0000000000000001E-015
          71   1.0000000000000001E-015
          72   1.6895005543223352E-003
          73   1.0000000000000001E-015
          74   4.2572746243969110E-003
          75   1.0000000000000001E-015
          76   1.0000000000000001E-015
          77   1.0000000000000001E-015
          78   1.6895005543178534E-003
          79   1.0000000000000001E-015
          80   1.0334773317547097E-015
          81   1.0000000000000001E-015
          82   1.0000000000000001E-015
          83   1.0000000000000001E-015
          84   1.6895005543222346E-003
          85   1.6895005543230469E-003
          86   5.4531152553466505E-015
          87   2.9897647167135532E-015
          88   1.0000000000000001E-015
          89   3.9111013350521734E-015
          90   1.0000000000000001E-015
          91   1.0000000000000001E-015
          92   1.0000000000000001E-015
          93   1.0000000000000001E-015
          94   1.8783657709236040E-015
          95   1.0000000000000001E-015
          96   7.3100443455088281E-003
          97   1.0000000000000001E-015
          98  0.10615521193906935     
          99   1.0000000000000001E-015
         100  0.13899650914045089     
         101   1.0000000000000001E-015
         102   1.6895005543102640E-003
         103   1.0000000000000001E-015
         104   1.0000000000000001E-015
         105   1.0000000000000001E-015
         106   1.0000000000000001E-015
         107   4.2572746244122312E-003
         108   1.6347820158429437E-003
         109   1.0000000000000001E-015
         110   1.0000000000000001E-015
         111   1.0000000000000001E-015
         112   1.0000000000000001E-015
         113   1.0000000000000001E-015
         114   1.0000000000000001E-015
         115   4.1193925475212527E-003
         116   1.0000000000000001E-015
         117   1.0000000000000001E-015
         118   4.2581464078315711E-015
         119   1.0000000000000001E-015
         120   1.0000000000000001E-015
         121   1.6347820158432792E-003
         122   1.0000000000000001E-015
         123   1.0000000000000001E-015
         124   1.0000000000000001E-015
         125   1.0000000000000001E-015
         126   1.0000000000000001E-015
         127   1.0000000000000001E-015
         128   1.6347820158416075E-003
         129   1.0000000000000001E-015
         130   1.0000000000000001E-015
         131   1.0000000000000001E-015
         132   1.0000000000000001E-015
         133   1.0000000000000001E-015
         134   1.0000000000000001E-015
         135   1.0000000000000001E-015
         136   1.6347820158489348E-003
         137   1.0000000000000001E-015
         138   2.8013444051858184E-015
         139   1.0000000000000001E-015
         140   1.0000000000000001E-015
         141   1.0000000000000001E-015
         142   1.0000000000000001E-015
         143   2.6732629341908573E-015
         144   1.6347820158388565E-003
         145   9.2373212993702142E-015
         146   8.9628212387550486E-015
         147   1.6347820158430415E-003
         148   1.0000000000000001E-015
         149   1.0000000000000001E-015
         150   1.0000000000000001E-015
         151   1.0000000000000001E-015
         152   3.7893322022278023E-014
         153   1.0000000000000001E-015
         154   1.0000000000000001E-015
         155   1.0000000000000001E-015
         156   1.0000000000000001E-015
         157   1.0000000000000001E-015
         158   1.0000000000000001E-015
         159   1.0000000000000001E-015
         160   1.0000000000000001E-015
         161   1.0000000000000001E-015
         162   1.0000000000000001E-015
         163   1.6347820156586369E-003
         164   1.0380218766710022E-002
         165   1.0380218766752098E-002
         166   1.5400725836679596E-015
         167   1.0000000000000001E-015
         168   1.0000000000000001E-015
         169   1.0000000000000001E-015
         170   1.0000000000000001E-015
         171   1.0000000000000001E-015
         172   1.0000000000000001E-015
         173   1.0000000000000001E-015
         174   3.0604352628302241E-002
         175   1.0000000000000001E-015
         176   1.0000000000000001E-015
         177   1.0000000000000001E-015
         178   1.0000000000000001E-015
         179   1.1964194569203477E-015
         180   7.0732909796393482E-003
         181   1.0000000000000001E-015
         182   1.0000000000000001E-015
         183   4.1193925474651283E-003
         184   1.6347820158685137E-003
         185   1.0000000000000001E-015
         186   1.0000000000000001E-015
         187   1.0000000000000001E-015
         188   2.0406243567341145E-014
         189   1.0000000000000001E-015
         190   4.1331571553761805E-002
         191   1.0000000000000001E-015
         192  0.11696070952868085     
         193   1.0000000000000001E-015
         194   5.1643556358419149E-002
         195   1.0000000000000001E-015
         196   5.0791416534749879E-015
         197   1.0000000000000001E-015
         198   4.1193925475024647E-003
         199   1.0000000000000001E-015
         200   1.0000000000000001E-015
         201   7.4664956812058387E-015
         202   1.0000000000000001E-015
         203   1.6347820158323413E-003
         204   1.0000000000000001E-015
         205   1.0000000000000001E-015
         206   1.2671653239180517E-015
         207   1.0000000000000001E-015
         208   7.0732909796732057E-003
         209   1.0000000000000001E-015
         210   1.0000000000000001E-015
         211   1.6347820158435326E-003
         212   1.0380218766812489E-002
         213   2.1148245154073511E-015
         214   2.6156512253744903E-002
         215   1.0000000000000001E-015
         216   1.0000000000000001E-015
         217   1.0000000000000001E-015
         218   1.0000000000000001E-015
         219   4.9970955589696810E-002
         220   1.0000000000000001E-015
         221   1.0000000000000001E-015
         222   1.0000000000000001E-015
         223   1.0000000000000001E-015
         224   1.0000000000000001E-015
         225   1.0000000000000001E-015
         226   6.0597727881693155E-015
         227   1.0000000000000001E-015
         228   1.0000000000000001E-015
         229   1.0000000000000001E-015
         230   7.0732909795391246E-003
         231   1.0000000000000001E-015
         232   4.1193925473331297E-003
         233   1.0000000000000001E-015
         234   1.0000000000000001E-015
         235   1.0000000000000001E-015
         236   8.3938221667621433E-015
         237   1.0000000000000001E-015
         238   1.0000000000000001E-015
         239   1.0000000000000001E-015
         240   1.0000000000000001E-015
         241   3.0859466449936207E-015
         242   1.6347820158307089E-003
         243   1.7823576394904297E-002
         244   1.0000000000000001E-015
         245   1.6347820158442181E-003
         246   1.0000000000000001E-015
         247   1.0000000000000001E-015
         248   1.0000000000000001E-015
         249   4.1193925475051458E-003
         250   1.0000000000000001E-015
         251   1.0000000000000001E-015
         252   1.0000000000000001E-015
         253   1.0000000000000001E-015
         254   1.0000000000000001E-015
         255   1.0000000000000001E-015
         256   4.1193925475064520E-003
         257   1.6347820158449133E-003
         258   1.0000000000000001E-015
         259   1.0000000000000001E-015
         260   1.0000000000000001E-015
         261   1.0000000000000001E-015
         262   1.0000000000000001E-015
         263   1.0000000000000001E-015
         264   1.0000000000000001E-015
         265   1.6347820158415327E-003
         266   1.0000000000000001E-015
         267   1.0000000000000001E-015
         268   4.1193925475003770E-003
         269   1.0000000000000001E-015
         270   1.0000000000000001E-015
         271   1.0000000000000001E-015
         272   1.0000000000000001E-015
         273   1.0568023605351551E-015
         274   1.0000000000000001E-015
         275   1.8239447625168573E-015
         276   1.0000000000000001E-015
         277   1.0000000000000001E-015
         278   1.0000000000000001E-015
         279   1.0000000000000001E-015
         280   1.0000000000000001E-015
         281   1.0000000000000001E-015
         282   1.0000000000000001E-015
         283   1.0000000000000001E-015
         284   1.6347820148567152E-003
         285   1.7867912379890513E-013
         286   1.0000000000000001E-015
         287   1.6347820159299605E-003
         288   4.1577777818178877E-014
         289   1.0000000000000001E-015
         290   1.0000000000000001E-015
         291   1.0000000000000001E-015
         292   1.0000000000000001E-015
         293   1.0000000000000001E-015
         294   1.0000000000000001E-015
         295   1.0000000000000001E-015
         296   1.0000000000000001E-015
         297   1.0000000000000001E-015
         298   4.1193925474561658E-003
         299   1.1599948997050233E-015
         300   7.0732909796455534E-003
         301   1.0000000000000001E-015
         302   1.0000000000000001E-015
         303   2.6156512253270169E-002
         304   9.9263106007628664E-015
         305   1.0000000000000001E-015
         306   1.0000000000000001E-015
         307   1.0000000000000001E-015
         308   3.5220310855761501E-002
         309   1.0000000000000001E-015
         310   1.0000000000000001E-015
         311   1.0649952143824215E-015
         312   1.6347820158417309E-003
         313   1.0000000000000001E-015
         314   1.0000000000000001E-015
         315   1.0000000000000001E-015
         316   1.2455673610302081E-015
         317   1.6347820158025808E-003
         318   1.0000000000000001E-015
         319   1.0000000000000001E-015
         320   4.1193925475011732E-003
         321   1.0000000000000001E-015
         322   1.0000000000000001E-015
         323   1.0000000000000001E-015
         324   1.0000000000000001E-015
         325   1.0000000000000001E-015
         326   1.0000000000000001E-015
         327   1.6347820158417307E-003
         328   1.0000000000000001E-015
         329   1.0000000000000001E-015
         330   1.0000000000000001E-015
         331   1.0000000000000001E-015
         332   1.0000000000000001E-015
         333   1.6347820158405433E-003
         334   1.0000000000000001E-015
         335   1.0000000000000001E-015
         336   1.0000000000000001E-015
         337   1.0000000000000001E-015
         338   1.6347820158442981E-003
         339   1.0000000000000001E-015
         340   1.0000000000000001E-015
         341   1.0000000000000001E-015
         342   1.6347820158441487E-003
         343   1.0000000000000001E-015
         344   1.0000000000000001E-015
         345   1.6068279631443046E-015
         346   1.0000000000000001E-015
         347   1.0000000000000001E-015
         348   1.0000000000000001E-015
         349   1.0000000000000001E-015
         350   1.6347820158377571E-003
         351   1.0000000000000001E-015
         352   2.7509188900988525E-015
         353   1.4974017363459118E-014
         354   1.0000000000000001E-015
         355   1.0000000000000001E-015
         356   1.0000000000000001E-015
         357   1.6347820157965411E-003
         358   1.0000000000000001E-015
         359   1.0000000000000001E-015
         360   1.0000000000000001E-015
         361   1.6347820158092207E-003
         362   1.3977189625637421E-002
         363   1.0000000000000001E-015
         364   1.0000000000000001E-015
         365   1.0000000000000001E-015
         366   7.0732909797015442E-003
         367   1.0000000000000001E-015
         368   1.0000000000000001E-015
         369   3.5220310855872516E-002
         370   1.0000000000000001E-015
         371   1.0000000000000001E-015
         372   1.0000000000000001E-015
         373   1.0000000000000001E-015
         374   1.7823576394713370E-002
         375   1.0000000000000001E-015
         376   1.0000000000000001E-015
         377   1.0380218766776928E-002
         378   1.0000000000000001E-015
         379   1.0000000000000001E-015
         380   1.0000000000000001E-015
         381   1.0000000000000001E-015
         382   1.3977189625786632E-002
         383   1.0000000000000001E-015
         384   1.0000000000000001E-015
         385   1.0000000000000001E-015
         386   1.0000000000000001E-015
         387   1.0000000000000001E-015
         388   2.4194026394249482E-015
         389   1.0000000000000001E-015
         390   1.6347820158398143E-003
         391   1.0000000000000001E-015
         392   1.0000000000000001E-015
         393   7.0732909797014938E-003
         394   1.0000000000000001E-015
         395   3.9035702491120357E-015
         396   1.0000000000000001E-015
         397   1.0000000000000001E-015
         398   1.0000000000000001E-015
         399   4.1193925474981843E-003
         400   1.0000000000000001E-015
         401   1.0000000000000001E-015
         402   1.0000000000000001E-015
         403   7.0732909796902945E-003
         404   1.6347820158366098E-003
         405   1.0000000000000001E-015
         406   3.5220310855761980E-002
         407   1.0000000000000001E-015
         408   1.0000000000000001E-015
         409   1.0000000000000001E-015
         410   1.0000000000000001E-015
         411   1.0000000000000001E-015
         412   1.0000000000000001E-015
         413   3.2573079495990564E-015
         414   1.0000000000000001E-015
         415   1.0380218766787366E-002
         416   1.6347820158439769E-003
         417   1.0000000000000001E-015
         418   1.0000000000000001E-015
         419   1.0000000000000001E-015
         420   1.0000000000000001E-015
         421   1.0000000000000001E-015
         422   1.0000000000000001E-015
         423   1.0000000000000001E-015
         424   1.0000000000000001E-015
         425   1.1933645637775882E-014
         426   1.0000000000000001E-015
         427   1.5985335363605820E-014
         428   1.6347820158317560E-003
         429   1.0000000000000001E-015
         430   1.6347820158173925E-003
         431   1.6347820158370038E-003
         432   4.1193925474966326E-003
         433   1.0000000000000001E-015
         434   7.0732909796425072E-003
         435   1.0000000000000001E-015
         436   1.0000000000000001E-015
         437   1.6347820158395597E-003
         438   1.0000000000000001E-015
         439   1.6347820158103877E-003
         440   1.0000000000000001E-015
         441   1.0000000000000001E-015
         442   3.5164470648188905E-015
         443   1.0000000000000001E-015
         444   1.0000000000000001E-015
         445   1.2926642959636019E-015
         446   1.6347820158429435E-003
         447   4.1193925474926618E-003
         448   3.8070195982192792E-015
         449   1.0000000000000001E-015
         450   1.0000000000000001E-015
         451   2.1890578465787718E-002
         452   1.0000000000000001E-015
         453   1.1529665887815875E-015
         454   1.0000000000000001E-015
         455   1.6347820158229749E-003
         456   4.4584812513572237E-015
         457   1.0000000000000001E-015
         458   1.0380218766798271E-002
         459   1.0000000000000001E-015
         460   1.7114220568744157E-014
         461   1.0000000000000001E-015
         462   1.0000000000000001E-015
         463   1.0000000000000001E-015
         464   1.3977189625978628E-002
         465   1.0000000000000001E-015
         466   1.0000000000000001E-015
         467   1.0000000000000001E-015
         468   1.1934371767899140E-015
         469   1.6347820158290360E-003
         470   1.0000000000000001E-015
         471   1.6347820157647775E-003
         472   1.0000000000000001E-015
         473   1.0000000000000001E-015
         474   1.0000000000000001E-015
         475   4.1193925474054946E-003
         476   1.0000000000000001E-015
         477   5.5413565898315952E-015
         478   1.0000000000000001E-015
         479   4.1193925474770892E-003
         480   1.4294204119640157E-015
         481   1.6347820158383829E-003
         482   1.9283723928162056E-015
         483   1.0000000000000001E-015
         484   1.0000000000000001E-015
         485   1.7056112569938186E-015
         486   1.0000000000000001E-015
         487   1.0000000000000001E-015
         488   1.0000000000000001E-015
         489   1.0000000000000001E-015
         490   1.0000000000000001E-015
         491   4.1193925475173877E-003
         492   1.0000000000000001E-015
         493   1.0000000000000001E-015
         494   1.6347820158444262E-003
         495   1.0000000000000001E-015
         496   1.0000000000000001E-015
         497   1.0000000000000001E-015
         498   1.0000000000000001E-015
         499   1.6347820157208350E-003
         500   1.0000000000000001E-015
         501   1.0000000000000001E-015
         502   1.9214921061249810E-014
         503   1.0000000000000001E-015
         504   1.0000000000000001E-015
         505   4.9196286884846024E-014
         506   1.6347820156624893E-003
         507   1.2660913095330896E-014
         508   1.0000000000000001E-015
         509   1.0000000000000001E-015
         510   4.6123092028749290E-015
         511   1.0000000000000001E-015
         512   1.0000000000000001E-015
         513   1.0000000000000001E-015
         514   1.0000000000000001E-015
         515   1.0000000000000001E-015
         516   1.0000000000000001E-015
         517   1.6347820158583196E-003
         518   1.0000000000000001E-015
         519   1.0000000000000001E-015
         520   1.0000000000000001E-015
         521   1.6347820158261611E-003
         522   1.0000000000000001E-015
         523   1.0000000000000001E-015
         524   1.0000000000000001E-015
         525   1.0000000000000001E-015
         526   1.0000000000000001E-015
         527   1.0000000000000001E-015
         528   1.0000000000000001E-015
         529   1.6347820158499006E-003
         530   1.0000000000000001E-015
         531   1.3387509217997654E-015
         532   1.0000000000000001E-015
         533   1.0000000000000001E-015
         534   7.0732909796617834E-003
         535   1.0000000000000001E-015
         536   1.7234925113493149E-015
         537   1.0000000000000001E-015
         538   1.0000000000000001E-015
         539   1.0380218766733841E-002
         540   1.0000000000000001E-015
         541   5.5160801207806393E-002
         542   1.0000000000000001E-015
         543   1.0000000000000001E-015
         544   1.0000000000000001E-015
         545   1.0000000000000001E-015
         546   1.0000000000000001E-015
         547   1.0000000000000001E-015
         548   1.0000000000000001E-015
         549   1.0000000000000001E-015
         550  0.10692935966474536     
         551   1.0000000000000001E-015
         552   7.1459243335418143E-002
         553   1.0000000000000001E-015
         554   1.0000000000000001E-015
         555   1.0000000000000001E-015
         556   1.6347820158523539E-003
         557   1.0000000000000001E-015
         558  0.14565448051473109     
         559   7.6243051908520703E-015
         560   1.6347820158430140E-003
         561   7.0732909796566990E-003
         562   1.3977189625768350E-002
         563   1.0000000000000001E-015
         564   1.6347820158198829E-003
         565   1.0000000000000001E-015
         566   1.0000000000000001E-015
         567   1.0000000000000001E-015
         568   1.0000000000000001E-015
         569   1.0000000000000001E-015
         570   1.5044579575760560E-015
         571   1.0000000000000001E-015
         572   1.0000000000000001E-015
         573   1.6347820158391828E-003
         574   1.0000000000000001E-015
         575   1.0000000000000001E-015
         576   1.6347820158400075E-003
         577   1.0000000000000001E-015
         578   1.0000000000000001E-015
         579   1.0000000000000001E-015
         580   1.0000000000000001E-015
         581   1.0000000000000001E-015
         582   1.0000000000000001E-015
         583   1.6347820158434073E-003
         584   1.0000000000000001E-015
         585   1.0000000000000001E-015
         586   1.0000000000000001E-015
         587   1.0000000000000001E-015
         588   1.0000000000000001E-015
         589   1.0000000000000001E-015
         590   7.1459243335536327E-002
         591   1.0000000000000001E-015
         592   1.0000000000000001E-015
         593   1.0000000000000001E-015
         594   4.1193925476501582E-003
         595   2.8580088607932543E-015
         596   1.3977189625459779E-002
         597   1.6347820158436157E-003
         598   1.0000000000000001E-015
         599   1.0000000000000001E-015
         600   1.7823576394455844E-002
         601   1.7691639648798516E-015
         602   1.0000000000000001E-015
         603   1.0000000000000001E-015
         604   1.6347820158355126E-003
         605   1.0000000000000001E-015
         606   1.0000000000000001E-015
         607   1.0000000000000001E-015
         608   1.0000000000000001E-015
         609   1.6347820158271226E-003
         610   1.0000000000000001E-015
         611   2.8428629352342302E-015
         612   1.3977189625999781E-002
         613  0.11317265567500105     
         614   1.0000000000000001E-015
         615  0.17303944145033709     
         616   1.0000000000000001E-015
         617   1.0000000000000001E-015
         618   1.0000000000000001E-015
         619   1.0000000000000001E-015
         620   1.0000000000000001E-015
         621   1.0000000000000001E-015
         622   1.6347820158448827E-003
         623   1.0000000000000001E-015
         624   1.5002539181693012E-014
         625   1.0000000000000001E-015
         626   1.6347820157830370E-003
         627   3.7217004019251358E-015
         628   1.0000000000000001E-015
         629   1.6347820158300380E-003
         630   3.1155215861836667E-014
         631   1.2236797505344784E-015
         632   1.0646295146501597E-015
         633   1.0000000000000001E-015
         634   5.5160801207600550E-002
         635   1.0000000000000001E-015
         636   1.6347820158191877E-003
         637   1.7100429537110612E-015
         638   1.6347820158309650E-003
         639   1.3977189625611871E-002
         640   3.9750751509612638E-002
         641  0.10723941207855177     
         642   1.0000000000000001E-015
         643   1.0000000000000001E-015
         644   3.9750751509616634E-002
         645   1.0456128174222313E-015
         646   8.8749622064614800E-002
         647  0.24665545562300478     
         648   1.0000000000000001E-015
         649   2.2975130416346957E-015
         650   1.0465535220563361E-015
         651   1.6895005543113338E-003
         652   1.6563934995106304E-014
         653   1.6895005542607018E-003
         654   1.0000000000000001E-015
         655   1.4735919740669708E-015
         656   1.0000000000000001E-015
         657   2.9014817265074726E-015
         658   1.0000000000000001E-015
         659   2.7032008869083163E-002
         660   1.0000000000000001E-015
         661   1.0000000000000001E-015
         662   1.0000000000000001E-015
         663   1.6895005543208449E-003
         664   1.8420157493013227E-002
         665   1.0000000000000001E-015
         666   4.2572746243205416E-003
         667   1.0000000000000001E-015
         668   1.0000000000000001E-015
         669   1.0000000000000001E-015
         670   1.0000000000000001E-015
         671   1.6527401692364032E-015
         672   1.0000000000000001E-015
         673   1.0000000000000001E-015
         674   7.3100443455020149E-003
         675   1.0000000000000001E-015
         676   1.0000000000000001E-015
         677   1.0000000000000001E-015
         678   1.0000000000000001E-015
         679   2.3657749532503583E-015
         680   7.9699392688908327E-002
         681   7.9699392688828266E-002
         682   2.3289214427808685E-015
         683   1.0000000000000001E-015
         684   1.0000000000000001E-015
         685   1.3934301207689137E-014
         686   3.9750751509711461E-002
         687  0.24665545562285363     
         688   8.6769190524406236E-015
         689   1.8163715162689266E-015
         690   1.0000000000000001E-015
         691   9.9197180386504930E-015
         692   1.0000000000000001E-015
         693   1.0000000000000001E-015
         694   1.0000000000000001E-015
         695   1.6895005543080387E-003
         696   1.0000000000000001E-015
         697   1.0000000000000001E-015
         698   1.0000000000000001E-015
         699   1.0000000000000001E-015
         700   1.0000000000000001E-015
         701   1.6895005543210865E-003
         702   1.0000000000000001E-015
         703   1.0000000000000001E-015
         704   1.0000000000000001E-015
         705   1.0000000000000001E-015
         706   1.0000000000000001E-015
         707   1.8420157493086960E-002
         708   7.3100443454748188E-003
         709   4.2572746243779019E-003
         710   1.0000000000000001E-015
         711   1.0000000000000001E-015
         712   1.0000000000000001E-015
         713   1.6895005543244067E-003
         714   4.2572746244085996E-003
         715   1.0000000000000001E-015
         716   1.0000000000000001E-015
         717   1.0000000000000001E-015
         718   1.0000000000000001E-015
         719   1.0000000000000001E-015
         720   1.0000000000000001E-015
         721   1.0000000000000001E-015
         722   1.6895005543231189E-003
         723   1.0000000000000001E-015
         724   1.0000000000000001E-015
         725   1.0000000000000001E-015
         726   1.0000000000000001E-015
         727   1.0000000000000001E-015
         728   1.0000000000000001E-015
         729   3.3171200292392475E-015
         730   1.0000000000000001E-015
         731   1.0000000000000001E-015
         732   6.2984948173372456E-003
         733   1.0000000000000001E-015
         734   1.0000000000000001E-015
         735   1.6895005561415074E-003
         736   1.6895005542621345E-003
         737   6.8116393990779650E-002
         738   1.0000000000000001E-015
         739   1.0000000000000001E-015
         740   1.0000000000000001E-015
         741   1.0062429739617228E-015
         742   1.0000000000000001E-015
         743   1.0000000000000001E-015
         744   2.0233036946997069E-014
         745   1.0000000000000001E-015
         746   1.0000000000000001E-015
         747   1.0000000000000001E-015
         748   1.0000000000000001E-015
         749   1.0000000000000001E-015
         750   1.0000000000000001E-015
         751   1.0000000000000001E-015
         752   8.8232224301318843E-015
         753   6.2500000000094258E-002
         754   1.0000000000000001E-015
         755   1.0000000000000001E-015
         756   1.0000000000000001E-015
         757   1.0000000000000001E-015
         758   1.6895005543015587E-003
         759   1.0000000000000001E-015
         760   2.2623288055294847E-002
         761   1.0000000000000001E-015
         762   7.3100443455887945E-003
         763   1.0000000000000001E-015
         764   1.6895005540357030E-003
         765   1.6895005545892738E-003
         766   3.6399186030713931E-002
         767   1.0260198939609657E-015
         768   4.7518019976001503E-015
         769   8.5862245054471684E-014
         770   1.0000000000000001E-015
         771   1.0000000000000001E-015
         772   1.0000000000000001E-015
         773   1.0000000000000001E-015
         774   1.0000000000000001E-015
         775   1.0000000000000001E-015
         776   1.0000000000000001E-015
         777   1.0000000000000001E-015
         778   4.6415888336320030E-002
         779   1.2035297321542676E-015
         780   1.0000000000000001E-015
         781   1.0000000000000001E-015
         782   1.0000000000000001E-015
         783   1.0000000000000001E-015
         784   1.0000000000000001E-015
         785   1.0000000000000001E-015
         786   1.0000000000000001E-015
         787   1.0000000000000001E-015
         788   9.5013006609796862E-015
         789   3.3820393035731587E-003
         790   2.2623288055967170E-002
         791   2.3720462396916460E-014
         792   1.0000000000000001E-015
         793   4.3712804946043092E-015
         794   1.0000000000000001E-015
         795   1.8420157493229679E-002
         796   1.0000000000000001E-015
         797   1.6895005543075589E-003
         798   1.7957354102467035E-015
         799   1.0000000000000001E-015
         800   1.0000000000000001E-015
         801   1.0000000000000001E-015
         802   1.0000000000000001E-015
         803   1.0129326021205642E-015
         804   1.6895005543107395E-003
         805   1.0000000000000001E-015
         806   2.2328252440811306E-015
         807   1.0000000000000001E-015
         808   1.0000000000000001E-015
         809   1.0000000000000001E-015
         810   2.4391483180189193E-003
         811   3.6657754701547034E-014
         812   3.6528990133941872E-004
         813   1.0000000000000001E-015
         814   1.0000000000000001E-015
         815   1.0000000000000001E-015
         816   1.0000000000000001E-015
         817   1.0000000000000001E-015
         818   1.0000000000000001E-015
         819   1.0000000000000001E-015
         820   1.0000000000000001E-015
         821   1.0000000000000001E-015
         822   1.6895005542974094E-003
         823   1.0000000000000001E-015
         824   1.0000000000000001E-015
         825   4.2572746243672863E-003
         826   1.4087343159253188E-015
         827   1.0000000000000001E-015
         828   1.0000000000000001E-015
         829   1.0000000000000001E-015
         830   1.0000000000000001E-015
         831   1.0000000000000001E-015
         832   1.0000000000000001E-015
         833   1.0000000000000001E-015
         834   1.0000000000000001E-015
         835   5.9879165469344040E-015
         836   1.6895005543469794E-003
         837   1.0000000000000001E-015
         838   1.0000000000000001E-015
         839   5.5230248545381238E-015
         840   1.0000000000000001E-015
         841   1.0000000000000001E-015
         842   1.0000000000000001E-015
         843   1.0000000000000001E-015
         844   1.0000000000000001E-015
         845   1.6895005543013368E-003
         846   1.0000000000000001E-015
         847   1.5447128640295521E-015
         848   4.2572746244040971E-003
         849   1.0000000000000001E-015
         850   1.0000000000000001E-015
         851   1.0000000000000001E-015
         852   1.6895005543239700E-003
         853   1.0000000000000001E-015
         854   1.0000000000000001E-015
         855   1.0000000000000001E-015
         856   1.0000000000000001E-015
         857   1.6895005543231167E-003
         858   1.0000000000000001E-015
         859   1.0000000000000001E-015
         860   1.0000000000000001E-015
         861   1.0000000000000001E-015
         862   1.0000000000000001E-015
         863   1.0000000000000001E-015
         864   1.0000000000000001E-015
         865   5.1801778437321399E-003
         866   2.8746356230497549E-015
         867   1.5310287340423510E-015
         868   1.0000000000000001E-015
         869   1.0000000000000001E-015
         870   1.0000000000000001E-015
         871   1.0000000000000001E-015
         872   2.8016299466923123E-015
         873   1.0000000000000001E-015
         874   1.0000000000000001E-015
         875   3.3123102880684145E-002
         876   1.0000000000000001E-015
         877   7.3100443455615567E-003
         878   7.3100443455236773E-003
         879   1.0000000000000001E-015
         880   3.0237191127432428E-015
         881   1.0000000000000001E-015
         882   1.6895005543766770E-003
         883   1.0000000000000001E-015
         884   1.0000000000000001E-015
         885   1.0000000000000001E-015
         886   1.6895005543236653E-003
         887   1.0000000000000001E-015
         888   1.0000000000000001E-015
         889   1.0000000000000001E-015
         890   9.2604669959701081E-015
         891   1.0000000000000001E-015
         892   6.6184374410960922E-015
         893   1.0000000000000001E-015
         894   1.0000000000000001E-015
         895   1.0000000000000001E-015
         896   1.6895005543005818E-003
         897   5.3306093305945404E-013
         898   1.0000000000000001E-015
         899   1.0160706440708038E-003
         900   1.0000000000000001E-015
         901   1.0000000000000001E-015
         902   1.0000000000000001E-015
         903   1.0000000000000001E-015
         904   1.0000000000000001E-015
         905   1.2897860834646419E-015
         906   1.0000000000000001E-015
         907   2.4805173515802485E-015
         908   5.0312034809007982E-015
         909   1.0000000000000001E-015
         910   1.0000000000000001E-015
         911   1.0000000000000001E-015
         912   1.0000000000000001E-015
         913   1.0000000000000001E-015
         914   1.6895005543234465E-003
         915   1.0000000000000001E-015
         916   2.0420470783750801E-015
         917   1.0000000000000001E-015
         918   3.1628724948821511E-002
         919   1.0000000000000001E-015
         920   1.0000000000000001E-015
         921   1.0727659829107838E-002
         922   1.0727659828793651E-002
         923   1.0000000000000001E-015
         924   1.0000000000000001E-015
         925   1.0000000000000001E-015
         926   1.6974182597993100E-014
         927   1.0000000000000001E-015
         928   2.0274993430897588E-014
         929   1.6895005542477666E-003
         930   1.0000000000000001E-015
         931   1.0000000000000001E-015
         932   1.0000000000000001E-015
         933   1.0000000000000001E-015
         934   1.0000000000000001E-015
         935   9.3664107280973796E-002
         936   1.0727659828952981E-002
         937   1.0000000000000001E-015
         938   4.2572746244094392E-003
         939   1.0000000000000001E-015
         940   1.6895005543252099E-003
         941   1.6895005543287834E-003
         942   1.0000000000000001E-015
         943   1.3365121217534655E-015
         944   1.6895005543243831E-003
         945   1.0000000000000001E-015
         946   1.0000000000000001E-015
         947   1.0000000000000001E-015
         948   1.0000000000000001E-015
         949   1.0000000000000001E-015
         950   1.6895005543082675E-003
         951   7.3100443455136124E-003
         952   1.7319289610765580E-015
         953   1.0000000000000001E-015
         954   1.0000000000000001E-015
         955   1.0000000000000001E-015
         956   1.0000000000000001E-015
         957   1.0000000000000001E-015
         958   1.0000000000000001E-015
         959   1.0000000000000001E-015
         960   1.0000000000000001E-015
         961   7.2630343251756028E-015
         962   1.6895005543258654E-003
         963   1.0000000000000001E-015
         964   1.0000000000000001E-015
         965   1.0000000000000001E-015
         966   1.0000000000000001E-015
         967   1.0000000000000001E-015
         968   1.0000000000000001E-015
         969   1.6895005543211860E-003
         970   1.0000000000000001E-015
         971   1.0000000000000001E-015
         972   1.0000000000000001E-015
         973   1.0000000000000001E-015
         974   2.8009032675440587E-015
         975   1.1722788070527926E-014
         976   1.6895005543145956E-003
         977   1.0000000000000001E-015
         978   1.3281105145544630E-014
         979   1.0000000000000001E-015
         980   1.6895005543169246E-003
         981   1.0000000000000001E-015
         982   1.0000000000000001E-015
         983   1.0000000000000001E-015
         984   4.3076200996999571E-015
         985   1.0000000000000001E-015
         986   2.9972072923369832E-015
         987   1.0000000000000001E-015
         988   1.6895005542777535E-003
         989   4.2572746243501013E-003
         990   1.0000000000000001E-015
         991   1.0000000000000001E-015
         992   2.5156402764970639E-015
         993   1.0000000000000001E-015
         994   1.0000000000000001E-015
         995   1.0000000000000001E-015
         996   1.0000000000000001E-015
         997   1.0000000000000001E-015
         998   2.4830226889742101E-014
         999   1.0000000000000001E-015
        1000   1.0841517315109977E-014
        1001   1.0000000000000001E-015
        1002   1.6895005543973167E-003
        1003   1.0000000000000001E-015
        1004   1.0000000000000001E-015
        1005   1.0000000000000001E-015
        1006   1.0000000000000001E-015
        1007   1.0000000000000001E-015
        1008   1.0000000000000001E-015
        1009   3.3564945715504790E-014
        1010   1.0000000000000001E-015
        1011   4.8687890368537330E-014
        1012   7.3100443453078473E-003
        1013   1.0000000000000001E-015
        1014   1.0000000000000001E-015
        1015   1.0000000000000001E-015
        1016   1.0000000000000001E-015
        1017   1.0000000000000001E-015
        1018   1.0000000000000001E-015
        1019   8.5657055228338247E-002
        1020   1.0000000000000001E-015
        1021   1.0000000000000001E-015
        1022   1.0000000000000001E-015
        1023   9.7885282433190654E-002
        1024   1.0000000000000001E-015
        1025   1.0000000000000001E-015
        1026   9.7518965977726803E-014
        1027   1.0000000000000001E-015
        1028   1.0000000000000001E-015
        1029   1.0000000000000001E-015
        1030   1.0000000000000001E-015
        1031   1.0000000000000001E-015
        1032   1.3535037223612572E-015
        1033   1.0000000000000001E-015
        1034   7.3100443455351178E-003
        1035   1.6895005542868372E-003
        1036   4.1331571554018176E-002
        1037   2.2623288055395249E-002
        1038   1.6895005544759567E-003
        1039   3.6399186030563045E-002
        1040   1.0000000000000001E-015
        1041   1.3319839354301466E-015
        1042   4.2572746243994854E-003
        1043   1.0000000000000001E-015
        1044   1.6895005541499410E-003
        1045   1.0000000000000001E-015
        1046   8.8360027803590557E-014
        1047   1.0000000000000001E-015
        1048   1.0000000000000001E-015
        1049   1.0000000000000001E-015
        1050   4.1331571554208531E-002
        1051   1.0000000000000001E-015
        1052   1.0000000000000001E-015
        1053   1.0000000000000001E-015
        1054   4.6415888336256331E-002
        1055   1.0000000000000001E-015
        1056   1.0000000000000001E-015
        1057   1.0000000000000001E-015
        1058   1.0000000000000001E-015
        1059   1.0000000000000001E-015
        1060   1.1942106585531956E-015
        1061   1.0000000000000001E-015
        1062   1.0000000000000001E-015
        1063   1.6895005543198954E-003
        1064   1.0000000000000001E-015
        1065   1.6895005543242163E-003
        1066   1.0000000000000001E-015
        1067   4.2572746244088702E-003
        1068   1.0000000000000001E-015
        1069   1.0000000000000001E-015
        1070   1.0000000000000001E-015
        1071   1.0000000000000001E-015
        1072   1.0000000000000001E-015
        1073   1.0000000000000001E-015
        1074   1.0000000000000001E-015
        1075   1.0000000000000001E-015
        1076   1.0000000000000001E-015
        1077   1.0000000000000001E-015
        1078   1.0380218766746505E-002
        1079   1.0000000000000001E-015
        1080  0.10692935966476243     
        1081   1.0000000000000001E-015
        1082  0.13241734328349289     
        1083   1.0000000000000001E-015
        1084   1.0000000000000001E-015
        1085   1.0000000000000001E-015
        1086   1.5135748437952715E-015
        1087   1.4445026548918560E-002
        1088   4.2572746244092232E-003
        1089   4.2572746243677712E-003
        1090   1.0000000000000001E-015
        1091   1.6895005543241268E-003
        1092   1.0000000000000001E-015
        1093   1.0000000000000001E-015
        1094   1.0000000000000001E-015
        1095   4.2572746244087687E-003
        1096   1.0000000000000001E-015
        1097   1.0000000000000001E-015
        1098   3.2372307557625877E-015
        1099  0.20830225462344212     
        1100   1.0000000000000001E-015
        1101   1.0000000000000001E-015
        1102   1.0727659828343372E-002
        1103   1.0640531837561105E-002
        1104   1.0000000000000001E-015
        1105  0.23866692551765967     
        1106  0.13241734328353544     
        1107  0.15971340468272616     
        1108   3.4973759968308515E-015
        1109  0.13241734328351445     
        1110   1.0000000000000001E-015
        1111   1.0000000000000001E-015
        1112   1.0000000000000001E-015
        1113   1.0000000000000001E-015
        1114  0.23866692551770399     
        1115   1.0000000000000001E-015
        1116  0.23866692551770796     
        1117   1.0000000000000001E-015
        1118  0.23866692551768340     
        1119   1.0000000000000001E-015
        1120   4.5256932741013997E-015
        1121   1.6895005539272919E-003
        1122   1.6895005542957233E-003
        1123   1.6895005543728239E-003
        1124   1.0000000000000001E-015
        1125   1.0000000000000001E-015
        1126   1.0000000000000001E-015
        1127   8.3609720357653855E-015
        1128   1.0000000000000001E-015
        1129   1.1389091357657863E-015
        1130   1.0727659828958784E-002
        1131   9.0720205026723532E-015
        1132   1.6895005542902390E-003
        1133   1.0000000000000001E-015
        1134   1.0000000000000001E-015
        1135   1.0000000000000001E-015
        1136   1.0000000000000001E-015
        1137   7.3100443456431902E-003
        1138   4.8121408383221055E-015
        1139   1.0000000000000001E-015
        1140   4.1323964159813482E-015
        1141   1.0000000000000001E-015
        1142   1.0000000000000001E-015
        1143   1.0000000000000001E-015
        1144   3.6303113826129138E-014
        1145   1.0000000000000001E-015
        1146   1.0000000000000001E-015
        1147   1.0000000000000001E-015
        1148   1.0000000000000001E-015
        1149   7.8864806887102765E-015
        1150   1.6895005542963944E-003
        1151   1.0000000000000001E-015
        1152   1.0000000000000001E-015
        1153   1.0000000000000001E-015
        1154   1.6895005543180032E-003
        1155   1.0000000000000001E-015
        1156   1.0000000000000001E-015
        1157   1.6895005543246546E-003
        1158   4.2572746242722547E-003
        1159   7.3100443453615205E-003
        1160   6.2503366929703953E-015
        1161   1.0000000000000001E-015
 time 1.0e30
