           1        1161
 time 0.0
        1161
           1 -0.61029095645247566     
           2   2.6700430872651277     
           3  -1.2359311988332653     
           4  -3.0580843917888574     
           5  -2.6785815626298874     
           6  -3.9472233864895672     
           7   1.6179570919204147     
           8   3.4482172403856604     
           9   2.9249896442272623     
          10  -2.8023339935425087     
          11   3.4482172402625118     
          12  -3.9472233863164297     
          13  -5.2427376255960025     
          14  -3.5357374478708103     
          15  -1.7911956167284844     
          16   1.2583563826378021     
          17  -3.5427198781571696     
          18   1.0907944509567775     
          19  -3.9472233866533584     
          20  -3.6326064810517980     
          21 -0.26160721670465398     
          22  -4.2066214175505694     
          23 -0.73303790977437033     
          24 -0.60612857992498115     
          25   2.7368518373897750     
          26   1.1822007434936985     
          27  -3.9018847467380069     
          28  -4.9324241486628946     
          29   8.1077387970151002E-002
          30  -4.1820027544839098     
          31  -2.4002754387391914     
          32   3.3153060915190706     
          33   2.6816709203728601     
          34   2.1182789794852765     
          35 -0.19783041314961089     
          36   3.9148676411947831     
          37  -2.3176173013242849     
          38   2.0948724138396866     
          39   1.4175473359282837     
          40  -5.0072405733541983     
          41  -3.4199518934045678     
          42   3.1334683640537606     
          43  -2.8939128787626056     
          44  -7.6982910586759316E-003
          45 -0.55095246726597624     
          46  -4.1238529579450613     
          47  -3.9148676411707091     
          48   3.9148676411575516     
          49   4.8509731159256484     
          50   4.6502002380458753     
          51  -3.8294111051052457     
          52  -1.8989494087297079     
          53  -1.0409661516985909     
          54  -2.8602827131510979     
          55  -4.1327684555727560     
          56   2.9481842700157577     
          57  -4.2716354961009246     
          58  -1.5455130455408363     
          59  -2.1885632774947896     
          60  -2.4996824993771396     
          61   2.3990752722649207     
          62  -1.3192574813282414     
          63  -1.1086373471852209     
          64  -5.2116669216167057     
          65  -4.9937492692224019     
          66   4.9156516131559798     
          67   1.3571687562299348     
          68   4.9324241486507043     
          69   3.8384987989359978     
          70  -4.3920589730820057     
          71 -0.80318085893773816     
          72  -4.9324241486686846     
          73   2.8021383868319840     
          74  -3.9148676411764374     
          75  -3.3636561759726395E-002
          76  -4.9767286019603896     
          77  -3.7920816279636607     
          78   4.9324241486783302     
          79  0.39314515782101084     
          80  -5.0513513500174723     
          81  -4.9941541407081154     
          82   2.9958937524975302     
          83   2.8988105850165398     
          84  -4.9324241486691403     
          85  -4.9324241486666800     
          86  -4.9119298757958338     
          87   4.4981099428285836     
          88   3.0477851079369485     
          89   3.3361758596089515     
          90 -0.31148988029286273     
          91  -5.2139752925607210     
          92  -4.0641314768093189     
          93  -4.7166540258471041     
          94   4.4609582374948147     
          95  -4.1353815519154714E-002
          96   3.4199518933613344     
          97  0.25553615986525657     
          98   1.7519216094899042     
          99  -2.2335920277797618     
         100  -1.6377553496157609     
         101   1.1751707151665809     
         102   4.9324241486948512     
         103   4.2911131097296433     
         104  0.64730273212981193     
         105  -2.9937822218891501     
         106  -2.5580688977771802     
         107  -3.9148676411660750     
         108   4.9731898332735947     
         109   3.4011353163650098     
         110  0.73606265612852984     
         111   4.5462381643834444     
         112   2.5955926255398269     
         113  -5.1720616506318660     
         114   3.8632631626768292     
         115   3.9472233864732034     
         116  -5.2443854572920411E-002
         117  0.13831669705143404     
         118  -3.7296499647847066     
         119  0.73606265616749322     
         120  -1.7585512076522241     
         121   4.9731898332733282     
         122   1.7969977228881193     
         123  -1.7010004815480289     
         124   2.7785431857430618     
         125  0.43834313338315589     
         126   3.6536978796474959     
         127   2.9532135485047806     
         128   4.9731898332762396     
         129   3.7879100485636910     
         130   2.7193875527077278     
         131  0.92048793461210454     
         132  0.21247062784484355     
         133 -0.79770986340070116     
         134   2.5312000454967865     
         135  -2.0359198187069576     
         136   4.9731898332600357     
         137   2.8577000538255559     
         138  -1.1776340384238044     
         139   1.7617251425467486     
         140   3.1457831309858726     
         141   1.0769931828044901     
         142 -0.37525319544522967     
         143  -3.6928435601926144     
         144   4.9731898332837181     
         145 -0.29951391830904361     
         146   2.3789156238847364     
         147   4.9731898332734996     
         148   2.7829243437297557     
         149   1.0408748763868871     
         150   3.1559357133311772     
         151   3.6616149033390988     
         152  -6.1495390246493828     
         153  -3.5605705663954672     
         154  -1.7703407316684578     
         155 -0.54309880389719112     
         156  -1.7718781623379452     
         157   2.7563459101978633     
         158   1.6961497863778061     
         159  -1.1485229136041175     
         160   1.6304956685524921     
         161   1.7448330690433791     
         162  0.50008563157164443     
         163   4.9731898336944171     
         164  -3.1329132780423601     
         165  -3.1329132780325550     
         166  -3.5114276846007160     
         167  -1.7492578684774354     
         168   1.9012273675302358     
         169  0.13583936324601156     
         170  -2.8997930779295142     
         171  -4.8177629437930447     
         172  0.84948784994949711     
         173   9.2122759841929178E-002
         174   2.3908603000347139     
         175   2.7001266969982853     
         176  -1.7492578684424607     
         177   2.1903789594840131     
         178  -2.3901677875081302     
         179  -6.1058610607198576     
         180  -3.4482172404045555     
         181  -2.6552947362190449     
         182   1.2777006984095345     
         183  -3.9472233865138211     
         184  -4.9731898332155149     
         185   2.1901547866763620     
         186  -1.2035517949299070     
         187  -2.1940820711788649     
         188   2.3300949891731646     
         189   4.1334718716187915     
         190   2.2178364678740761     
         191 -0.97455558849228752     
         192  -1.7099759466749020     
         193   1.8630265826908432     
         194   2.0977124925650186     
         195   3.7302239588234607     
         196  -3.2413759836243097     
         197 -0.42078584916929512     
         198   3.9472233864865380     
         199  -1.8469508315101615     
         200   1.6258107881939410     
         201   2.0508386825675267     
         202   4.2402840851443280     
         203   4.9731898332991538     
         204  0.89037397422647058     
         205  -2.2424592297831238     
         206   2.7492562452759448     
         207   1.2564329075699738     
         208   3.4482172403921156     
         209  -3.4270031089061397     
         210  -4.9137550241595029     
         211  -4.9731898332727358     
         212  -3.1329132780187972     
         213  -4.1344081378001727     
         214  -2.4865949166189996     
         215  -2.8161668592530296     
         216  0.81715696551494432     
         217  -3.6363820252524919     
         218  -4.7792785255004864     
         219   2.1150497456676378     
         220 -0.41407144386472861     
         221 -0.15795749896791550     
         222   3.3462051841633342     
         223  -7.3825746462762041     
         224  -1.2166781737569825     
         225  -2.5605250943463544     
         226  -5.7592880237922071     
         227  -1.2719087890429888     
         228   4.8035643443152489     
         229   1.8374536388637346     
         230   3.4482172404405604     
         231  0.42746556422176041     
         232  -3.9472233866082123     
         233  -2.7916632611981389     
         234 -0.97334345040484793     
         235  -1.4584641740085154     
         236  -5.0985276391476786     
         237  -1.2054220468683003     
         238   1.8017192364757264     
         239  -1.4038344743921709     
         240  -3.0742187569979014     
         241  -5.0072308202411620     
         242  -4.9731898333018165     
         243  -2.7368518373766979     
         244 -0.75251270657965985     
         245  -4.9731898332709932     
         246   1.2730617419052475     
         247   2.8517041514755359     
         248  0.54105434707571243     
         249   3.9472233864848989     
         250  -2.0679342007099502     
         251  -2.3525759178583932     
         252  -1.9913936347765204     
         253  -2.9385947201889713     
         254  -1.0559288122920276     
         255   3.2643054020757583     
         256   3.9472233864839064     
         257  -4.9731898332691387     
         258  -1.5219975555901384     
         259   2.8773796679677233     
         260   3.9642920441909739     
         261 -0.38678258420281719     
         262  0.74979370349586982     
         263  -1.7332710831349130     
         264 -0.98177603550138437     
         265  -4.9731898332772175     
         266  -2.9121033676685308     
         267   1.5993064587289674     
         268   3.9472233864884068     
         269 -0.58043655003992789     
         270  -1.3486748121908834     
         271  0.33561291217335987     
         272   3.3684700368885596     
         273   3.6460432136168035     
         274  0.65929510566438665     
         275 -0.14384203622215341     
         276 -0.11961254069331050     
         277   2.8157708055173756     
         278  -1.0813510921751956     
         279   7.2764104805856382     
         280   4.1166341806940485     
         281   8.8624540091286619     
         282 -0.59483902690432744     
         283   1.5127443419273741     
         284   4.9731898355202384     
         285   6.8589552718967557     
         286   2.8392318844410905E-003
         287   4.9731898330757174     
         288  -2.5868331595470755     
         289  0.40766441344892507     
         290   1.7938702745748751     
         291 -0.24703542359727251     
         292  -3.0038896157577528     
         293  -1.5174325105255080     
         294   3.0972352386418542     
         295   2.9481317703786596     
         296   3.7405183918851588     
         297 -0.20191961782658785     
         298  -3.9472233865198603     
         299  -4.8301615205389670     
         300   3.4482172404016871     
         301  -1.4973006145056709     
         302   2.3773980232605472     
         303  -2.4865949166526704     
         304  -4.3367115288754201     
         305  -3.9776543496636596     
         306   1.7761312394766702     
         307   1.1056024846305772     
         308   2.3083502397544420     
         309  -3.1254454457693894     
         310 -0.36131536036194911     
         311   3.0990460945699341     
         312   4.9731898332771101     
         313   1.2892340287340975     
         314   2.7746761094463768     
         315   2.0928369261822177     
         316   4.3566717449811474     
         317   4.9731898333658258     
         318   1.7020668652837381     
         319   2.3760793305248331     
         320   3.9472233864881461     
         321   1.2013478454331761     
         322   1.4768024518314806     
         323   4.1305862804277877     
         324   4.1278137490118132     
         325 -0.39766227495476375     
         326 -0.15677647988110996     
         327   4.9731898332766749     
         328   4.1136634953225837E-002
         329  -1.0210071925873223     
         330  -2.3571729582894712     
         331  -1.1588293029100301     
         332   2.1493022671826281     
         333   4.9731898332799007     
         334   5.7841385771573393     
         335   4.5398954861300105     
         336  -1.6723160714357110     
         337  -1.0110544588774244     
         338   4.9731898332711948     
         339   4.3330147600899771     
         340   4.0798847881701370     
         341   3.8883294970190705     
         342   4.9731898332708520     
         343  0.30719443684796738     
         344  0.22701521219762805     
         345   3.6260165086863632     
         346  -1.2949564868928682     
         347   3.4145614151400467     
         348  0.17059732310394740     
         349   5.4803735280563259     
         350   4.9731898332858036     
         351  -3.6399354751406016E-002
         352   3.1949068231362259     
         353  -3.1408489784857050     
         354 -0.78860507705466165     
         355   3.0992728816792980     
         356   3.3017911208959529     
         357   4.9731898333805500     
         358  -3.2482385531260509     
         359  -1.0610639104051660     
         360   1.2211597261416582     
         361   4.9731898333514399     
         362   2.9083390576173103     
         363  -3.5479539417504187     
         364 -0.37120328287958709     
         365   3.0283215277064364     
         366   3.4482172403816196     
         367  -4.2143103181529424     
         368  -2.1782127734744945     
         369   2.3083502397489726     
         370  -1.0271512042165629     
         371  0.27740037453542660     
         372 -0.51675205544109826     
         373  -1.4184675581985517     
         374   2.7368518373984507     
         375  0.20718954747378490     
         376   1.7203955521851093     
         377   3.1329132780267908     
         378  -2.9387522733731317     
         379  -2.7809449454033710     
         380  -2.2184502511533903     
         381  -5.2053516990443507     
         382   2.9083390575938526     
         383   1.0447992899439815     
         384   1.3897442780820812     
         385  -4.3235993756728073     
         386   1.8007755137622627     
         387  -2.6095493175323554     
         388   2.9335396188208027     
         389   2.3267895583512619     
         390   4.9731898332810474     
         391   3.6432237190013059     
         392   2.6601555526083249     
         393   3.4482172403813842     
         394 -0.11474003140003627     
         395  -3.0074237320322048     
         396   3.1465388719481959     
         397  -2.8276667179226802     
         398   8.3680434923804461E-002
         399  -3.9472233864899335     
         400  0.61459580077816767     
         401  -1.9533721368714463     
         402  -1.7268812602537611     
         403  -3.4482172403854423     
         404  -4.9731898332887825     
         405   1.5549642959784455     
         406   2.3083502397543110     
         407   8.5325791541207854E-002
         408   1.9053333522168396     
         409   8.2341296218021609E-002
         410   4.4816045790377137     
         411 -0.66738217398979094     
         412 -0.50614331774511923     
         413  -3.8670109803012087     
         414  -2.4206518187833446     
         415   3.1329132780243976     
         416   4.9731898332713955     
         417   2.5862344693442600     
         418   2.2913419732995588     
         419  0.49519804847282312     
         420   2.8216461453073984     
         421 -0.54141456609289729     
         422  -1.6692474932833743     
         423  -1.6252183550790869     
         424  -3.3426359637949021     
         425   3.3560714087707835     
         426  0.63236518590845248     
         427  -2.2535966645804661     
         428   4.9731898332995703     
         429   3.5269128974160271     
         430  -4.9731898333331497     
         431  -4.9731898332876314     
         432   3.9472233864912210     
         433 -0.51871725813236758     
         434   3.4482172404034772     
         435  -1.0529584733132444     
         436  -3.1830552832571368     
         437  -4.9731898332837750     
         438  -5.4150569245565556     
         439  -4.9731898333481341     
         440   4.0863343940571193     
         441  -9.8961464023231013E-002
         442   2.8272174368693443     
         443   4.2585211400811414     
         444   4.8133414664721323     
         445  -1.5605090601216109     
         446  -4.9731898332729267     
         447   3.9472233864932078     
         448  -7.8999904762750699     
         449  -2.1485186233712370     
         450   2.5247943703200275     
         451   2.5997745648651236     
         452 -0.87016245919954138     
         453   1.8807151368756949     
         454   5.1299913370030374     
         455   4.9731898333194691     
         456  -1.9983153589230582     
         457  -4.5608885944799997     
         458  -3.1329132780222135     
         459  -7.2363174005726263     
         460  -6.9413503651490158     
         461   1.3567235027650042     
         462  -2.3579494845619418     
         463   1.4832755914961171E-002
         464   2.9083390575641577     
         465  -5.4909194977381190     
         466  -2.3907121363130415     
         467   6.0700920779139107     
         468   6.5625793617904691     
         469   4.9731898333029774     
         470   3.4048920964457672     
         471   4.9731898334526079     
         472   2.0131455802311624     
         473  -5.0826782420383170     
         474 -0.62822015425996225     
         475   3.9472233865569351     
         476  0.99792766962122625     
         477   1.5454832231898563     
         478   5.3694741852421561     
         479   3.9472233865031101     
         480   3.9980955404158904     
         481   4.9731898332844802     
         482   3.9139080240887636     
         483   2.1972215475771013     
         484  0.42144112482634394     
         485  -5.5899955255379075     
         486   2.9118883988435575     
         487  -8.3403936759623931E-002
         488  -2.4447546417427510     
         489  0.89249817387397090     
         490  -6.0124944717602810E-002
         491   3.9472233864762769     
         492  -1.2567035575230647     
         493  -9.1181802640337892     
         494  -4.9731898332706379     
         495  -1.0390841549270784     
         496   2.4138329631512390     
         497  0.82430850757054375     
         498  -4.4716122743228821     
         499  -4.9731898335519631     
         500   4.4485659137185252     
         501  -3.9779687301099256     
         502  -7.5127889101979148     
         503   1.1898753399561741     
         504  -2.2867918734285322     
         505   3.5395909782184400     
         506   4.9731898336861020     
         507   4.3750337732144988     
         508  0.25597592954469928     
         509  -3.3012283782807561     
         510  -4.0344607504812044     
         511   2.2388036725800040     
         512  -1.0294348058792320     
         513 -0.37631242205419474     
         514   4.5226549137223540     
         515   1.8925603272845759     
         516   3.3762332179709640     
         517   4.9731898332384903     
         518   5.1694028491506865     
         519   1.7155450651684623     
         520   1.7402152533126796     
         521   4.9731898333110642     
         522   4.3556995374892438     
         523   4.6952908703662581     
         524   1.5064507377922012     
         525 -0.70765225815117161     
         526   2.8288261464663478     
         527   3.8849928832945988     
         528   5.5543119902511702     
         529   4.9731898332567530     
         530   3.3341120223994136     
         531   4.4208345328703551     
         532 -0.75107849719589492     
         533   4.4443957152051343E-002
         534  -3.4482172403944844     
         535  0.18054071156630694     
         536  -2.7753185391573147     
         537  -1.6075503723865801     
         538  -1.2052463586363606     
         539   3.1329132780357383     
         540   2.1216980681657227     
         541   2.0634424395465985     
         542  -3.6458444755807116     
         543  0.61123630567668330     
         544  -1.7092469540421227     
         545  -3.4820879837621628     
         546   6.5515028332947672E-002
         547  -2.0516245743173913     
         548  -1.9927759706394228     
         549   1.3797107326410534     
         550   1.7487420714478927     
         551  -1.0067437314418033     
         552   1.9341288217270238     
         553  -1.0316155615029470     
         554   3.5566295208806760     
         555  0.73606315313134807     
         556  -4.9731898332524018     
         557  -2.4913163332815631     
         558   1.6187099558516431     
         559  -4.2882686634829543     
         560  -4.9731898332734135     
         561  -3.4482172403980877     
         562   2.9083390575967605     
         563   2.4506977639428391     
         564   4.9731898333272389     
         565  -3.3131268111662379E-003
         566  -3.7678089767948135     
         567  -2.3059758228398315     
         568   5.7918059008568230     
         569  -3.0074693165025308     
         570  -3.8247626675160582     
         571  -3.9328738638931218     
         572  -4.0691982960155180     
         573  -4.9731898332826558     
         574  -4.5963963490664224     
         575  -3.0712106271760193     
         576  -4.9731898332805198     
         577  -5.4154354633478965E-002
         578  -2.9954119970724005     
         579  -4.3024490353099640     
         580  -3.1879201951595877     
         581  0.44284181116453047     
         582   3.4419114052515107     
         583   4.9731898332724587     
         584  -1.4792805107559786     
         585  -2.1990009698508457     
         586  -1.2677033377344953     
         587  -1.4036076694524957     
         588  -4.9088033319665456     
         589  0.23438863557010373     
         590   1.9341288217245485     
         591 -0.87451130102124641     
         592   1.4504206550960059     
         593 -0.60940040900834247     
         594   3.9472233863803790     
         595   3.8720412344103603     
         596   2.9083390576448815     
         597  -4.9731898332724755     
         598  -1.5709553031597592     
         599   1.3059549722688357     
         600   2.7368518374280950     
         601  -5.6438955411354890     
         602  -5.7353490383436627     
         603 -0.62762430125723723     
         604   4.9731898332903537     
         605   2.2702060395868733     
         606   1.5610026014308245     
         607 -0.59463842491377017     
         608  -1.2369797791925765     
         609   4.9731898333090747     
         610   2.4061317979758625     
         611   6.4182613840015339     
         612  -2.9083390575604002     
         613  -1.7241086201933600     
         614  -9.5071226296348274E-002
         615   1.5504712722035325     
         616  0.68446756168932232     
         617   2.7593007332469184     
         618 -0.74199150651794976     
         619  -1.7903218197404136     
         620   3.2414244752599224     
         621   1.1582498959441894     
         622   4.9731898332699487     
         623  -3.2925385932629019     
         624   4.8829705802208672     
         625   1.1348514195709685     
         626   4.9731898334109683     
         627   4.7603727837179166     
         628   1.6638627461203952     
         629   4.9731898333032412     
         630  -3.9748679031314698     
         631  -5.0082668206284975     
         632  -2.8836454345577756     
         633   1.6999039677445127     
         634   2.0634424395522153     
         635  -2.4559560446512418     
         636   4.9731898333285383     
         637   7.3309762308097230     
         638   4.9731898333016300     
         639   2.9083390576211845     
         640   2.2395649607301742     
         641   1.7474767005024476     
         642  -1.4206300107220680     
         643  -2.3384665438886145     
         644   2.2395649607300059     
         645 -0.51209714589691713     
         646  -1.8321387994086020     
         647   1.4189834119672950     
         648  0.18778870698778327     
         649  -5.1350703117465040     
         650  -5.9871328899558804     
         651  -4.9324241486929452     
         652  -4.6769281773687821     
         653  -4.9324241488036700     
         654  -3.9828742980221925     
         655   7.5269525086400536E-003
         656  -3.9580074938522336     
         657   4.2256462288915788     
         658   1.5527340404764542     
         659  -2.4662120743393601     
         660  -1.8848436953195633     
         661  0.17558043928524392     
         662  0.42928798825865733     
         663   4.9324241486713181     
         664   2.7144176166155782     
         665  0.39418069619730572     
         666  -3.9148676412294670     
         667  -2.9898757260681923     
         668   3.9504554905481188     
         669  -1.4686502233825323     
         670  -2.6285621077113408     
         671  -5.0824283952926930     
         672  -2.4218035300366791     
         673  -1.6064650816454582     
         674  -3.4199518933633422     
         675  -1.6304661207169295     
         676   1.1352444865841607     
         677   1.7669122224629350     
         678   1.4328672098176145     
         679 -0.26416508796872429     
         680  -1.8820720577584864     
         681   1.8820720577599035     
         682   1.8471154750615972     
         683   6.9187135266326525     
         684  -2.0736170154010005     
         685  -3.8136556180562171     
         686   2.2395649607260038     
         687  -1.4189834119679470     
         688   4.0327935027545196     
         689   2.3095223166757695     
         690  -1.3020613958087965     
         691  -2.3065544057094445     
         692 -0.66636548379642757     
         693  -5.5450572558048652     
         694 -0.29037522487483636     
         695  -4.9324241486986491     
         696  -2.1565065851556104     
         697  -3.9708610060973526     
         698  -3.6624112227341632     
         699   1.0140652374745927     
         700  -5.1026044069131578     
         701  -4.9324241486701261     
         702  -2.5814101408353185     
         703 -0.73809020317292384     
         704  -1.4055785362899049     
         705  0.36418221583695060     
         706  -2.1143674362809550     
         707  -2.7144176166076424     
         708   3.4199518933733137     
         709   3.9148676411902046     
         710   2.4881827895171704     
         711   1.3036388800414165     
         712   4.1087576235569863     
         713   4.9324241486642570     
         714  -3.9148676411689705     
         715   2.8456279840242189     
         716  -2.7416402471913530     
         717   1.1339340681542143     
         718   1.7612389868348501     
         719 -0.59473294222775897     
         720  -2.5425728395014167     
         721  -1.3517029860704919     
         722  -4.9324241486665281     
         723  -2.7695248691693823     
         724  0.88890086756744890     
         725  -4.1166189687032313     
         726  -1.0526113581004000     
         727 -0.26736412389500869     
         728  -2.4263619060060133     
         729  -5.9153233182515681     
         730 -0.83990074119990710     
         731  -8.3322882491399710     
         732   3.5496930970436766     
         733  -2.4784251807053974     
         734   4.7568974448684278     
         735   4.9324241446878281     
         736   4.9324241487999929     
         737   1.9574338205794273     
         738   2.2663320596060257E-002
         739   1.6467281762331714     
         740   1.7322450149782007     
         741  0.32112518111106231     
         742  -6.6659950966027690     
         743 -0.74842049080040884     
         744  -4.7591460136051875     
         745  -4.3629609576677426     
         746  -2.8680908117040653     
         747   2.5148301387128269     
         748  -1.6506812619689442     
         749  -1.1642441660386844     
         750  0.94426056951286808     
         751  0.83845414291585429     
         752   6.8540931346446072     
         753   1.9999999999979252     
         754  -2.9770008924600515     
         755  -5.0076283631091272     
         756  -4.0254937926890060     
         757 -0.50535799132031600     
         758   4.9324241487136451     
         759   1.8946430642100436     
         760  -2.5784639788192605     
         761  0.86622580070535360     
         762   3.4199518933335185     
         763   5.5589936422566284     
         764   4.9324241492964722     
         765   4.9324241480854001     
         766  -2.2894284851051299     
         767   1.6462063013249906     
         768   5.3994841148706465     
         769   3.5813472104206503     
         770 -0.48475651927368013     
         771  0.64228573554501245     
         772 -0.36196704984111305     
         773  -3.4131543057350497     
         774  -5.3132194968873572     
         775  0.63729406007063416     
         776 -0.16125710335913360     
         777   4.5435556272406066     
         778   2.1544346900252527     
         779   2.9079549160460192     
         780  0.25916216698044220     
         781  -4.2711232994150077     
         782  -5.7128357586071639     
         783   2.7634297073387475E-002
         784  -3.1290597092510017     
         785  -7.8596679195424652     
         786   3.6549863783868282     
         787   5.2058728318104350     
         788  0.37274909170086784     
         789   4.1467259788422188     
         790  -2.5784639787620343     
         791   3.1808279754366766     
         792   5.5280744361763805     
         793   6.1867088541948325     
         794   7.9430128762464740     
         795   2.7144176165921698     
         796   7.7583427994952867     
         797   4.9324241487016716     
         798   7.7608982524130301     
         799 -0.88467174420764383     
         800   3.9269220565948837E-002
         801  -2.0672468471708769     
         802  -2.3664178074855733     
         803  -4.0520170545426559     
         804  -4.9324241486937508     
         805  0.69770208177999982     
         806   3.4612093256277587     
         807 -0.65435211386893355     
         808   1.0709598210982909     
         809  0.42765033694092186     
         810  -4.4997713648310382     
         811  -2.5057848131753793     
         812   7.2333683823944837     
         813 -0.94258946782520470     
         814  0.32100452387715317     
         815   1.8146700749630440     
         816  -2.3435180373599915     
         817  -3.2892805101415079     
         818  -2.3719868829758317     
         819   1.2090335898650770     
         820 -0.78538784447923404     
         821 -0.31757201914311090     
         822   4.9324241487228093     
         823   1.4211778774805188     
         824  -2.8884691351266834     
         825  -3.9148676411970875     
         826  -3.9886015894765117     
         827   1.5856489695881912     
         828   3.0747941339371945     
         829  -2.4858855330273388     
         830   4.0090440256912698     
         831   1.4733902647405617     
         832  -3.1081351039988352     
         833   2.8819516436488510     
         834   3.9682018694283969     
         835   4.2685551795500452     
         836  -4.9324241486149223     
         837  -2.0630232575165763     
         838  -3.8396001230674064     
         839  -6.0098405556109169     
         840  -2.2936947425947758     
         841   1.9822415420798578     
         842  -2.7457703526727908     
         843 -0.90578265132588187     
         844   1.1401962242771917     
         845   4.9324241487130145     
         846  -3.5866948845970343     
         847  -3.2231942508210580     
         848  -3.9148676411713379     
         849  0.40959156786217765     
         850   1.9011249395431553     
         851  -2.7815103498470144     
         852  -4.9324241486645573     
         853  -1.5420772636436870     
         854  -4.0019948947347812     
         855  -1.2278611979597647     
         856 -0.28170353961323447     
         857  -4.9324241486667004     
         858  0.99017415577247903     
         859  -2.2602896433069102     
         860  -2.9366220498958384     
         861  -4.7105441748380326     
         862  -2.1398045073207963     
         863  0.32507085366465677     
         864   1.3151334465852476     
         865  -3.7274672167305956     
         866  0.27468393609184305     
         867   6.7511150180878667     
         868   3.9879984705312577     
         869  -1.8938860926114358     
         870  0.56478099513363589     
         871 -0.58105842220613646     
         872   7.2292237902010728     
         873   2.1756257290179231     
         874  -1.8053831591311751     
         875  -2.3440520262367501     
         876   3.3617676287396372     
         877   3.4199518933428812     
         878   3.4199518933561182     
         879   2.0834225335182550     
         880  -2.0054482240693234     
         881  -4.6605137705032798     
         882  -4.9324241485496776     
         883  -2.5036411542585206     
         884  0.12655285170977770     
         885 -0.64666518492450287     
         886  -4.9324241486656444     
         887  -1.0673504336927877     
         888  -3.1842657753125638     
         889   4.0083220698005606     
         890   5.7275579082374861     
         891  -1.3513233235549982     
         892   4.7046445721764396     
         893   3.3531705196508859     
         894  0.41296511620137988     
         895 -0.70590592769531924     
         896  -4.9324241487163487     
         897  -4.2344966001475965     
         898  -7.8718794509971621     
         899  -5.6010445154535065     
         900  -7.6281544379902169     
         901  -6.4314234933945578     
         902  -1.5651770178196476     
         903  -5.3915044361107309     
         904  -2.5621824627827872     
         905   2.1664838147961420     
         906   7.4696416374913106     
         907  -1.9739724608418356     
         908   1.4111013980864995     
         909  -5.2006794085225971     
         910  -2.5561997130241068     
         911  -3.4851280944215279     
         912  -1.7028698674985288     
         913  -6.0851790980218867     
         914  -4.9324241486658540     
         915  -3.5291763780844279     
         916  -4.5299775471417680     
         917   1.1664286347862722     
         918  -2.3712622029930404     
         919 -0.25770107911951956     
         920   3.4282245200682802     
         921   3.1072325059198356     
         922   3.1072325059880703     
         923  -2.9963210048715694     
         924  -1.1497516832345305     
         925  -2.1698435127561666     
         926   1.9109331949228794     
         927 -0.41844529283669907     
         928  -6.3064225970872414     
         929  -4.9324241488315037     
         930  0.74407580894532543     
         931  0.67716595719605976     
         932   3.4486771435477230     
         933   1.8278702306432657     
         934  -1.2980881440449166     
         935  -1.8076181795184381     
         936  -3.1072325059539549     
         937  -1.2344554044022883E-002
         938   3.9148676411686343     
         939   4.5500343698606542     
         940   4.9324241486635874     
         941   4.9324241486556115     
         942   5.4803408388414061     
         943   2.8035662452776613     
         944  -4.9324241486641700     
         945  -3.5034202967371586     
         946   1.3231954782060684     
         947  -3.4427787836814661     
         948 -0.97691984655708197     
         949  0.51426492641181976     
         950   4.9324241487001634     
         951  -3.4199518933600057     
         952   4.8124904514830762     
         953   1.3231954781857436     
         954 -0.38387363193786195     
         955  -1.0661103649681580     
         956   2.8294672861690251     
         957  -1.5843275533022945     
         958  0.63993210604225659     
         959   2.4718162689287797     
         960  -2.5569282228869521     
         961  -3.1507663345248753     
         962   4.9324241486613731     
         963 -0.56475667785216643     
         964   4.7331123473354202     
         965  -1.8535433275181570     
         966   3.7926719657125907     
         967  -2.5279006199430794     
         968   3.1860790317637453     
         969  -4.9324241486701768     
         970   7.5245787583679826     
         971  -1.0956312223242057     
         972   1.5581140453805062     
         973  -3.4875753668929983     
         974  -6.9901058687418098     
         975  -2.7526098798082956     
         976  -4.9324241486853424     
         977  -4.7007612354217881E-002
         978   2.8246751553331921     
         979   8.6694168410583167E-002
         980  -4.9324241486795426     
         981  -4.2754253217908706     
         982  -3.1447910334989717     
         983  -3.6456406115268556     
         984  -3.2672020630672636     
         985  -5.4567977425790639     
         986   2.1188196033117053     
         987  0.78277988453802771     
         988   4.9324241487666729     
         989  -3.9148676412094234     
         990   3.1966578870544047     
         991   1.8009835817001290     
         992  0.66966452179814884     
         993   1.6581973634053790     
         994  -1.0102813544634301     
         995  -1.9935067421067116     
         996   1.9727231354195602     
         997  0.47284273698268448     
         998  -1.4471360756424692     
         999   9.2321110106656973E-002
        1000  -2.2200960439078514     
        1001 -0.94904272963252101     
        1002  -4.9324241485036220     
        1003  -6.7460633044203870     
        1004  -3.6691363349248768E-003
        1005  -2.8837417296372454     
        1006  -3.8006639245286449     
        1007  -2.2731502660058998     
        1008  0.94711068089522488     
        1009   2.7578036178569474     
        1010  0.25163131533592448     
        1011  -2.8620139730080054     
        1012  -3.4199518934324895     
        1013  -1.1347141950079283     
        1014   7.6769420090827687     
        1015   3.2391564270762729     
        1016   2.7780469704210482     
        1017   2.7754218232267003     
        1018  0.98278246525400537     
        1019   1.8484564162402670     
        1020   1.7474917965159507     
        1021  0.26203906476342692     
        1022   1.1645561259288515     
        1023  -1.7878070701785500     
        1024 -0.61655110051793460     
        1025   3.5609547981501257     
        1026   5.2898789304542060     
        1027   4.7389545841100142     
        1028  0.86659833972147871     
        1029 -0.81586539642519129     
        1030  0.30987641957252943     
        1031   1.1397018069103746     
        1032   5.9568107230537812     
        1033   4.3312780341734900     
        1034   3.4199518933521067     
        1035   4.9324241487453984     
        1036   2.2178364678639029     
        1037   2.5784639788105999     
        1038   4.9324241483323235     
        1039  -2.2894284851121163     
        1040   2.6505190941086916     
        1041   6.3609837848215486E-003
        1042   3.9148676411748964     
        1043 -0.17841715740752156     
        1044   4.9324241490464198     
        1045 -0.18471981015201910     
        1046   2.4741409251223798     
        1047  -2.2831706847385362     
        1048  -3.0172721167249965     
        1049  -3.7344599116733761     
        1050  -2.2178364678561828     
        1051  -1.0619332626036939     
        1052   3.5636172863596380     
        1053   1.8645953493167473     
        1054  -2.1544346900274496     
        1055  -1.1585973139766588     
        1056   1.4610278300609154     
        1057  0.22642438524409869     
        1058  -1.4041831734746355     
        1059  -2.8465404703615418     
        1060  -4.2107224638352729     
        1061  -2.5297380589532756     
        1062  -1.9980088270160923     
        1063  -4.9324241486737117     
        1064  -4.1672554892484586     
        1065   4.9324241486645075     
        1066  -3.7789200782658905     
        1067  -3.9148676411686507     
        1068   2.3952369770035498     
        1069  -2.5759703944370300     
        1070 -0.75676022478393901     
        1071   1.8426000454174627     
        1072  0.40578688564863985     
        1073  0.46058105520688236     
        1074  -3.8350338643717472     
        1075  -2.3421467698390455     
        1076   3.7401158228397902E-002
        1077  -2.3511594694949394     
        1078  -3.1329132780330236     
        1079  -1.4330325762325593     
        1080  -1.7487420714476869     
        1081   1.0630540207976338     
        1082   1.6577299444227973     
        1083   3.5116124611440798     
        1084   1.8700005099319565     
        1085  -1.6592529150224151     
        1086  -1.7501836135326239     
        1087  -2.8844991406229670     
        1088   3.9148676411686778     
        1089   3.9148676411970698     
        1090   3.9950874139716572     
        1091  -4.9324241486642979     
        1092 -0.42999703034518155     
        1093  0.19203661004731631     
        1094  -2.4904168750409994     
        1095  -3.9148676411682413     
        1096  -4.9309229700731594     
        1097   1.0149655749350703     
        1098   1.6119913904016592     
        1099  -1.4802208160963009     
        1100   9.4326552052107618E-002
        1101   2.5283156110480594     
        1102   3.1072325060854111     
        1103   3.1135738143991811     
        1104  -9.0012769235178688E-002
        1105  -1.4307110794405236     
        1106  -1.6577299444223981     
        1107   1.5818476659774852     
        1108  -2.4924062715884920     
        1109  -1.6577299444225950     
        1110   1.7429230588624567     
        1111   2.8809366733758273     
        1112   2.1966525105272625     
        1113   3.5588566372709005     
        1114  -1.4307110794403242     
        1115  -1.5439447808426943     
        1116   1.4307110794403068     
        1117  0.34871048032184315     
        1118  -1.4307110794404165     
        1119 -0.61282164091765312     
        1120   2.0252616535529215     
        1121   4.9324241495324612     
        1122   4.9324241487266915     
        1123   4.9324241485576010     
        1124   1.6756506290376751     
        1125  -3.2386356069773781     
        1126  -2.1829409611928967     
        1127  -4.3908938358768230     
        1128  -1.4172715693160660     
        1129 -0.77815491177259521     
        1130  -3.1072325059522976     
        1131   3.3072793216694532     
        1132   4.9324241487385931     
        1133  0.93233801446583309     
        1134  -1.4181803063378260     
        1135  -2.5233897295991334     
        1136   2.3071296770288940     
        1137   3.4199518933142610     
        1138   2.6418424381596330     
        1139  0.11446568736387114     
        1140   3.2288504327372554     
        1141   1.0125031574319459     
        1142  -1.4745078918801406     
        1143  -3.3840356773734155     
        1144   3.6418578790084912     
        1145  -2.8305950683606671     
        1146  0.11446568754905341     
        1147  -1.5637229939256194     
        1148   2.0346894645865437     
        1149  -4.5960301754492301     
        1150  -4.9324241487255671     
        1151   1.9508049627994968     
        1152   1.9589862748928573     
        1153  -2.1402630585851807     
        1154  -4.9324241486774048     
        1155  -2.2611383709087671     
        1156  -1.4809701303839335     
        1157   4.9324241486631637     
        1158  -3.9148676412626959     
        1159   3.4199518934131699     
        1160   3.5802907870863168     
        1161 -0.20763578115877490     
 time 1.0e30
