           1         268
 time 0.0
         268
           1  0.90412088860761264     
           2  0.92659697578492350     
           3  0.84190259043486626     
           4 -0.40744763292585334     
           5 -0.21465321156395720     
           6 -0.29845542782560908     
           7  -8.9692374560435759E-002
           8 -0.27767829259204690     
           9 -0.39287819430578880     
          10 -0.24561300658754115     
          11 -0.34917530746834213     
          12 -0.36421310949713576     
          13  -3.3465848092250117E-002
          14 -0.21765041222085674     
          15   1.2190319871090449     
          16  0.99924597115681024     
          17   1.1069972555449743     
          18   1.1836436410078521     
          19  0.95351040631933648     
          20  0.98110636066125434     
          21   1.3129531425556342     
          22   1.0931671266034038     
          23   1.2212825229502660     
          24  0.66320463057084289     
          25  0.83082044626038010     
          26  0.76124641488024880     
          27  0.14808616219274126     
          28  0.90120163673363163     
          29   1.1053642042267873     
          30  0.91712842698788000     
          31  0.55460547019159689     
          32  0.70640730492447323     
          33  0.71227562990901183     
          34  0.61999689220284016     
          35  0.93402894833310557     
          36  0.96174284613266392     
          37   1.0183211668303431     
          38   1.0638809612860440     
          39   1.2124260882325721     
          40  0.73243200713233070     
          41  0.73941267466742477     
          42  0.73931524370379353     
          43  0.63784434229196429     
          44   1.2822860724114726     
          45   1.1453262906189672     
          46   1.1184672483536735     
          47  0.87569958757063071     
          48  0.82877193735839727     
          49  0.82812917743725312     
          50   1.1943541924315384     
          51   1.0225126827546720     
          52   1.0111991791381105     
          53   1.0198037064879759     
          54  0.85409472013547305     
          55   1.0122642987367838     
          56  0.87735410650859158     
          57  0.86643482566790508     
          58  0.71947009734858325     
          59  0.78683006490356000     
          60  0.87247332955673562     
          61  0.70485751386803108     
          62   1.0023490583523309     
          63  0.65387703792154517     
          64  0.55784024497732410     
          65  0.52938968423408994     
          66   1.1074920452328842     
          67  0.93544964502037753     
          68  0.99319554954465183     
          69   1.1973455331287672     
          70  0.97755951717538458     
          71   1.0811676387031586     
          72  0.98898497519915041     
          73   1.1362732918127092     
          74  0.66514849551692401     
          75  0.68948378854595849     
          76  0.53364697343351386     
          77  0.69200817405465087     
          78  0.66018220341371925     
          79  0.80520945450590076     
          80  0.99516218131406042     
          81  0.85888310984736516     
          82  0.62662457067622612     
          83  0.75929553744838363     
          84  0.94365755957484998     
          85  0.65943431971402844     
          86  0.80602603030617792     
          87  0.84547586430715638     
          88  0.80914828237090408     
          89  0.84775160001798411     
          90  0.75433238371891675     
          91  0.91419405906256701     
          92  0.86771455359552896     
          93  0.96317331983129206     
          94  0.61770208157684092     
          95  0.44090044742269419     
          96  0.46954364438490870     
          97  0.43947432175043560     
          98  0.52538592003528006     
          99  0.57148814064209197     
         100  0.43585219810273135     
         101  0.55420869132572081     
         102  0.54139277517527484     
         103  0.80940956664295949     
         104  0.72093460753995786     
         105  0.65113454551891237     
         106  0.80954302203618311     
         107  0.92041970321409106     
         108  0.92197979780607520     
         109  0.76878967211782701     
         110  0.89169253489084421     
         111  0.88210582812526772     
         112  0.66551677064009063     
         113  0.74405228837929094     
         114  0.77821288607543337     
         115  0.70640807200444555     
         116  0.74669102563487988     
         117   1.0205898066186201     
         118  0.89338751980177189     
         119  0.77985445749899329     
         120  0.53850508754413540     
         121  0.65211208198008852     
         122  0.57891251465372850     
         123  0.88978380386371492     
         124  0.91524595363823757     
         125  0.94636755685387852     
         126  0.54264186275231929     
         127  0.77138005323787995     
         128  0.85565853904160039     
         129  0.65331953558248546     
         130  0.45981863629920139     
         131  0.31592719302000022     
         132  0.41208920623563866     
         133  0.50692561581937301     
         134 -0.27212996608580603     
         135 -0.27799836317917426     
         136   4.8811928398350447E-002
         137 -0.13267542304136754     
         138  -6.8166425289063637E-002
         139   9.6278627059478261E-002
         140  0.16906835670520778     
         141  0.18604089219236952     
         142  0.24510793430097258     
         143  0.32799909180466696     
         144 -0.31198112086898944     
         145 -0.41484286263429182     
         146 -0.25083904242117416     
         147 -0.46134309428922932     
         148 -0.66562413648314822     
         149 -0.57765819931736584     
         150 -0.24400948509066184     
         151   4.0035235283721236E-002
         152 -0.20367874434479832     
         153  -1.5285448733553994E-002
         154 -0.40929434522668795     
         155 -0.27670437420789296     
         156 -0.16186448111597637     
         157 -0.29810473747533051     
         158 -0.51503417295911735     
         159 -0.50541138332691093     
         160   3.9325914411487084E-002
         161 -0.27816468690294077     
         162  -6.7125971378491731E-002
         163  -6.7769639782309626E-002
         164 -0.34190673749178374     
         165 -0.19497264142937573     
         166 -0.12560174901602383     
         167 -0.53196491294082937     
         168 -0.49812621930513440     
         169 -0.53364035180646052     
         170  0.90303185191790025     
         171   1.0369162796303055     
         172  0.99115422647633944     
         173 -0.56746220293332150     
         174 -0.55628053969495450     
         175 -0.74113211859095141     
         176 -0.59267638572800407     
         177 -0.59472839641008135     
         178 -0.52556995621054148     
         179 -0.42543771070245751     
         180 -0.26640365412401673     
         181 -0.43242180398535052     
         182 -0.62579920533312527     
         183 -0.38056674385743894     
         184 -0.55908980322732604     
         185 -0.51563248021180130     
         186 -0.34166404992044064     
         187 -0.56258431407005849     
         188 -0.43134000013806040     
         189 -0.69873389612711057     
         190 -0.48319136406186114     
         191 -0.36287663724379748     
         192 -0.54685507074160122     
         193 -0.35338957220583000     
         194 -0.22008342488006730     
         195 -0.26216488496656676     
         196 -0.17932204936133736     
         197 -0.41891589811827123     
         198 -0.31337468099439547     
         199 -0.41864974987821957     
         200 -0.66718286602944976     
         201 -0.49253139879129620     
         202 -0.58185697906497647     
         203 -0.53753437789280389     
         204 -0.58130037109752719     
         205 -0.63210108262353404     
         206 -0.52342470097677674     
         207 -0.77900686258872309     
         208 -0.51930085713347685     
         209 -0.48566501206760138     
         210 -0.34062540665659008     
         211 -0.42229862326195594     
         212 -0.20925588560808184     
         213 -0.17137170506926402     
         214  -3.1307913700676496E-002
         215  -7.8231389154874459E-002
         216 -0.20908601766048626     
         217 -0.34786822460573297     
         218 -0.34804562358016861     
         219 -0.24179109266430138     
         220 -0.11947902666063923     
         221  -3.9465733076181127E-002
         222  -9.7525579980070928E-002
         223   1.0775802475097540     
         224   1.0651941546363988     
         225   1.1729360216958054     
         226 -0.77901809122297383     
         227 -0.59292869073094578     
         228 -0.69568752716145654     
         229  0.28343799718286294     
         230 -0.39047308876676756     
         231 -0.54566590027765260     
         232 -0.45344987376056461     
         233   2.1398540196081534E-002
         234   6.1302012379492184E-002
         235  0.11996411002870194     
         236   5.8804032696388529E-002
         237  0.12215004918455810     
         238   2.8467664840137199E-003
         239  0.51092738614500288     
         240  0.31823885984513423     
         241  0.37363660423704897     
         242  0.36438311939212403     
         243  0.17856347363277814     
         244  0.24692403148404984     
         245  0.19465828312156738     
         246 -0.11896821643325717     
         247 -0.36035558684340330     
         248 -0.42724472572867483     
         249 -0.29147820930090013     
         250 -0.35192612033855308     
         251 -0.26288166208448199     
         252 -0.30009901864850430     
         253 -0.22434419574305703     
         254 -0.33923950030326921     
         255 -0.43767422025024594     
         256 -0.47332430480346160     
         257 -0.40440058946952301     
         258 -0.72015119162073826     
         259 -0.51703343514585398     
         260 -0.55767520520417690     
         261 -0.69768521640635872     
         262 -0.60309805876581857     
         263 -0.52303374916773648     
         264 -0.60990073805218181     
         265 -0.69444034365255880     
         266 -0.34163615693353616     
         267 -0.47572096143760584     
         268 -0.46841013667597459     
 time 1.0e30
