   1.0000000000000001E-015
   1.0000000000000001E-015
   1.0000000000000001E-015
   1.0000000000000001E-015
   1.0000000000000001E-015
   4.1193925474986128E-003
   1.0000000000000001E-015
   7.0732909796899978E-003
   1.0000000000000001E-015
   1.0000000000000001E-015
   7.0732909800270485E-003
   4.1193925477398079E-003
   9.7561215438527637E-015
   1.0000000000000001E-015
   1.0000000000000001E-015
   1.0000000000000001E-015
   1.0000000000000001E-015
   1.0000000000000001E-015
   4.1193925472710795E-003
   1.0000000000000001E-015
   1.0000000000000001E-015
   1.0000000000000001E-015
   1.0000000000000001E-015
   1.0000000000000001E-015
   1.7823576394789088E-002
   1.0000000000000001E-015
   1.0000000000000001E-015
   1.6895005543247675E-003
   1.0000000000000001E-015
   1.0000000000000001E-015
   1.0000000000000001E-015
   1.0000000000000001E-015
   1.0000000000000001E-015
   1.0000000000000001E-015
   1.0000000000000001E-015
   4.2572746243702405E-003
   1.0000000000000001E-015
   5.4846827859260368E-015
   1.0000000000000001E-015
   2.0410632962123466E-014
   7.3100443453855794E-003
   1.0004980518895330E-015
   1.0000000000000001E-015
   1.0000000000000001E-015
   1.9481794019677202E-015
   1.0000000000000001E-015
   4.2572746244052950E-003
   4.2572746244245738E-003
   1.0000000000000001E-015
   1.0000000000000001E-015
   1.0000000000000001E-015
   1.0000000000000001E-015
   1.0000000000000001E-015
   1.0000000000000001E-015
   3.8268713494193601E-015
   1.3236754106806664E-002
   1.0000000000000001E-015
   1.0000000000000001E-015
   1.0000000000000001E-015
   2.5613008956019045E-002
   1.0000000000000001E-015
   1.0000000000000001E-015
   1.0000000000000001E-015
   1.0000000000000001E-015
   1.0000000000000001E-015
   1.0000000000000001E-015
   1.0000000000000001E-015
   1.6895005543304947E-003
   2.3783639230996668E-015
   1.0000000000000001E-015
   1.0000000000000001E-015
   1.6895005543223352E-003
   1.0000000000000001E-015
   4.2572746243969110E-003
   1.0000000000000001E-015
   1.0000000000000001E-015
   1.0000000000000001E-015
   1.6895005543178534E-003
   1.0000000000000001E-015
   1.0334773317547097E-015
   1.0000000000000001E-015
   1.0000000000000001E-015
   1.0000000000000001E-015
   1.6895005543222346E-003
   1.6895005543230469E-003
   5.4531152553466505E-015
   2.9897647167135532E-015
   1.0000000000000001E-015
   3.9111013350521734E-015
   1.0000000000000001E-015
   1.0000000000000001E-015
   1.0000000000000001E-015
   1.0000000000000001E-015
   1.8783657709236040E-015
   1.0000000000000001E-015
   7.3100443455088281E-003
   1.0000000000000001E-015
  0.10615521193906935     
   1.0000000000000001E-015
  0.13899650914045089     
   1.0000000000000001E-015
   1.6895005543102640E-003
   1.0000000000000001E-015
   1.0000000000000001E-015
   1.0000000000000001E-015
   1.0000000000000001E-015
   4.2572746244122312E-003
   1.6347820158429437E-003
   1.0000000000000001E-015
   1.0000000000000001E-015
   1.0000000000000001E-015
   1.0000000000000001E-015
   1.0000000000000001E-015
   1.0000000000000001E-015
   4.1193925475212527E-003
   1.0000000000000001E-015
   1.0000000000000001E-015
   4.2581464078315711E-015
   1.0000000000000001E-015
   1.0000000000000001E-015
   1.6347820158432792E-003
   1.0000000000000001E-015
   1.0000000000000001E-015
   1.0000000000000001E-015
   1.0000000000000001E-015
   1.0000000000000001E-015
   1.0000000000000001E-015
   1.6347820158416075E-003
   1.0000000000000001E-015
   1.0000000000000001E-015
   1.0000000000000001E-015
   1.0000000000000001E-015
   1.0000000000000001E-015
   1.0000000000000001E-015
   1.0000000000000001E-015
   1.6347820158489348E-003
   1.0000000000000001E-015
   2.8013444051858184E-015
   1.0000000000000001E-015
   1.0000000000000001E-015
   1.0000000000000001E-015
   1.0000000000000001E-015
   2.6732629341908573E-015
   1.6347820158388565E-003
   9.2373212993702142E-015
   8.9628212387550486E-015
   1.6347820158430415E-003
   1.0000000000000001E-015
   1.0000000000000001E-015
   1.0000000000000001E-015
   1.0000000000000001E-015
   3.7893322022278023E-014
   1.0000000000000001E-015
   1.0000000000000001E-015
   1.0000000000000001E-015
   1.0000000000000001E-015
   1.0000000000000001E-015
   1.0000000000000001E-015
   1.0000000000000001E-015
   1.0000000000000001E-015
   1.0000000000000001E-015
   1.0000000000000001E-015
   1.6347820156586369E-003
   1.0380218766710022E-002
   1.0380218766752098E-002
   1.5400725836679596E-015
   1.0000000000000001E-015
   1.0000000000000001E-015
   1.0000000000000001E-015
   1.0000000000000001E-015
   1.0000000000000001E-015
   1.0000000000000001E-015
   1.0000000000000001E-015
   3.0604352628302241E-002
   1.0000000000000001E-015
   1.0000000000000001E-015
   1.0000000000000001E-015
   1.0000000000000001E-015
   1.1964194569203477E-015
   7.0732909796393482E-003
   1.0000000000000001E-015
   1.0000000000000001E-015
   4.1193925474651283E-003
   1.6347820158685137E-003
   1.0000000000000001E-015
   1.0000000000000001E-015
   1.0000000000000001E-015
   2.0406243567341145E-014
   1.0000000000000001E-015
   4.1331571553761805E-002
   1.0000000000000001E-015
  0.11696070952868085     
   1.0000000000000001E-015
   5.1643556358419149E-002
   1.0000000000000001E-015
   5.0791416534749879E-015
   1.0000000000000001E-015
   4.1193925475024647E-003
   1.0000000000000001E-015
   1.0000000000000001E-015
   7.4664956812058387E-015
   1.0000000000000001E-015
   1.6347820158323413E-003
   1.0000000000000001E-015
   1.0000000000000001E-015
   1.2671653239180517E-015
   1.0000000000000001E-015
   7.0732909796732057E-003
   1.0000000000000001E-015
   1.0000000000000001E-015
   1.6347820158435326E-003
   1.0380218766812489E-002
   2.1148245154073511E-015
   2.6156512253744903E-002
   1.0000000000000001E-015
   1.0000000000000001E-015
   1.0000000000000001E-015
   1.0000000000000001E-015
   4.9970955589696810E-002
   1.0000000000000001E-015
   1.0000000000000001E-015
   1.0000000000000001E-015
   1.0000000000000001E-015
   1.0000000000000001E-015
   1.0000000000000001E-015
   6.0597727881693155E-015
   1.0000000000000001E-015
   1.0000000000000001E-015
   1.0000000000000001E-015
   7.0732909795391246E-003
   1.0000000000000001E-015
   4.1193925473331297E-003
   1.0000000000000001E-015
   1.0000000000000001E-015
   1.0000000000000001E-015
   8.3938221667621433E-015
   1.0000000000000001E-015
   1.0000000000000001E-015
   1.0000000000000001E-015
   1.0000000000000001E-015
   3.0859466449936207E-015
   1.6347820158307089E-003
   1.7823576394904297E-002
   1.0000000000000001E-015
   1.6347820158442181E-003
   1.0000000000000001E-015
   1.0000000000000001E-015
   1.0000000000000001E-015
   4.1193925475051458E-003
   1.0000000000000001E-015
   1.0000000000000001E-015
   1.0000000000000001E-015
   1.0000000000000001E-015
   1.0000000000000001E-015
   1.0000000000000001E-015
   4.1193925475064520E-003
   1.6347820158449133E-003
   1.0000000000000001E-015
   1.0000000000000001E-015
   1.0000000000000001E-015
   1.0000000000000001E-015
   1.0000000000000001E-015
   1.0000000000000001E-015
   1.0000000000000001E-015
   1.6347820158415327E-003
   1.0000000000000001E-015
   1.0000000000000001E-015
   4.1193925475003770E-003
   1.0000000000000001E-015
   1.0000000000000001E-015
   1.0000000000000001E-015
   1.0000000000000001E-015
   1.0568023605351551E-015
   1.0000000000000001E-015
   1.8239447625168573E-015
   1.0000000000000001E-015
   1.0000000000000001E-015
   1.0000000000000001E-015
   1.0000000000000001E-015
   1.0000000000000001E-015
   1.0000000000000001E-015
   1.0000000000000001E-015
   1.0000000000000001E-015
   1.6347820148567152E-003
   1.7867912379890513E-013
   1.0000000000000001E-015
   1.6347820159299605E-003
   4.1577777818178877E-014
   1.0000000000000001E-015
   1.0000000000000001E-015
   1.0000000000000001E-015
   1.0000000000000001E-015
   1.0000000000000001E-015
   1.0000000000000001E-015
   1.0000000000000001E-015
   1.0000000000000001E-015
   1.0000000000000001E-015
   4.1193925474561658E-003
   1.1599948997050233E-015
   7.0732909796455534E-003
   1.0000000000000001E-015
   1.0000000000000001E-015
   2.6156512253270169E-002
   9.9263106007628664E-015
   1.0000000000000001E-015
   1.0000000000000001E-015
   1.0000000000000001E-015
   3.5220310855761501E-002
   1.0000000000000001E-015
   1.0000000000000001E-015
   1.0649952143824215E-015
   1.6347820158417309E-003
   1.0000000000000001E-015
   1.0000000000000001E-015
   1.0000000000000001E-015
   1.2455673610302081E-015
   1.6347820158025808E-003
   1.0000000000000001E-015
   1.0000000000000001E-015
   4.1193925475011732E-003
   1.0000000000000001E-015
   1.0000000000000001E-015
   1.0000000000000001E-015
   1.0000000000000001E-015
   1.0000000000000001E-015
   1.0000000000000001E-015
   1.6347820158417307E-003
   1.0000000000000001E-015
   1.0000000000000001E-015
   1.0000000000000001E-015
   1.0000000000000001E-015
   1.0000000000000001E-015
   1.6347820158405433E-003
   1.0000000000000001E-015
   1.0000000000000001E-015
   1.0000000000000001E-015
   1.0000000000000001E-015
   1.6347820158442981E-003
   1.0000000000000001E-015
   1.0000000000000001E-015
   1.0000000000000001E-015
   1.6347820158441487E-003
   1.0000000000000001E-015
   1.0000000000000001E-015
   1.6068279631443046E-015
   1.0000000000000001E-015
   1.0000000000000001E-015
   1.0000000000000001E-015
   1.0000000000000001E-015
   1.6347820158377571E-003
   1.0000000000000001E-015
   2.7509188900988525E-015
   1.4974017363459118E-014
   1.0000000000000001E-015
   1.0000000000000001E-015
   1.0000000000000001E-015
   1.6347820157965411E-003
   1.0000000000000001E-015
   1.0000000000000001E-015
   1.0000000000000001E-015
   1.6347820158092207E-003
   1.3977189625637421E-002
   1.0000000000000001E-015
   1.0000000000000001E-015
   1.0000000000000001E-015
   7.0732909797015442E-003
   1.0000000000000001E-015
   1.0000000000000001E-015
   3.5220310855872516E-002
   1.0000000000000001E-015
   1.0000000000000001E-015
   1.0000000000000001E-015
   1.0000000000000001E-015
   1.7823576394713370E-002
   1.0000000000000001E-015
   1.0000000000000001E-015
   1.0380218766776928E-002
   1.0000000000000001E-015
   1.0000000000000001E-015
   1.0000000000000001E-015
   1.0000000000000001E-015
   1.3977189625786632E-002
   1.0000000000000001E-015
   1.0000000000000001E-015
   1.0000000000000001E-015
   1.0000000000000001E-015
   1.0000000000000001E-015
   2.4194026394249482E-015
   1.0000000000000001E-015
   1.6347820158398143E-003
   1.0000000000000001E-015
   1.0000000000000001E-015
   7.0732909797014938E-003
   1.0000000000000001E-015
   3.9035702491120357E-015
   1.0000000000000001E-015
   1.0000000000000001E-015
   1.0000000000000001E-015
   4.1193925474981843E-003
   1.0000000000000001E-015
   1.0000000000000001E-015
   1.0000000000000001E-015
   7.0732909796902945E-003
   1.6347820158366098E-003
   1.0000000000000001E-015
   3.5220310855761980E-002
   1.0000000000000001E-015
   1.0000000000000001E-015
   1.0000000000000001E-015
   1.0000000000000001E-015
   1.0000000000000001E-015
   1.0000000000000001E-015
   3.2573079495990564E-015
   1.0000000000000001E-015
   1.0380218766787366E-002
   1.6347820158439769E-003
   1.0000000000000001E-015
   1.0000000000000001E-015
   1.0000000000000001E-015
   1.0000000000000001E-015
   1.0000000000000001E-015
   1.0000000000000001E-015
   1.0000000000000001E-015
   1.0000000000000001E-015
   1.1933645637775882E-014
   1.0000000000000001E-015
   1.5985335363605820E-014
   1.6347820158317560E-003
   1.0000000000000001E-015
   1.6347820158173925E-003
   1.6347820158370038E-003
   4.1193925474966326E-003
   1.0000000000000001E-015
   7.0732909796425072E-003
   1.0000000000000001E-015
   1.0000000000000001E-015
   1.6347820158395597E-003
   1.0000000000000001E-015
   1.6347820158103877E-003
   1.0000000000000001E-015
   1.0000000000000001E-015
   3.5164470648188905E-015
   1.0000000000000001E-015
   1.0000000000000001E-015
   1.2926642959636019E-015
   1.6347820158429435E-003
   4.1193925474926618E-003
   3.8070195982192792E-015
   1.0000000000000001E-015
   1.0000000000000001E-015
   2.1890578465787718E-002
   1.0000000000000001E-015
   1.1529665887815875E-015
   1.0000000000000001E-015
   1.6347820158229749E-003
   4.4584812513572237E-015
   1.0000000000000001E-015
   1.0380218766798271E-002
   1.0000000000000001E-015
   1.7114220568744157E-014
   1.0000000000000001E-015
   1.0000000000000001E-015
   1.0000000000000001E-015
   1.3977189625978628E-002
   1.0000000000000001E-015
   1.0000000000000001E-015
   1.0000000000000001E-015
   1.1934371767899140E-015
   1.6347820158290360E-003
   1.0000000000000001E-015
   1.6347820157647775E-003
   1.0000000000000001E-015
   1.0000000000000001E-015
   1.0000000000000001E-015
   4.1193925474054946E-003
   1.0000000000000001E-015
   5.5413565898315952E-015
   1.0000000000000001E-015
   4.1193925474770892E-003
   1.4294204119640157E-015
   1.6347820158383829E-003
   1.9283723928162056E-015
   1.0000000000000001E-015
   1.0000000000000001E-015
   1.7056112569938186E-015
   1.0000000000000001E-015
   1.0000000000000001E-015
   1.0000000000000001E-015
   1.0000000000000001E-015
   1.0000000000000001E-015
   4.1193925475173877E-003
   1.0000000000000001E-015
   1.0000000000000001E-015
   1.6347820158444262E-003
   1.0000000000000001E-015
   1.0000000000000001E-015
   1.0000000000000001E-015
   1.0000000000000001E-015
   1.6347820157208350E-003
   1.0000000000000001E-015
   1.0000000000000001E-015
   1.9214921061249810E-014
   1.0000000000000001E-015
   1.0000000000000001E-015
   4.9196286884846024E-014
   1.6347820156624893E-003
   1.2660913095330896E-014
   1.0000000000000001E-015
   1.0000000000000001E-015
   4.6123092028749290E-015
   1.0000000000000001E-015
   1.0000000000000001E-015
   1.0000000000000001E-015
   1.0000000000000001E-015
   1.0000000000000001E-015
   1.0000000000000001E-015
   1.6347820158583196E-003
   1.0000000000000001E-015
   1.0000000000000001E-015
   1.0000000000000001E-015
   1.6347820158261611E-003
   1.0000000000000001E-015
   1.0000000000000001E-015
   1.0000000000000001E-015
   1.0000000000000001E-015
   1.0000000000000001E-015
   1.0000000000000001E-015
   1.0000000000000001E-015
   1.6347820158499006E-003
   1.0000000000000001E-015
   1.3387509217997654E-015
   1.0000000000000001E-015
   1.0000000000000001E-015
   7.0732909796617834E-003
   1.0000000000000001E-015
   1.7234925113493149E-015
   1.0000000000000001E-015
   1.0000000000000001E-015
   1.0380218766733841E-002
   1.0000000000000001E-015
   5.5160801207806393E-002
   1.0000000000000001E-015
   1.0000000000000001E-015
   1.0000000000000001E-015
   1.0000000000000001E-015
   1.0000000000000001E-015
   1.0000000000000001E-015
   1.0000000000000001E-015
   1.0000000000000001E-015
  0.10692935966474536     
   1.0000000000000001E-015
   7.1459243335418143E-002
   1.0000000000000001E-015
   1.0000000000000001E-015
   1.0000000000000001E-015
   1.6347820158523539E-003
   1.0000000000000001E-015
  0.14565448051473109     
   7.6243051908520703E-015
   1.6347820158430140E-003
   7.0732909796566990E-003
   1.3977189625768350E-002
   1.0000000000000001E-015
   1.6347820158198829E-003
   1.0000000000000001E-015
   1.0000000000000001E-015
   1.0000000000000001E-015
   1.0000000000000001E-015
   1.0000000000000001E-015
   1.5044579575760560E-015
   1.0000000000000001E-015
   1.0000000000000001E-015
   1.6347820158391828E-003
   1.0000000000000001E-015
   1.0000000000000001E-015
   1.6347820158400075E-003
   1.0000000000000001E-015
   1.0000000000000001E-015
   1.0000000000000001E-015
   1.0000000000000001E-015
   1.0000000000000001E-015
   1.0000000000000001E-015
   1.6347820158434073E-003
   1.0000000000000001E-015
   1.0000000000000001E-015
   1.0000000000000001E-015
   1.0000000000000001E-015
   1.0000000000000001E-015
   1.0000000000000001E-015
   7.1459243335536327E-002
   1.0000000000000001E-015
   1.0000000000000001E-015
   1.0000000000000001E-015
   4.1193925476501582E-003
   2.8580088607932543E-015
   1.3977189625459779E-002
   1.6347820158436157E-003
   1.0000000000000001E-015
   1.0000000000000001E-015
   1.7823576394455844E-002
   1.7691639648798516E-015
   1.0000000000000001E-015
   1.0000000000000001E-015
   1.6347820158355126E-003
   1.0000000000000001E-015
   1.0000000000000001E-015
   1.0000000000000001E-015
   1.0000000000000001E-015
   1.6347820158271226E-003
   1.0000000000000001E-015
   2.8428629352342302E-015
   1.3977189625999781E-002
  0.11317265567500105     
   1.0000000000000001E-015
  0.17303944145033709     
   1.0000000000000001E-015
   1.0000000000000001E-015
   1.0000000000000001E-015
   1.0000000000000001E-015
   1.0000000000000001E-015
   1.0000000000000001E-015
   1.6347820158448827E-003
   1.0000000000000001E-015
   1.5002539181693012E-014
   1.0000000000000001E-015
   1.6347820157830370E-003
   3.7217004019251358E-015
   1.0000000000000001E-015
   1.6347820158300380E-003
   3.1155215861836667E-014
   1.2236797505344784E-015
   1.0646295146501597E-015
   1.0000000000000001E-015
   5.5160801207600550E-002
   1.0000000000000001E-015
   1.6347820158191877E-003
   1.7100429537110612E-015
   1.6347820158309650E-003
   1.3977189625611871E-002
   3.9750751509612638E-002
  0.10723941207855177     
   1.0000000000000001E-015
   1.0000000000000001E-015
   3.9750751509616634E-002
   1.0456128174222313E-015
   8.8749622064614800E-002
  0.24665545562300478     
   1.0000000000000001E-015
   2.2975130416346957E-015
   1.0465535220563361E-015
   1.6895005543113338E-003
   1.6563934995106304E-014
   1.6895005542607018E-003
   1.0000000000000001E-015
   1.4735919740669708E-015
   1.0000000000000001E-015
   2.9014817265074726E-015
   1.0000000000000001E-015
   2.7032008869083163E-002
   1.0000000000000001E-015
   1.0000000000000001E-015
   1.0000000000000001E-015
   1.6895005543208449E-003
   1.8420157493013227E-002
   1.0000000000000001E-015
   4.2572746243205416E-003
   1.0000000000000001E-015
   1.0000000000000001E-015
   1.0000000000000001E-015
   1.0000000000000001E-015
   1.6527401692364032E-015
   1.0000000000000001E-015
   1.0000000000000001E-015
   7.3100443455020149E-003
   1.0000000000000001E-015
   1.0000000000000001E-015
   1.0000000000000001E-015
   1.0000000000000001E-015
   2.3657749532503583E-015
   7.9699392688908327E-002
   7.9699392688828266E-002
   2.3289214427808685E-015
   1.0000000000000001E-015
   1.0000000000000001E-015
   1.3934301207689137E-014
   3.9750751509711461E-002
  0.24665545562285363     
   8.6769190524406236E-015
   1.8163715162689266E-015
   1.0000000000000001E-015
   9.9197180386504930E-015
   1.0000000000000001E-015
   1.0000000000000001E-015
   1.0000000000000001E-015
   1.6895005543080387E-003
   1.0000000000000001E-015
   1.0000000000000001E-015
   1.0000000000000001E-015
   1.0000000000000001E-015
   1.0000000000000001E-015
   1.6895005543210865E-003
   1.0000000000000001E-015
   1.0000000000000001E-015
   1.0000000000000001E-015
   1.0000000000000001E-015
   1.0000000000000001E-015
   1.8420157493086960E-002
   7.3100443454748188E-003
   4.2572746243779019E-003
   1.0000000000000001E-015
   1.0000000000000001E-015
   1.0000000000000001E-015
   1.6895005543244067E-003
   4.2572746244085996E-003
   1.0000000000000001E-015
   1.0000000000000001E-015
   1.0000000000000001E-015
   1.0000000000000001E-015
   1.0000000000000001E-015
   1.0000000000000001E-015
   1.0000000000000001E-015
   1.6895005543231189E-003
   1.0000000000000001E-015
   1.0000000000000001E-015
   1.0000000000000001E-015
   1.0000000000000001E-015
   1.0000000000000001E-015
   1.0000000000000001E-015
   3.3171200292392475E-015
   1.0000000000000001E-015
   1.0000000000000001E-015
   6.2984948173372456E-003
   1.0000000000000001E-015
   1.0000000000000001E-015
   1.6895005561415074E-003
   1.6895005542621345E-003
   6.8116393990779650E-002
   1.0000000000000001E-015
   1.0000000000000001E-015
   1.0000000000000001E-015
   1.0062429739617228E-015
   1.0000000000000001E-015
   1.0000000000000001E-015
   2.0233036946997069E-014
   1.0000000000000001E-015
   1.0000000000000001E-015
   1.0000000000000001E-015
   1.0000000000000001E-015
   1.0000000000000001E-015
   1.0000000000000001E-015
   1.0000000000000001E-015
   8.8232224301318843E-015
   6.2500000000094258E-002
   1.0000000000000001E-015
   1.0000000000000001E-015
   1.0000000000000001E-015
   1.0000000000000001E-015
   1.6895005543015587E-003
   1.0000000000000001E-015
   2.2623288055294847E-002
   1.0000000000000001E-015
   7.3100443455887945E-003
   1.0000000000000001E-015
   1.6895005540357030E-003
   1.6895005545892738E-003
   3.6399186030713931E-002
   1.0260198939609657E-015
   4.7518019976001503E-015
   8.5862245054471684E-014
   1.0000000000000001E-015
   1.0000000000000001E-015
   1.0000000000000001E-015
   1.0000000000000001E-015
   1.0000000000000001E-015
   1.0000000000000001E-015
   1.0000000000000001E-015
   1.0000000000000001E-015
   4.6415888336320030E-002
   1.2035297321542676E-015
   1.0000000000000001E-015
   1.0000000000000001E-015
   1.0000000000000001E-015
   1.0000000000000001E-015
   1.0000000000000001E-015
   1.0000000000000001E-015
   1.0000000000000001E-015
   1.0000000000000001E-015
   9.5013006609796862E-015
   3.3820393035731587E-003
   2.2623288055967170E-002
   2.3720462396916460E-014
   1.0000000000000001E-015
   4.3712804946043092E-015
   1.0000000000000001E-015
   1.8420157493229679E-002
   1.0000000000000001E-015
   1.6895005543075589E-003
   1.7957354102467035E-015
   1.0000000000000001E-015
   1.0000000000000001E-015
   1.0000000000000001E-015
   1.0000000000000001E-015
   1.0129326021205642E-015
   1.6895005543107395E-003
   1.0000000000000001E-015
   2.2328252440811306E-015
   1.0000000000000001E-015
   1.0000000000000001E-015
   1.0000000000000001E-015
   2.4391483180189193E-003
   3.6657754701547034E-014
   3.6528990133941872E-004
   1.0000000000000001E-015
   1.0000000000000001E-015
   1.0000000000000001E-015
   1.0000000000000001E-015
   1.0000000000000001E-015
   1.0000000000000001E-015
   1.0000000000000001E-015
   1.0000000000000001E-015
   1.0000000000000001E-015
   1.6895005542974094E-003
   1.0000000000000001E-015
   1.0000000000000001E-015
   4.2572746243672863E-003
   1.4087343159253188E-015
   1.0000000000000001E-015
   1.0000000000000001E-015
   1.0000000000000001E-015
   1.0000000000000001E-015
   1.0000000000000001E-015
   1.0000000000000001E-015
   1.0000000000000001E-015
   1.0000000000000001E-015
   5.9879165469344040E-015
   1.6895005543469794E-003
   1.0000000000000001E-015
   1.0000000000000001E-015
   5.5230248545381238E-015
   1.0000000000000001E-015
   1.0000000000000001E-015
   1.0000000000000001E-015
   1.0000000000000001E-015
   1.0000000000000001E-015
   1.6895005543013368E-003
   1.0000000000000001E-015
   1.5447128640295521E-015
   4.2572746244040971E-003
   1.0000000000000001E-015
   1.0000000000000001E-015
   1.0000000000000001E-015
   1.6895005543239700E-003
   1.0000000000000001E-015
   1.0000000000000001E-015
   1.0000000000000001E-015
   1.0000000000000001E-015
   1.6895005543231167E-003
   1.0000000000000001E-015
   1.0000000000000001E-015
   1.0000000000000001E-015
   1.0000000000000001E-015
   1.0000000000000001E-015
   1.0000000000000001E-015
   1.0000000000000001E-015
   5.1801778437321399E-003
   2.8746356230497549E-015
   1.5310287340423510E-015
   1.0000000000000001E-015
   1.0000000000000001E-015
   1.0000000000000001E-015
   1.0000000000000001E-015
   2.8016299466923123E-015
   1.0000000000000001E-015
   1.0000000000000001E-015
   3.3123102880684145E-002
   1.0000000000000001E-015
   7.3100443455615567E-003
   7.3100443455236773E-003
   1.0000000000000001E-015
   3.0237191127432428E-015
   1.0000000000000001E-015
   1.6895005543766770E-003
   1.0000000000000001E-015
   1.0000000000000001E-015
   1.0000000000000001E-015
   1.6895005543236653E-003
   1.0000000000000001E-015
   1.0000000000000001E-015
   1.0000000000000001E-015
   9.2604669959701081E-015
   1.0000000000000001E-015
   6.6184374410960922E-015
   1.0000000000000001E-015
   1.0000000000000001E-015
   1.0000000000000001E-015
   1.6895005543005818E-003
   5.3306093305945404E-013
   1.0000000000000001E-015
   1.0160706440708038E-003
   1.0000000000000001E-015
   1.0000000000000001E-015
   1.0000000000000001E-015
   1.0000000000000001E-015
   1.0000000000000001E-015
   1.2897860834646419E-015
   1.0000000000000001E-015
   2.4805173515802485E-015
   5.0312034809007982E-015
   1.0000000000000001E-015
   1.0000000000000001E-015
   1.0000000000000001E-015
   1.0000000000000001E-015
   1.0000000000000001E-015
   1.6895005543234465E-003
   1.0000000000000001E-015
   2.0420470783750801E-015
   1.0000000000000001E-015
   3.1628724948821511E-002
   1.0000000000000001E-015
   1.0000000000000001E-015
   1.0727659829107838E-002
   1.0727659828793651E-002
   1.0000000000000001E-015
   1.0000000000000001E-015
   1.0000000000000001E-015
   1.6974182597993100E-014
   1.0000000000000001E-015
   2.0274993430897588E-014
   1.6895005542477666E-003
   1.0000000000000001E-015
   1.0000000000000001E-015
   1.0000000000000001E-015
   1.0000000000000001E-015
   1.0000000000000001E-015
   9.3664107280973796E-002
   1.0727659828952981E-002
   1.0000000000000001E-015
   4.2572746244094392E-003
   1.0000000000000001E-015
   1.6895005543252099E-003
   1.6895005543287834E-003
   1.0000000000000001E-015
   1.3365121217534655E-015
   1.6895005543243831E-003
   1.0000000000000001E-015
   1.0000000000000001E-015
   1.0000000000000001E-015
   1.0000000000000001E-015
   1.0000000000000001E-015
   1.6895005543082675E-003
   7.3100443455136124E-003
   1.7319289610765580E-015
   1.0000000000000001E-015
   1.0000000000000001E-015
   1.0000000000000001E-015
   1.0000000000000001E-015
   1.0000000000000001E-015
   1.0000000000000001E-015
   1.0000000000000001E-015
   1.0000000000000001E-015
   7.2630343251756028E-015
   1.6895005543258654E-003
   1.0000000000000001E-015
   1.0000000000000001E-015
   1.0000000000000001E-015
   1.0000000000000001E-015
   1.0000000000000001E-015
   1.0000000000000001E-015
   1.6895005543211860E-003
   1.0000000000000001E-015
   1.0000000000000001E-015
   1.0000000000000001E-015
   1.0000000000000001E-015
   2.8009032675440587E-015
   1.1722788070527926E-014
   1.6895005543145956E-003
   1.0000000000000001E-015
   1.3281105145544630E-014
   1.0000000000000001E-015
   1.6895005543169246E-003
   1.0000000000000001E-015
   1.0000000000000001E-015
   1.0000000000000001E-015
   4.3076200996999571E-015
   1.0000000000000001E-015
   2.9972072923369832E-015
   1.0000000000000001E-015
   1.6895005542777535E-003
   4.2572746243501013E-003
   1.0000000000000001E-015
   1.0000000000000001E-015
   2.5156402764970639E-015
   1.0000000000000001E-015
   1.0000000000000001E-015
   1.0000000000000001E-015
   1.0000000000000001E-015
   1.0000000000000001E-015
   2.4830226889742101E-014
   1.0000000000000001E-015
   1.0841517315109977E-014
   1.0000000000000001E-015
   1.6895005543973167E-003
   1.0000000000000001E-015
   1.0000000000000001E-015
   1.0000000000000001E-015
   1.0000000000000001E-015
   1.0000000000000001E-015
   1.0000000000000001E-015
   3.3564945715504790E-014
   1.0000000000000001E-015
   4.8687890368537330E-014
   7.3100443453078473E-003
   1.0000000000000001E-015
   1.0000000000000001E-015
   1.0000000000000001E-015
   1.0000000000000001E-015
   1.0000000000000001E-015
   1.0000000000000001E-015
   8.5657055228338247E-002
   1.0000000000000001E-015
   1.0000000000000001E-015
   1.0000000000000001E-015
   9.7885282433190654E-002
   1.0000000000000001E-015
   1.0000000000000001E-015
   9.7518965977726803E-014
   1.0000000000000001E-015
   1.0000000000000001E-015
   1.0000000000000001E-015
   1.0000000000000001E-015
   1.0000000000000001E-015
   1.3535037223612572E-015
   1.0000000000000001E-015
   7.3100443455351178E-003
   1.6895005542868372E-003
   4.1331571554018176E-002
   2.2623288055395249E-002
   1.6895005544759567E-003
   3.6399186030563045E-002
   1.0000000000000001E-015
   1.3319839354301466E-015
   4.2572746243994854E-003
   1.0000000000000001E-015
   1.6895005541499410E-003
   1.0000000000000001E-015
   8.8360027803590557E-014
   1.0000000000000001E-015
   1.0000000000000001E-015
   1.0000000000000001E-015
   4.1331571554208531E-002
   1.0000000000000001E-015
   1.0000000000000001E-015
   1.0000000000000001E-015
   4.6415888336256331E-002
   1.0000000000000001E-015
   1.0000000000000001E-015
   1.0000000000000001E-015
   1.0000000000000001E-015
   1.0000000000000001E-015
   1.1942106585531956E-015
   1.0000000000000001E-015
   1.0000000000000001E-015
   1.6895005543198954E-003
   1.0000000000000001E-015
   1.6895005543242163E-003
   1.0000000000000001E-015
   4.2572746244088702E-003
   1.0000000000000001E-015
   1.0000000000000001E-015
   1.0000000000000001E-015
   1.0000000000000001E-015
   1.0000000000000001E-015
   1.0000000000000001E-015
   1.0000000000000001E-015
   1.0000000000000001E-015
   1.0000000000000001E-015
   1.0000000000000001E-015
   1.0380218766746505E-002
   1.0000000000000001E-015
  0.10692935966476243     
   1.0000000000000001E-015
  0.13241734328349289     
   1.0000000000000001E-015
   1.0000000000000001E-015
   1.0000000000000001E-015
   1.5135748437952715E-015
   1.4445026548918560E-002
   4.2572746244092232E-003
   4.2572746243677712E-003
   1.0000000000000001E-015
   1.6895005543241268E-003
   1.0000000000000001E-015
   1.0000000000000001E-015
   1.0000000000000001E-015
   4.2572746244087687E-003
   1.0000000000000001E-015
   1.0000000000000001E-015
   3.2372307557625877E-015
  0.20830225462344212     
   1.0000000000000001E-015
   1.0000000000000001E-015
   1.0727659828343372E-002
   1.0640531837561105E-002
   1.0000000000000001E-015
  0.23866692551765967     
  0.13241734328353544     
  0.15971340468272616     
   3.4973759968308515E-015
  0.13241734328351445     
   1.0000000000000001E-015
   1.0000000000000001E-015
   1.0000000000000001E-015
   1.0000000000000001E-015
  0.23866692551770399     
   1.0000000000000001E-015
  0.23866692551770796     
   1.0000000000000001E-015
  0.23866692551768340     
   1.0000000000000001E-015
   4.5256932741013997E-015
   1.6895005539272919E-003
   1.6895005542957233E-003
   1.6895005543728239E-003
   1.0000000000000001E-015
   1.0000000000000001E-015
   1.0000000000000001E-015
   8.3609720357653855E-015
   1.0000000000000001E-015
   1.1389091357657863E-015
   1.0727659828958784E-002
   9.0720205026723532E-015
   1.6895005542902390E-003
   1.0000000000000001E-015
   1.0000000000000001E-015
   1.0000000000000001E-015
   1.0000000000000001E-015
   7.3100443456431902E-003
   4.8121408383221055E-015
   1.0000000000000001E-015
   4.1323964159813482E-015
   1.0000000000000001E-015
   1.0000000000000001E-015
   1.0000000000000001E-015
   3.6303113826129138E-014
   1.0000000000000001E-015
   1.0000000000000001E-015
   1.0000000000000001E-015
   1.0000000000000001E-015
   7.8864806887102765E-015
   1.6895005542963944E-003
   1.0000000000000001E-015
   1.0000000000000001E-015
   1.0000000000000001E-015
   1.6895005543180032E-003
   1.0000000000000001E-015
   1.0000000000000001E-015
   1.6895005543246546E-003
   4.2572746242722547E-003
   7.3100443453615205E-003
   6.2503366929703953E-015
   1.0000000000000001E-015
