   1.0000000000000001E-015
   3.0053102397121816E-013
   1.9933895614720272E-003
   1.0000000000000001E-015
   1.0000000000000001E-015
   1.0000000000000001E-015
   5.6538508633133004E-003
   9.7080654127048045E-003
   2.4462791934519511E-002
   1.0000000000000001E-015
   1.0000000000000001E-015
   1.0000000000000001E-015
   1.0000000000000001E-015
  0.99999999999999278     
   1.0000000000000001E-015
  0.99999999999999356     
   1.0000000000000001E-015
   1.0000000000000001E-015
   1.9933895611534804E-003
   1.0000000000000001E-015
   1.0000000000000001E-015
   1.0000000000000001E-015
   1.0000000000000001E-015
   1.0000000000000001E-015
   5.6538508633108709E-003
   1.0000000000000001E-015
   1.0000000000000001E-015
   1.9183640481223042E-002
   5.6538508633146769E-003
   1.0000000000000001E-015
   5.4764674118603932E-002
   5.0230269374608007E-003
   3.7317756412768278E-002
   1.0000000000000001E-015
   1.0000000000000001E-015
   1.0000000000000001E-015
   1.0000000000000001E-015
   1.0000000000000001E-015
   1.0000000000000001E-015
   2.2437322020219430E-003
   1.0000000000000001E-015
   1.0000000000000001E-015
   1.0000000000000001E-015
   2.2437322020205167E-003
   1.0000000000000001E-015
   1.0000000000000001E-015
   1.0000000000000001E-015
   2.2437322020188231E-003
   1.6173964118957843E-015
   1.0000000000000001E-015
   1.0000000000000001E-015
   1.2657234745432655E-002
   8.6248957140831022E-003
   1.0000000000000001E-015
   3.1894232978460994E-002
   1.0000000000000001E-015
   2.2437322020224045E-003
   1.0000000000000001E-015
   1.0000000000000001E-015
   1.0000000000000001E-015
   1.0000000000000001E-015
  0.12180852432179420     
   5.6538508632394029E-003
   9.0461613813069164E-002
   2.2437322020242303E-003
   1.0000000000000001E-015
   1.0000000000000001E-015
   3.3883708310069566E-015
   6.0932638276629800E-002
   1.1902660732841000E-015
   1.0000000000000001E-015
   1.0000000000000001E-015
   1.1778739370937193E-015
   1.0000000000000001E-015
   5.0230269374680900E-003
   1.0000000000000001E-015
   1.0000000000000001E-015
   1.9933895611499394E-003
   1.5976549150712832E-015
   1.0000000000000001E-015
   1.2380578791465470E-015
   1.0000000000000001E-015
   8.3002791723195482E-002
   1.0000000000000001E-015
   1.0000000000000001E-015
   1.0000000000000001E-015
   7.5707993334468857E-002
   2.1030689492969181E-015
  0.10584435346857066     
   1.0000000000000001E-015
   1.0000000000000001E-015
   1.0000000000000001E-015
   1.0000000000000001E-015
   9.0461613813027614E-002
   2.2437322020259342E-003
   1.0000000000000001E-015
   2.2437322020236491E-003
   1.0000000000000001E-015
   1.0000000000000001E-015
   1.0000000000000001E-015
   2.2437322020231591E-003
   1.0000000000000001E-015
   1.0000000000000001E-015
   1.0000000000000001E-015
   1.0000000000000001E-015
   1.0000000000000001E-015
   2.2437322019655697E-003
   5.6538508632371131E-003
   1.0000000000000001E-015
   1.0000000000000001E-015
   1.0000000000000001E-015
   2.2437322020233690E-003
   1.0000000000000001E-015
   1.0000000000000001E-015
   1.0000000000000001E-015
   1.0000000000000001E-015
   1.0000000000000001E-015
   1.9933895611551253E-003
   2.6692519356592614E-002
   1.0000000000000001E-015
   1.0000000000000001E-015
   1.2657234745423905E-002
   1.9933895611502542E-003
   1.0000000000000001E-015
   1.0000000000000001E-015
   1.5960450248836119E-015
   2.2437322020173863E-003
   1.0000000000000001E-015
   1.0983086194074197E-015
   1.0000000000000001E-015
   1.0000000000000001E-015
   2.2437322020159591E-003
   2.7148619363679824E-015
   3.7123961331210004E-015
   1.0000000000000001E-015
   1.0000000000000001E-015
   2.4462791934593487E-002
   1.0000000000000001E-015
   1.0000000000000001E-015
   1.0000000000000001E-015
   1.0000000000000001E-015
   9.7080654127666248E-003
   5.6538508633123940E-003
   1.9933895611521936E-003
   1.0000000000000001E-015
   1.0000000000000001E-015
   1.7043241009636126E-002
   1.0000000000000001E-015
   1.0000000000000001E-015
   1.0000000000000001E-015
   1.0000000000000001E-015
   5.0230269374905165E-003
   5.0230269374547413E-003
   1.0000000000000001E-015
  0.74776274604603787     
  0.68454420948159511     
   1.0000000000000001E-015
   9.7080654125831344E-003
   3.3770002978498199E-014
   2.2437322020227887E-003
   1.0000000000000001E-015
   1.0000000000000001E-015
   4.2905607946742485E-015
   1.9933895611522361E-003
   1.9933895611521178E-003
   8.6248957141144920E-003
   1.0000000000000001E-015
   3.5899715232587566E-002
   1.0000000000000001E-015
  0.19991022970192793     
   1.9183640481297112E-002
   1.0000000000000001E-015
   2.6887170018109278E-015
   1.4246811431375793E-002
   2.1115308875203700E-015
   1.0000000000000001E-015
   1.7043241010213522E-002
   1.0000000000000001E-015
   1.2657234745929421E-002
   1.0000000000000001E-015
   7.1688265788681245E-014
   1.0000000000000001E-015
   1.0000000000000001E-015
   1.0000000000000001E-015
   1.0000000000000001E-015
  0.82789631482110249     
   1.0000000000000001E-015
   1.0000000000000001E-015
   1.0000000000000001E-015
   1.0000000000000001E-015
   1.0000000000000001E-015
  0.90065876654255883     
   1.0000000000000001E-015
   1.0000000000000001E-015
   1.0000000000000001E-015
   1.0000000000000001E-015
   1.0000000000000001E-015
   1.9933895611529656E-003
   1.0000000000000001E-015
   4.2004359510244248E-002
   2.4462791934592713E-002
   1.0000000000000001E-015
   1.0000000000000001E-015
   1.0000000000000001E-015
   1.0000000000000001E-015
   2.4713751775694043E-014
   2.2437322020139525E-003
   1.0000000000000001E-015
   1.7043241017327650E-002
   1.0000000000000001E-015
   1.0000000000000001E-015
   2.1733375334815289E-002
   1.0000000000000001E-015
   1.0000000000000001E-015
   2.2437322020239315E-003
   1.0000000000000001E-015
   3.5899715232391535E-002
   1.0000000000000001E-015
   1.0000000000000001E-015
   5.6538508633193112E-003
   1.0000000000000001E-015
   2.2437322020239900E-003
   1.0000000000000001E-015
   2.2437322020243109E-003
   1.0000000000000001E-015
   1.0000000000000001E-015
   1.8805788973813483E-015
   1.0000000000000001E-015
   1.0000000000000001E-015
   2.2437322020239779E-003
   5.0230269374636925E-003
   1.0000000000000001E-015
   2.1733375326655691E-002
   3.7317756412747670E-002
   1.0000000000000001E-015
   1.0000000000000001E-015
   1.0000000000000001E-015
   2.2437322020242120E-003
   1.0000000000000001E-015
   1.0000000000000001E-015
   1.0000000000000001E-015
  0.13799833142532733     
   1.9933895611516385E-003
   1.0000000000000001E-015
  0.15354062718069342     
   1.0000000000000001E-015
   1.0000000000000001E-015
   1.0000000000000001E-015
   1.0000000000000001E-015
   2.2437322020232770E-003
   1.0000000000000001E-015
   1.0000000000000001E-015
   1.9183640481087116E-002
   1.0000000000000001E-015
   3.0044737065141405E-002
   2.4462791934668292E-002
   1.0000000000000001E-015
   1.0000000000000001E-015
   3.5899715232310232E-002
   2.2437322020164522E-003
   1.0000000000000001E-015
   1.0000000000000001E-015
   5.6538508633020906E-003
   1.0000000000000001E-015
   1.0000000000000001E-015
   1.0000000000000001E-015
   1.9933895611501601E-003
   1.1873644332071807E-015
   1.9933895611433348E-003
   1.0000000000000001E-015
  0.76057225034905651     
   2.2437322019187968E-003
   1.0000000000000001E-015
  0.23749598615545883     
   1.0000000000000001E-015
   1.0000000000000001E-015
  0.22794898290121934     
   1.4246811431181417E-002
   1.0000000000000001E-015
   1.0000000000000001E-015
   1.0000000000000001E-015
   1.0000000000000001E-015
  0.10584435346884136     
   1.5837390366997280E-014
   1.0000000000000001E-015
   1.0000000000000001E-015
   1.0000000000000001E-015
   5.6538508633146014E-003
   1.0000000000000001E-015
   3.4927046970993803E-014
   1.0000000000000001E-015
   1.0000000000000001E-015
   1.4264893544713434E-015
   1.3923268836397447E-015
   1.9888269566746517E-015
   1.9933895611358369E-003
   1.0000000000000001E-015
   1.0000000000000001E-015
   1.0000000000000001E-015
   1.0000000000000001E-015
   1.0000000000000001E-015
   1.8666053416393680E-015
   1.0000000000000001E-015
   1.0000000000000001E-015
   1.0000000000000001E-015
   1.0000000000000001E-015
   1.9933895611450297E-003
   1.0000000000000001E-015
   1.0048356561667509E-015
   1.0000000000000001E-015
   2.2437322020236522E-003
   1.9933895611507421E-003
   1.3332291886232949E-015
   5.0230269374723410E-003
   1.0000000000000001E-015
   1.0000000000000001E-015
   1.0000000000000001E-015
   2.4896473907206475E-015
   1.0000000000000001E-015
   1.0000000000000001E-015
   1.0000000000000002     
   1.0000000000000004     
   1.4953299290308447E-014
   1.0000000000000001E-015
   2.2437322020325331E-003
   1.0000000000000001E-015
   1.0000000000000001E-015
   1.0000000000000001E-015
   1.0000000000000001E-015
   1.0000000000000001E-015
   1.0000000000000001E-015
   1.9933895611521490E-003
   1.9933895611524105E-003
   1.0000000000000001E-015
   1.0000000000000001E-015
   5.0230269374736923E-003
   1.0000000000000001E-015
   1.0000000000000001E-015
   1.0000000000000001E-015
   1.9933895611518315E-003
   1.0000000000000001E-015
   1.0000000000000001E-015
   1.0000000000000001E-015
   1.0000000000000001E-015
   8.7134619987236858E-002
   1.0000000000000001E-015
   4.2946276203257201E-002
   1.0000000000000001E-015
   1.0000000000000001E-015
   1.0122833625364522E-015
   1.9933895611518116E-003
   1.0000000000000001E-015
   1.0000000000000001E-015
   1.0000000000000001E-015
   1.0000000000000001E-015
   1.0000000000000001E-015
   1.0000000000000001E-015
   1.0000000000000001E-015
   2.2437322020204247E-003
   1.0000000000000001E-015
   1.0000000000000001E-015
   1.0000000000000001E-015
   1.0000000000000001E-015
   1.9933895611551023E-003
   1.0000000000000001E-015
   8.0368430999574317E-002
  0.10821783483057394     
   1.0000000000000001E-015
   1.0000000000000001E-015
   2.0893473160224422E-015
   3.5566249140659245E-015
   1.0000000000000001E-015
   1.0000000000000001E-015
   1.0000000000000001E-015
   1.0000000000000001E-015
   5.0230269374313859E-003
   1.0000000000000001E-015
   1.7043241009576805E-002
   5.0230269374730557E-003
   1.0000000000000001E-015
   1.9933895610501980E-003
   4.0491234965527849E-014
   1.0000000000000001E-015
   5.6538508633161731E-003
   1.0000000000000001E-015
   1.0000000000000001E-015
   5.0230269374724884E-003
   1.9933895611530523E-003
   1.0000000000000001E-015
   1.0000000000000001E-015
   1.9933895611519495E-003
   1.0000000000000001E-015
   3.8417796596641755E-015
   1.7043241009461741E-002
   5.6538508633142085E-003
   1.0000000000000001E-015
   1.0000000000000001E-015
   1.0000000000000001E-015
   1.0000000000000001E-015
   1.9933895611514772E-003
   1.0000000000000001E-015
   1.9933895611515115E-003
   1.0000000000000001E-015
   1.0000000000000001E-015
   1.9933895611526178E-003
   1.0008157860778104E-014
   1.0000000000000001E-015
   1.4246811431317551E-002
   1.0000000000000001E-015
   1.0000000000000001E-015
   1.0000000000000001E-015
   2.4462791934603663E-002
   1.0000000000000001E-015
   1.0000000000000001E-015
   1.0000000000000001E-015
  0.10106411583896568     
   1.9933895611490182E-003
   1.0000000000000001E-015
   1.9933895611516082E-003
   1.0000000000000001E-015
   1.0000000000000001E-015
   1.0000000000000001E-015
   9.7080654126446737E-003
   1.0000000000000001E-015
   1.0000000000000001E-015
   1.0000000000000001E-015
   5.6538508633553206E-003
   2.2437322020316319E-003
   1.0000000000000001E-015
   2.2437322020232194E-003
   1.0000000000000001E-015
   6.8683614231600679E-015
   1.0000000000000001E-015
   4.4193917138105176E-015
   1.1987020010440593E-015
   1.0000000000000001E-015
   1.9933895611513146E-003
   1.0000000000000001E-015
   9.7080654127465835E-003
   1.0000000000000001E-015
   3.0044737065221483E-002
   1.0000000000000001E-015
   1.0000000000000001E-015
   1.0000000000000001E-015
   1.0000000000000001E-015
   2.2437322020152704E-003
   2.6578960445100014E-015
   1.0000000000000001E-015
   1.0000000000000001E-015
   1.0000000000000001E-015
   1.0000000000000001E-015
   2.0259593491476796E-015
   1.7043241009635671E-002
   1.0000000000000001E-015
   2.2437322020283476E-003
   1.0500018151717245E-015
   1.0000000000000001E-015
   1.0000000000000001E-015
   1.0000000000000001E-015
   5.0230269374713955E-003
   1.0000000000000001E-015
   1.0000000000000001E-015
   1.2657234745517812E-002
   1.0000000000000001E-015
   1.0000000000000001E-015
   8.6073439244869486E-015
   1.0000000000000001E-015
   1.0000000000000001E-015
   1.0000000000000001E-015
  0.27663469849442079     
   5.6538508632645859E-003
   3.5899715232301704E-002
  0.17282324350353978     
   1.0000000000000001E-015
   1.0000000000000001E-015
   1.0000000000000001E-015
   1.0000000000000001E-015
   1.9933895611344353E-003
   8.2081298442870357E-015
   1.0000000000000001E-015
   9.4989861963168527E-015
   1.0000000000000001E-015
   1.0000000000000001E-015
   1.0000000000000001E-015
   4.6600556528489726E-014
   1.0000000000000001E-015
   1.9933895605264511E-003
   1.0000000000000001E-015
   1.4111082375814436E-012
   1.0000000000000001E-015
   5.0230269310181132E-003
   1.0000000000000001E-015
   1.7043241009644272E-002
   1.3379745005332330E-013
   1.0000000000000001E-015
   1.0000000000000001E-015
   2.6692519357791423E-002
  0.12999602736750318     
   1.0000000000000001E-015
  0.14676014618248409     
   1.0000000000000001E-015
   1.0000000000000001E-015
   1.0000000000000001E-015
   2.2437322020228590E-003
   1.0000000000000001E-015
   1.0000000000000001E-015
   1.0000000000000001E-015
   1.0000000000000001E-015
   2.2437322018946612E-003
   1.0000000000000001E-015
   5.6538508631525071E-003
   1.0000000000000001E-015
   2.2437322019854037E-003
   1.0000000000000001E-015
   5.0230269373997194E-003
   1.9933895611518072E-003
   1.0000000000000001E-015
   3.7317756412624248E-002
   1.0000000000000001E-015
   5.4764674118603682E-002
  0.30029639625195320     
   1.0000000000000001E-015
   1.0000000000000001E-015
  0.43727903292675546     
   1.0000000000000001E-015
  0.44753757510043646     
   1.0000000000000001E-015
   1.0000000000000001E-015
   1.0000000000000001E-015
   5.6538508633103271E-003
   2.2437322020235125E-003
   1.0000000000000001E-015
   1.0000000000000001E-015
   2.2437322020243265E-003
   1.0000000000000001E-015
   1.9933895610921236E-003
   1.0000000000000001E-015
   1.0000000000000001E-015
   1.0000000000000001E-015
   1.0000000000000001E-015
   1.0000000000000001E-015
   1.0000000000000001E-015
   1.0000000000000001E-015
   1.0000000000000001E-015
   1.0000000000000001E-015
   3.5885838021773549E-014
   5.6538508633126247E-003
   1.0000000000000001E-015
   9.7080654129492565E-003
  0.96244328312966310     
   1.0000000000000001E-015
   2.3789010147082472E-014
   1.0000000000000001E-015
   1.0000000000000001E-015
   1.9933895611377382E-003
   1.0000000000000001E-015
   1.2134553240590067E-015
   1.0000000000000001E-015
   8.6248957140836486E-003
   1.0000000000000001E-015
   1.0000000000000001E-015
   1.9933895611529118E-003
   1.0000000000000001E-015
   1.0000000000000001E-015
   1.0000000000000001E-015
   1.0000000000000001E-015
  0.16948693322539690     
   1.0000000000000001E-015
   1.0000000000000001E-015
   1.0000000000000001E-015
  0.99999999999999367     
   1.0000000000000001E-015
   1.0000000000000001E-015
   1.0000000000000001E-015
   1.0000000000000001E-015
   1.0000000000000001E-015
   1.0000000000000001E-015
   1.9933895611314867E-003
   5.0230269374470062E-003
   1.0000000000000001E-015
   5.0230269374679200E-003
   1.0000000000000001E-015
   1.0000000000000001E-015
   1.9933895611407787E-003
   2.1733375326730434E-002
   1.0000000000000001E-015
   2.2437322020828869E-003
   4.8339744911696569E-002
   1.4246811431283847E-002
   1.2657234745198189E-002
   1.0000000000000001E-015
   1.0000000000000001E-015
   1.9933895608310755E-003
  0.20915392898376334     
   5.0230269374725578E-003
   1.9933895611522834E-003
   1.0000000000000001E-015
   1.0000000000000001E-015
   1.0000000000000001E-015
   1.9933895611518237E-003
   1.0000000000000001E-015
   1.0000000000000001E-015
   1.0462620179180093E-015
   1.0000000000000001E-015
   1.0000000000000001E-015
  0.27269185615419839     
   1.0000000000000001E-015
  0.29102115958463670     
   1.0000000000000001E-015
   1.0000000000000001E-015
   1.0000000000000001E-015
   1.0000000000000001E-015
   5.0230269374735405E-003
   1.0000000000000001E-015
   1.0000000000000001E-015
   1.0000000000000001E-015
   1.9933895611531269E-003
   1.0000000000000001E-015
   1.0000000000000001E-015
   1.0000000000000001E-015
   1.9933895610311668E-003
   1.0000000000000001E-015
   1.9933895611522032E-003
   1.0000000000000004     
  0.99999999999993727     
   1.0000000000000001E-015
   1.6926024498484001E-015
   1.9933895611509355E-003
   1.0000000000000001E-015
   5.5387590355088466E-014
   3.0206526711475001E-015
   1.9933895611519729E-003
   1.0000000000000001E-015
   2.2437322020231764E-003
   2.2437322019017839E-003
   1.0000000000000001E-015
   6.2276574207997815E-015
   1.0000000000000001E-015
   3.0044737065300128E-002
   1.7157644223021884E-014
   1.0000000000000001E-015
   1.0000000000000001E-015
   1.0000000000000001E-015
   1.9933895611550815E-003
   1.0000000000000001E-015
   8.6248957135863970E-003
   1.0000000000000001E-015
   1.0000000000000001E-015
   1.0000000000000001E-015
   1.0000000000000001E-015
  0.67206975216359754     
   8.6248957140804619E-003
   1.0000000000000001E-015
   4.2034890591967220E-015
   1.0000000000000001E-015
   1.0000000000000001E-015
   1.0000000000000001E-015
   1.0000000000000001E-015
