           1         658
 time -1.0e30
         658
           1   1.1503321068554206E-002
           2   1.9353147203039274E-002
           3   1.0734770021620436E-002
           4   2.2797411688072547E-002
           5   2.0058640277423045E-002
           6   1.8968959140446013E-002
           7   2.7643290725633100E-002
           8   1.4549811020639961E-002
           9   2.7997992076864989E-002
          10   1.9725272369876253E-002
          11   1.2121327803211590E-002
          12   1.9713553377363722E-002
          13   2.0606400920042331E-002
          14   2.3206485215053752E-002
          15   1.5470990143369188E-002
          16   2.5770114302301982E-002
          17   1.4156313729390439E-002
          18   1.7559020564024787E-002
          19   6.7732332818892255E-003
          20   2.6838770525689844E-002
          21   1.3579686648690914E-002
          22   1.5264118584288180E-002
          23   1.7506518842323772E-002
          24   2.1538008154707515E-002
          25   2.1250651919070766E-002
          26   1.2635753913641088E-002
          27   2.1244936697330841E-002
          28   1.2701975207437150E-002
          29   2.6442376947352780E-002
          30   2.5048149329470911E-002
          31   2.8352217111016084E-002
          32   2.8642391849378921E-002
          33   1.2552012421957817E-002
          34   1.4769321756276115E-002
          35   2.4054740568895453E-002
          36   2.2625199660173182E-002
          37   2.2786487514447132E-002
          38   2.3875656976477120E-002
          39   2.4296304165921677E-002
          40   2.5566199405762553E-002
          41   1.3959592177897866E-002
          42   2.8776065588626207E-002
          43   2.3080240247748025E-002
          44   2.8263471621597952E-002
          45   2.8263471621597841E-002
          46   1.7744266644884866E-002
          47   1.6146883297363201E-002
          48   1.5970836322260758E-002
          49   3.1772278858160065E-002
          50   3.1255431803435672E-002
          51   1.9605808937266052E-002
          52   9.8076508014495554E-003
          53   1.6822802266100233E-002
          54   1.1299505752859677E-002
          55   2.4451230294036026E-002
          56   2.1682594353915646E-002
          57   2.6133581555032339E-002
          58   3.4062352506463937E-002
          59   1.8958509315962064E-002
          60   2.3726067609566130E-002
          61   1.6704235229671242E-002
          62   2.4281635866204049E-002
          63   1.1106728267652646E-002
          64   2.2595176235863244E-002
          65   3.4253877473416627E-002
          66   1.1205225975328581E-002
          67   2.1060347383981378E-002
          68   2.5449825133445691E-002
          69   1.5835125147894799E-002
          70   2.0107025179514498E-002
          71   2.3071629519179428E-002
          72   2.4945295121249655E-002
          73   2.3185807950873855E-002
          74   2.1701288406738715E-002
          75   2.6868799238891638E-002
          76   1.3394784828112136E-002
          77   1.3893910458100208E-002
          78   1.0389471595634074E-002
          79   1.6486722969411737E-002
          80   1.6486722969411741E-002
          81   2.7889531524866056E-002
          82   1.2992279834614213E-002
          83   2.1404076382025593E-002
          84   1.9014844820205552E-002
          85   9.8077247776416944E-003
          86   1.5207562333831146E-002
          87   2.5803569583847250E-002
          88   2.6543551007945310E-002
          89   2.0206772355182832E-002
          90   3.2003242820772923E-002
          91   1.5913088384467044E-002
          92   3.1251358039368536E-002
          93   1.8506310153350185E-002
          94   1.8053045100113657E-002
          95   6.3198584021956217E-003
          96   2.5245099200155968E-002
          97   3.1579537657670451E-002
          98   1.1099873500197375E-002
          99   1.6801798996359803E-002
         100   1.4731391274719688E-002
         101   2.3322570098715155E-002
         102   1.5441063783531829E-002
         103   2.3418573925996087E-002
         104   2.3650851499760119E-002
         105   1.6242492581520874E-002
         106   2.8073882035102585E-002
         107   1.9799040677783382E-002
         108   2.0859369581978749E-002
         109   1.1235893709495339E-002
         110   1.2783099702881301E-002
         111   1.1361121272889881E-002
         112   2.2983473350454309E-002
         113   2.7589929122843235E-002
         114   2.9866510810350737E-002
         115   2.8170442345712282E-002
         116   1.6472856097010873E-002
         117   1.4885819461270960E-002
         118   8.3243113093713194E-003
         119   2.2410451950657134E-002
         120   2.4920723408661430E-002
         121   2.4267702229726233E-002
         122   1.9648570818630917E-002
         123   2.4812435348593068E-002
         124   3.0415124667662601E-002
         125   2.0962044016695734E-002
         126   2.6456854752257227E-002
         127   1.3004069769703593E-002
         128   1.3004069769703553E-002
         129   2.4065300785487475E-002
         130   3.1262220230547297E-002
         131   3.7116316900221519E-002
         132   1.2257241662511615E-002
         133   1.8355221802271338E-002
         134   1.0426058112241591E-002
         135   2.7862097739331033E-002
         136   1.6370570255317438E-002
         137   1.8868289258623518E-002
         138   2.3275816342842516E-002
         139   2.5388732344369256E-002
         140   1.5910986972794781E-002
         141   2.6575042265201812E-002
         142   1.4177739736263099E-002
         143   2.4892356154773573E-002
         144   1.8208315411095289E-002
         145   1.2216162014509131E-002
         146   1.2369493502856030E-002
         147   2.1516701029213107E-002
         148   2.4769123442801178E-002
         149   2.6936557553321142E-002
         150   1.2067721575252278E-002
         151   2.1129590406400608E-002
         152   1.2462679485799875E-002
         153   2.3749543105140217E-002
         154   2.0392754154565582E-002
         155   1.9597486422085031E-002
         156   6.6111989328542231E-003
         157   1.5970836322260758E-002
         158   1.9519768132565802E-002
         159   3.2865330451821960E-002
         160   1.8351840893507998E-002
         161   3.1826176768934088E-002
         162   2.0451098863836403E-002
         163   1.2896848780956954E-002
         164   2.8237740774413846E-002
         165   2.6802593021943523E-002
         166   1.2026164294030021E-002
         167   2.4753631920437825E-002
         168   1.1433962138740266E-002
         169   1.2471564149279557E-002
         170   2.0030804000717734E-002
         171   2.9492504058389588E-002
         172   1.4005078226123006E-002
         173   1.4167023519252869E-002
         174   2.3480821049762221E-002
         175   2.4113624261733340E-002
         176   1.6203687505755883E-002
         177   1.2909593049880338E-002
         178   1.2661265396966884E-002
         179   1.9655508205689953E-002
         180   2.5427368842548419E-002
         181   2.1655990410641538E-002
         182   1.8506890672778338E-002
         183   2.5194806793292973E-002
         184   2.6180001858710701E-002
         185   2.9538643512552348E-002
         186   2.2540533410757270E-002
         187   3.1250000000000000E-002
         188   2.3179513200534196E-002
         189   3.3336651073346796E-002
         190   1.2209445748099169E-002
         191   3.1641419118121787E-002
         192   2.2393886669881343E-002
         193   2.7238917345666705E-002
         194   1.5760050048060154E-002
         195   2.9624184355347541E-002
         196   1.3278696649981245E-002
         197   2.3956210277310076E-002
         198   2.2212029870652447E-002
         199   2.7982225301064669E-002
         200   1.8469061713666093E-002
         201   2.4813189533931454E-002
         202   1.5712403583865220E-002
         203   1.1605674513852724E-002
         204   2.4867638849924521E-002
         205   1.5910986972794781E-002
         206   2.3432291113525908E-002
         207   1.8868289258623518E-002
         208   3.5274556821280265E-002
         209   1.8645446015731527E-002
         210   1.1299505752859665E-002
         211   1.8222510267843849E-002
         212   1.0503908039991586E-002
         213   2.4167806137632249E-002
         214   1.3075138799097774E-002
         215   2.2173008074409844E-002
         216   2.2325677937832605E-002
         217   2.3371794106790127E-002
         218   1.4243435180324299E-002
         219   2.1676725528102552E-002
         220   2.2151039301104031E-002
         221   2.3342934359473017E-002
         222   1.5999975416376270E-002
         223   2.8821237881826983E-002
         224   1.8099257813122917E-002
         225   2.4324104603377004E-002
         226   2.4031446763886296E-002
         227   1.2443913898364144E-002
         228   1.3894956125430286E-002
         229   1.5369259026296144E-002
         230   2.7377419122034893E-002
         231   2.2049642985134319E-002
         232   1.7845923935655105E-002
         233   1.1936733256446872E-002
         234   2.1440736703313961E-002
         235   1.3817423177674371E-002
         236   1.4115245836543789E-002
         237   1.2696219688617295E-002
         238   1.8834839947351256E-002
         239   2.4428687116192650E-002
         240   1.8189694617302535E-002
         241   2.3878251364928358E-002
         242   2.1930791402221057E-002
         243   1.1817355509900851E-002
         244   1.4862990678000735E-002
         245   2.3087302705290181E-002
         246   1.9248541371017978E-002
         247   2.3272169792399041E-002
         248   2.7521538872610288E-002
         249   2.4539020218072655E-002
         250   3.0104737470496794E-002
         251   2.5418957302818634E-002
         252   1.9462623623240638E-002
         253   2.3275830486518625E-002
         254   2.4861264723047404E-002
         255   2.6582344341101963E-002
         256   1.0426058112241687E-002
         257   3.1262220230547297E-002
         258   1.5860482642116688E-002
         259   2.6598105794240500E-002
         260   1.3832937663816521E-002
         261   2.4627525408185268E-002
         262   2.2020567936695920E-002
         263   2.2020567936695969E-002
         264   1.2010119454833918E-002
         265   2.6688210059169347E-002
         266   2.6800832620983459E-002
         267   1.6081975095195877E-002
         268   1.8692348052825575E-002
         269   2.5871228483197235E-002
         270   1.6920447413949730E-002
         271   1.2986287489230808E-002
         272   2.2573573168108207E-002
         273   4.2406568085709036E-002
         274   1.5811407761246669E-002
         275   1.2337540102233367E-002
         276   1.9082625835350250E-002
         277   2.4685459752262731E-002
         278   2.7829467460205634E-002
         279   1.2325428106783311E-002
         280   2.2767596696477231E-002
         281   2.2519414165431326E-002
         282   1.3006974779269898E-002
         283   2.4971761375484579E-002
         284   9.7987432110424599E-003
         285   2.0942522343512241E-002
         286   1.6573767011158650E-002
         287   9.0366913017863489E-003
         288   2.4217712243395209E-002
         289   1.7680478122753317E-002
         290   2.3748961469128433E-002
         291   2.4242655606422848E-002
         292   1.8506310153350126E-002
         293   1.2931057335049956E-002
         294   1.8200724476758655E-002
         295   2.1847115247262079E-002
         296   2.4113624261733316E-002
         297   2.5072149670217720E-002
         298   1.5281368929104196E-002
         299   3.1708004406247520E-002
         300   2.4442115954210031E-002
         301   1.1939125682464202E-002
         302   2.3224393076990674E-002
         303   1.1044076759486024E-002
         304   2.7796760518404334E-002
         305   1.8081955266454005E-002
         306   1.2054555261360195E-002
         307   1.3062622309437069E-002
         308   1.7544093210414103E-002
         309   2.3695516360622192E-002
         310   1.6616707155481195E-002
         311   1.5373397787876728E-002
         312   2.3850262842125210E-002
         313   2.2985107093347709E-002
         314   1.1044076759486104E-002
         315   1.9928841735050950E-002
         316   2.5072149670217803E-002
         317   2.3953203584010305E-002
         318   1.2406594766965727E-002
         319   2.5404805133444078E-002
         320   2.3473482403123556E-002
         321   3.5512159275556357E-002
         322   3.2169507440140473E-002
         323   2.0859369581978822E-002
         324   1.3923709764433382E-002
         325   1.1960761226215866E-002
         326   2.1231126536891898E-002
         327   2.7472553439238271E-002
         328   1.4087980885731577E-002
         329   2.3593929484458605E-002
         330   2.6468423824682917E-002
         331   2.4805497764071694E-002
         332   1.3718502069877882E-002
         333   1.3713936694576956E-002
         334   2.1292714223010517E-002
         335   1.3629642640514618E-002
         336   2.5262894904567443E-002
         337   1.3278696649981245E-002
         338   2.3022401966259039E-002
         339   2.4705294220065465E-002
         340   2.7238917345666705E-002
         341   1.5219622041095017E-002
         342   2.3460094722301105E-002
         343   2.7082863828061840E-002
         344   2.3022401966259039E-002
         345   1.7494570870548308E-002
         346   2.1650611837839156E-002
         347   1.9497321301169938E-002
         348   1.0797845739379303E-002
         349   1.5715818728879640E-002
         350   2.1737685181700828E-002
         351   1.5873939245099715E-002
         352   2.8363308477593691E-002
         353   3.7359894440029205E-002
         354   2.3920796158355170E-002
         355   1.7689461118789770E-002
         356   2.1510309884695406E-002
         357   2.0510106205301408E-002
         358   2.0533337794667473E-002
         359   2.5984559669228149E-002
         360   2.2041256868140249E-002
         361   2.5135569607958558E-002
         362   1.3499074676361021E-002
         363   1.6723416643735153E-002
         364   1.6616310161792613E-002
         365   2.3366556441085887E-002
         366   2.6835218747720515E-002
         367   2.6418047101669884E-002
         368   2.3749421309158105E-002
         369   2.5238480476878353E-002
         370   3.0484813237868613E-002
         371   2.8682631090502807E-002
         372   2.7151569583876722E-002
         373   1.3434399619445819E-002
         374   2.0225459538437934E-002
         375   1.3401133571683443E-002
         376   1.3401133571683417E-002
         377   2.5660032146093310E-002
         378   2.9575743941392171E-002
         379   2.6010797832160072E-002
         380   1.2058773947765573E-002
         381   1.6586980477667379E-002
         382   2.4910562090522205E-002
         383   2.3289090465638814E-002
         384   2.4079983947192574E-002
         385   1.1980865791341513E-002
         386   1.2406217674296312E-002
         387   2.7400186692075456E-002
         388   1.8645459543453254E-002
         389   7.7685556122067600E-003
         390   2.1568067779490250E-002
         391   2.4802803190220966E-002
         392   3.5356565545071134E-002
         393   1.2209445748099169E-002
         394   2.5018789376199311E-002
         395   3.1222194074518681E-002
         396   1.4147469044477813E-002
         397   1.4716175623648410E-002
         398   2.6638622136883356E-002
         399   1.7644674629199643E-002
         400   1.9424043488958036E-002
         401   1.2751973512092115E-002
         402   2.1732914142550748E-002
         403   1.5039001284616185E-002
         404   2.5211242454521457E-002
         405   2.3701049425253619E-002
         406   2.4113624261733378E-002
         407   2.7312930007608802E-002
         408   1.3832937663816521E-002
         409   2.5326565601046999E-002
         410   1.4014973193548413E-002
         411   2.6490092083046115E-002
         412   2.7948645091870630E-002
         413   1.3861991378614665E-002
         414   2.4094358426944355E-002
         415   1.9142552783864494E-002
         416   2.3044065053323057E-002
         417   1.2133851114863089E-002
         418   2.3784500320740407E-002
         419   2.7866438010194040E-002
         420   2.1112475039559309E-002
         421   2.6644239560451279E-002
         422   2.4094275384835141E-002
         423   2.4209935052420830E-002
         424   2.9169955173328849E-002
         425   2.3647678948109995E-002
         426   1.2312064254566947E-002
         427   9.8288453257331949E-003
         428   1.8613070861916464E-002
         429   3.0528706660559072E-002
         430   2.0371367491716745E-002
         431   1.6008914878664959E-002
         432   2.0643027183890605E-002
         433   2.1606857405804925E-002
         434   2.0397708524898920E-002
         435   1.1055356564837955E-002
         436   1.1690067245446573E-002
         437   1.4145899584116635E-002
         438   2.1973739397130900E-002
         439   2.3136960207004995E-002
         440   1.9014844820205386E-002
         441   2.6954169672959650E-002
         442   2.0594882676269560E-002
         443   2.2020567936695920E-002
         444   2.3590945061549067E-002
         445   2.3646783428958897E-002
         446   1.8428224418333947E-002
         447   9.8335897587058275E-003
         448   2.7819299825167898E-002
         449   1.3272362089349942E-002
         450   1.5064934416938274E-002
         451   9.4556359382973292E-003
         452   2.3999315726348093E-002
         453   2.6125244618874093E-002
         454   2.1250651919070804E-002
         455   1.0379448403030074E-002
         456   1.5789768828835260E-002
         457   2.5888319922155643E-002
         458   2.3471864210958315E-002
         459   2.5322530793933627E-002
         460   1.8726104280588334E-002
         461   1.2811776003023136E-002
         462   2.0707380334792750E-002
         463   2.4776115228825571E-002
         464   1.1447420567552559E-002
         465   1.9874081190780213E-002
         466   2.3676589661629662E-002
         467   2.2592394682487169E-002
         468   2.7064789789732282E-002
         469   3.4449417437944246E-002
         470   1.8506310153350136E-002
         471   2.9962073529415455E-002
         472   2.2208083456261195E-002
         473   1.2342729876131468E-002
         474   2.5345795599064923E-002
         475   1.1939125682464172E-002
         476   1.8012781562307078E-002
         477   2.4113624261733427E-002
         478   1.1636084896199543E-002
         479   2.3096878947111672E-002
         480   1.5064351873884890E-002
         481   2.9890049137420903E-002
         482   2.0859369581978666E-002
         483   1.6242492581520933E-002
         484   2.8853639471711708E-002
         485   2.1157418409883420E-002
         486   2.0093962655887129E-002
         487   2.4053529741078807E-002
         488   1.3215464391679735E-002
         489   8.8716227764122479E-003
         490   1.3215464391679749E-002
         491   1.8840553441987689E-002
         492   2.8432382901719490E-002
         493   1.2026764870539395E-002
         494   2.4171662465340221E-002
         495   2.4897556218714770E-002
         496   1.8222510267843686E-002
         497   2.0795709224641377E-002
         498   2.2766838734244635E-002
         499   2.4583039469369582E-002
         500   2.4692526738181824E-002
         501   2.4991952423636863E-002
         502   2.5289326228008172E-002
         503   1.5366336866123211E-002
         504   2.7685428106640240E-002
         505   1.4769977687642492E-002
         506   2.4827345411702936E-002
         507   2.9766637327358705E-002
         508   2.4100302308542740E-002
         509   1.7811805467690605E-002
         510   2.9297619198220916E-002
         511   2.5326565601046999E-002
         512   1.4011566144802846E-002
         513   1.7671849806521495E-002
         514   1.2841934484658531E-002
         515   1.2300194879837443E-002
         516   2.4738987005711848E-002
         517   2.0885483947269790E-002
         518   2.1164207737166509E-002
         519   2.1147114717829815E-002
         520   1.7845923935654991E-002
         521   1.1407965361587795E-002
         522   3.0143768185163775E-002
         523   1.9094729496453827E-002
         524   2.3103648111317446E-002
         525   1.4787871970696037E-002
         526   1.1751843562482206E-002
         527   2.9770724725456676E-002
         528   1.6095784309464858E-002
         529   2.1552112689040261E-002
         530   2.4308276490077618E-002
         531   2.6240841586892622E-002
         532   2.9273821037415673E-002
         533   1.5651490164414080E-002
         534   2.3754777989809052E-002
         535   1.1875524780938245E-002
         536   2.8412702864679590E-002
         537   2.0538291280325287E-002
         538   1.5913088384467065E-002
         539   3.1318757642318500E-002
         540   1.6344123930002660E-002
         541   1.6033670894172555E-002
         542   3.1255431803435665E-002
         543   1.2378772396176690E-002
         544   2.6181368247538622E-002
         545   2.7723982757229329E-002
         546   2.8584820717644070E-002
         547   3.5623610935381064E-002
         548   1.5772981756274371E-002
         549   2.6047085404767047E-002
         550   1.1438732078853098E-002
         551   1.6638863329354724E-002
         552   1.6638863329354724E-002
         553   2.4925358971599795E-002
         554   1.4125047642205858E-002
         555   1.4206008384506724E-002
         556   2.4905794748465535E-002
         557   1.9536683788148733E-002
         558   2.0555862305361102E-002
         559   1.6282953723398191E-002
         560   1.7559020564024867E-002
         561   2.5646682477769935E-002
         562   9.5474639497929517E-003
         563   2.2592394682487169E-002
         564   2.1118090656781288E-002
         565   2.5866263441930638E-002
         566   2.2571123487202499E-002
         567   2.3108084907049437E-002
         568   2.6107329547879924E-002
         569   2.3206485215053797E-002
         570   3.1250000000000000E-002
         571   2.9866641484955186E-002
         572   2.4748252980175276E-002
         573   2.4091599044702827E-002
         574   1.3840393244730001E-002
         575   2.0017223588491662E-002
         576   1.4300704841464069E-002
         577   2.3956210277310000E-002
         578   1.4731391274719707E-002
         579   2.3291577188084906E-002
         580   1.3400416310491695E-002
         581   3.2669622935034143E-002
         582   2.3215697798228321E-002
         583   2.9696909080473882E-002
         584   1.1447420567552559E-002
         585   1.2472647560624828E-002
         586   1.3861991378614665E-002
         587   2.2986117630203862E-002
         588   1.3228427376128614E-002
         589   1.0409785792217508E-002
         590   1.8222510267843724E-002
         591   1.2112624889932868E-002
         592   2.3752519761747273E-002
         593   2.7008973701337955E-002
         594   1.9607031319313378E-002
         595   3.0967281234440865E-002
         596   2.4790928078984111E-002
         597   2.4897556218714770E-002
         598   1.5323700906171659E-002
         599   2.6845155249329726E-002
         600   1.3434399619445802E-002
         601   2.5238480476878374E-002
         602   2.6696153407866335E-002
         603   1.8081955266454064E-002
         604   7.4780781597573046E-003
         605   1.3579686648691025E-002
         606   2.2915054500634260E-002
         607   2.6990901166743575E-002
         608   2.1511542237708032E-002
         609   3.1645957470792498E-002
         610   2.8690395586917206E-002
         611   2.5449825133445739E-002
         612   2.9961980057489068E-002
         613   3.0085740130339191E-002
         614   1.4494027191854735E-002
         615   2.1250651919070815E-002
         616   1.0425844902044130E-002
         617   1.4666758344336644E-002
         618   2.6116714051785058E-002
         619   2.5906734502709701E-002
         620   1.8953501728931833E-002
         621   1.2026764870539395E-002
         622   2.2282980707907116E-002
         623   2.2340387407080286E-002
         624   3.2328646149790120E-002
         625   2.5437136247639085E-002
         626   1.4418962841908392E-002
         627   2.1510125890510136E-002
         628   1.3258296198294771E-002
         629   2.0059401712727888E-002
         630   1.4014973193548361E-002
         631   2.1973980878441449E-002
         632   1.5298341183657754E-002
         633   1.6432665225910997E-002
         634   1.8187640997662114E-002
         635   1.5699029510264115E-002
         636   2.9295197423385953E-002
         637   2.5536274293561430E-002
         638   2.8601409682928108E-002
         639   2.6165397807082349E-002
         640   2.1098964965021706E-002
         641   2.4726730488063793E-002
         642   2.6557393299962491E-002
         643   1.3818349789577517E-002
         644   1.2649526186594959E-002
         645   1.4300704841464069E-002
         646   2.3206485215053797E-002
         647   2.4682668364425234E-002
         648   2.1623174037691553E-002
         649   3.1505981621009066E-002
         650   3.1452759444160726E-002
         651   2.1236535968383312E-002
         652   2.1752900944696545E-002
         653   1.6345355071848679E-002
         654   2.5865423702971270E-002
         655   2.6721305473726004E-002
         656   1.1937828488238593E-002
         657   1.2077124866502810E-002
         658   3.4012573180861996E-002
 time 1e30