665
1259 3  
0.0 0.0
1.0 0.0
1.0 1.0
0.0 1.0
0.125 0.25
0.375 0.25
0.375 0.75
0.125 0.75
0.625 0.25
0.875 0.25
0.875 0.75
0.625 0.75
1.0 0.5
0.0 0.5
0.5 0.0
0.125 0.5
0.0 0.75
0.0 0.25
0.0 0.875
0.0 0.125
0.0 0.8125
0.0625 0.8125
0.125 0.375
0.0 0.375
0.125 0.625
0.03125 0.78125
0.0 0.625
0.078125 0.765625
0.036458333333333336 0.7447916666666666
0.0 0.6875
0.03125 0.84375
0.5 1.0
0.11791551848687236 0.8054155184868723
0.053125000000000006 0.896875
0.12812500000000004 0.8625
0.08523527992277996 0.8507263513513513
0.25 0.75
0.0 0.9375
0.25 1.0
0.125 1.0
0.05599555786632206 0.8646268291138673
0.20165671790830228 0.8198937360673274
0.01819852941176471 0.90625
0.15715857889251497 0.8278521674239439
0.17321949899263203 0.7892730261750297
0.19037074803490076 0.8851711535795915
0.16336228567003697 0.8625390792322428
0.14568980942268897 0.9110604965383053
0.26016956208550507 0.9218222642663827
0.09999527202361569 0.9001317298697069
0.18133664898960158 0.9210805296372991
0.1875 1.0
0.0625 1.0
0.039104468210872 0.9393486185117292
0.09879018131788787 0.9534978977058518
0.12743047076329023 0.9380154429552723
0.07351475038215607 0.9271565483831488
0.1875 0.75
0.09375 0.9869760033876465
0.0647068558612996 0.9643107707457316
0.028734894126324437 0.97559475208943
0.14054824689555143 0.7801483428658748
0.0625 0.65625
0.08854166666666667 0.71875
0.125 0.6875
0.041877815315315335 0.7010966932841932
0.013000059164831934 0.71875
0.08867872807017543 0.6820175438596491
0.32453930264722636 0.8747535399984999
0.22084270695793018 0.9119283941030111
0.2556567051747929 0.8566537690333017
0.23024064026853083 0.9576793420372826
0.24727378800181235 0.8899747813130827
0.28782258365481445 0.8920902851295396
0.375 1.0
0.3125 1.0
0.29633947184888704 0.9277373498846039
0.2727549452775127 0.9636026844274794
0.21875 1.0
0.15625 0.9701854118696888
0.1930674390354517 0.96287996507915
0.3660224196319799 0.9308286725700419
0.3319176366262892 0.9126769180578245
0.21875 0.7800509914799022
0.27031496037496483 0.8023994293909851
0.23901921344747004 0.8230513785256027
0.3125 0.75
0.29717669288155 0.8387641709208968
0.3164910840603989 0.7963936907676769
0.34375 0.7706801885072911
0.4099087194107758 0.8367020060916338
0.36259103329707215 0.8179589480826284
0.4010861717665625 0.789875587437421
0.3713418968323583 0.864966336467817
0.3334521164507707 0.8395806145385593
0.625 0.5
0.49724500412818706 0.7960026743208602
0.375 0.625
0.4483837972923922 0.8052085956287837
0.41014010114681854 0.7554821687928682
0.46664338489156143 0.7678524459978181
0.47696766518855016 0.7320323118920814
0.5407535568561027 0.7470123853288716
0.4908516717291552 0.8963399781792917
0.45798975132577907 0.856193010026991
0.4776173777269831 0.8260978421739257
0.5463970109435332 0.8495068999037637
0.5149940921748499 0.8290263775651487
0.5579561281644212 0.7974678184422885
0.5130538846972085 0.8663167218452024
0.5317194582873678 0.9033408247086907
0.75 1.0
0.5031228412173037 0.947490703764094
0.4285095254480676 0.9138466604769092
0.625 1.0
0.4101393620326258 0.8774611971089893
0.3935505938523744 0.9086665385129222
0.4558534255362784 0.8914645701330545
0.4655658094898368 0.9312239430455153
0.4308039447631306 0.9571529951357234
0.3618625494633006 0.8972771915358198
0.28125 0.7680222648801102
0.5280161322945616 0.7795154469071555
0.5824350772113953 0.7609615326368933
0.5942584472365589 0.71875
0.5132104808669219 0.7210003882311709
0.625 0.625
0.29309971552043845 0.6810071794278441
0.625 0.6875
0.375 0.5
0.5883658771903654 0.6822076148434865
0.5448063378027891 0.7000971145056322
0.47311760732474284 0.6543342169964013
0.5079768167746019 0.6787589370841752
0.47177012844115174 0.6933454221453579
0.5404849890538835 0.5952748727262018
0.4349246842878122 0.7179881491637476
0.4387621070360346 0.6726764240456686
0.5140228248516107 0.6330419431822246
0.375 0.6875
0.4434924107824928 0.5625
0.375 0.5625
0.5632571471003293 0.6393847133333547
0.5402282889462507 0.6655459737860729
0.47278007940062483 0.603747533060869
0.4161171668744006 0.6012797394619981
0.4744781576132313 0.5715202478953939
0.5977902442811218 0.6479091799407491
0.5007916114110106 0.5528364707616045
0.375 0.59375
0.2908169104900496 0.609375
0.32855828302359885 0.578125
0.4092462053912464 0.5673772339112115
0.44328468378750213 0.6292388022581582
0.625 0.5625
0.33220995975241946 0.6209507965488826
0.35045621835689084 0.65625
0.4078768034194317 0.6475065032576323
0.30321621680451133 0.6448323180050354
0.24061430149764024 0.646827342703655
0.23869621670676447 0.5080120121235174
0.3386368289050079 0.53125
0.586500764302262 0.5994518568439973
0.4098944418284867 0.6930499959125808
0.2759114156695544 0.5529576981383914
0.6406119613848129 0.8431309622486214
0.2964136007783682 0.5777186775285842
0.375 0.375
0.2977422251466343 0.5145609846322011
0.6079832271569475 0.8045528142621858
0.5937328270587715 0.8496930428118931
0.6276200355212772 0.9210493641332462
0.5699263418498016 0.8848398986805041
0.6094314837727705 0.8859624306443302
0.5625 1.0
0.5644476116849388 0.9222272111422791
0.38662343862354254 0.963323168825871
0.342925319652813 0.9682494998065347
0.30815355298932834 0.9611932086853295
0.4375 1.0
0.46922719857434353 0.9723989231080495
0.4585704465714735 0.4771966209847862
0.5648371339251482 0.5327157315971826
0.5660487407424907 0.5692066701372547
0.23937197379997874 0.592789119528179
0.27911129588188005 0.4130827650626678
0.46621633414075747 0.5225323606516985
0.4217306056641718 0.5067222829772068
0.5193856151565732 0.49025273315532086
0.39435343959683944 0.53125
0.5002198577439234 0.5186125355065234
0.2331949237331772 0.5504471097773236
0.125 0.5625
0.2088721036103428 0.575617009660918
0.1981120067659465 0.6230931034839768
0.18415042847159324 0.5273902553795033
0.19065655525485736 0.686366814007438
0.16134239031834782 0.615856448243997
0.20746274938206843 0.6562709761125982
0.2591994684099844 0.619366681500239
0.27317305373832873 0.4666223844855928
0.53125 0.9755109957975543
0.625 0.375
0.5546478361710669 0.4444347931931611
0.125 0.4375
0.2696139187113383 0.4987118025681485
0.375 0.4375
0.3320111741773527 0.4890370602310932
0.30741212979933175 0.4651772675193929
0.5029852189526469 0.4184794115663367
0.5907064752933143 0.5086120048741638
0.5508539695731072 0.50212633875651
0.16734312657426945 0.5664556084315432
0.5672048445244694 0.47423107485630794
0.625 0.4375
0.20052256618769204 0.4870177357559249
0.1630757024146905 0.49533795974689465
0.2302555909864116 0.45333785006502275
0.494460423223073 0.45818777824363877
0.5566337109622546 0.3760886813420052
0.539697845500649 0.40979849717847666
0.0234375 0.65625
0.15625 0.71875
0.21653497896289245 0.8560804124491527
0.75 0.75
0.34375 0.71875
0.3078371417253214 0.7140871417253214
0.24433444298383095 0.6985021593490579
0.2620795632403512 0.6712533462238423
0.2723590691828961 0.7214795877511431
0.21875 0.7273774124793319
0.5967405626805925 0.9595433977260475
0.59375 1.0
0.5615233948150875 0.9573888378994638
0.1573438807675005 0.6588675560243477
0.14644623785884286 0.53125
0.0703125 0.59375
0.039713541666666664 0.61962890625
0.0 0.5625
0.03367448155252711 0.581458979006814
0.0708883644489161 0.5312812002856032
0.10696776390515089 0.53125
0.08883263427259344 0.5626836724770385
0.32767265592980704 0.3955949487281588
0.31068340678778106 0.42458619901917666
0.25 0.25
0.375 0.3125
0.33956923257861665 0.4473414902419046
0.36045402091123113 0.40625
0.2784649183410932 0.35435834588124154
0.4151574866974171 0.46077506748611136
0.29589913116877775 0.3835322150540388
0.32913073408557725 0.34387686318005545
0.375 0.46875
0.4199361317033115 0.40625
0.45889569590055346 0.42978330348965155
0.28125 0.2846575486077578
0.2993600468882614 0.32766608702984407
0.216601221668973 0.3844050442526328
0.21286928291204926 0.4209630227023796
0.1689211993034001 0.39800720923271427
0.1720193795933199 0.44562227752431566
0.1366168600136933 0.40625
0.3627102551423221 0.34375
0.3866019491769083 0.40625
0.43006641587589806 0.34375
0.4692340953794415 0.37847204630706704
0.5128775741148512 0.37521473899895225
0.5365933165748727 0.2836439052468321
0.5356225269794408 0.33224894507058567
0.4357878212985007 0.3767483326640995
0.48145375695930015 0.3252355641949328
0.625 0.3125
0.46081345373924526 0.34851854625853673
0.5112948014865953 0.3074508321277058
0.4559099218223406 0.24844795597293493
0.4962295722248547 0.26609647121819285
0.46217998952703615 0.28900463746547195
0.5236123562590944 0.1486567659525318
0.41595684355607043 0.2753877238949195
0.4990221281131398 0.20483539562107314
0.4858496533726953 0.2349291213022391
0.5328438397442175 0.2370713280883232
0.5616515741879793 0.3084566091248094
0.580038093575108 0.2648286587448286
0.43152213030674486 0.3078123446047853
0.375 0.28125
0.3125 0.25
0.5443052200053284 0.19118541306375794
0.6134325243443234 0.19029613568279136
0.5885923607959852 0.2151872902897228
0.75 0.25
0.5648494012226969 0.23665359726814933
0.5625018152825876 0.13875796404342575
0.75 0.0
0.6025698304117422 0.13653749878012797
0.5825157004831689 0.17354044097583562
0.5360185231917971 0.09141712403410433
0.23019145400343471 0.31146424184573024
0.125 0.3125
0.18694977945403163 0.3708351665319357
0.2654653046957079 0.31662133324828023
0.2479521095768561 0.28326405674331906
0.1875 0.25
0.2546265065778076 0.383986501328076
0.235239026207286 0.3501411568400471
0.34375 0.19693120977288045
0.18789441445268695 0.29528435437013495
0.15625 0.27291607383655403
0.21454762470716932 0.2724083173263499
0.19763848977469745 0.33318749914692625
0.15595096676472572 0.3416929885630788
0.46899223637153165 0.15821979142374373
0.49947558392696473 0.17156280949775493
0.4524157989446955 0.20187884363985586
0.41504971640717514 0.2280980945930789
0.48324579786409977 0.07886485912924703
0.31219762398978673 0.21408663660415947
0.4053303639742548 0.1960839973034737
0.25 0.0
0.28125 0.19586286995069213
0.34375 0.2326665165316896
0.49064958290530775 0.12115227410998695
0.3747862130691435 0.21439058345954093
0.375 0.0
0.3133867513270913 0.14452032723519428
0.3738698013175904 0.14778041039346151
0.4216437317316966 0.1510618856319502
0.4437764068282043 0.10756710155373242
0.4375 0.0
0.44793700168833883 0.07179952584275566
0.47354353784681097 0.03559161537368445
0.3827463864698927 0.08234212664286295
0.4049072742705878 0.11516681492841964
0.34274637086427756 0.16251201645257013
0.19888559511805587 0.10857973397701903
0.3455435621369859 0.11061681888646642
0.2744855681963261 0.075421514745696
0.3125 0.0
0.30458871386641595 0.10397375630544302
0.25304910885889476 0.13638493890586134
0.35019559445319215 0.07812537986594759
0.37144073333380406 0.041870276581564315
0.40625 0.023742888382667925
0.43844253286161156 0.03792642516630429
0.34375 0.018429950785900446
0.30723457346558525 0.04463698149509865
0.26809455452228714 0.03581098216583637
0.125 0.0
0.31821301543230873 0.07485389386939609
0.2422642915165455 0.09834214902817097
0.1875 0.0
0.2145917128647138 0.0781087965795711
0.2806176449627745 0.1597381383409757
0.1966614639037148 0.17956912562456534
0.21461207895890833 0.1446019895186936
0.24045024228411072 0.17995728753320497
0.2505823229912203 0.21424823259472087
0.6042910006182552 0.46875
0.8125 0.25
0.5913058198358693 0.40625
0.5878037943070469 0.4395765103131506
0.08723958333333334 0.6276041666666666
0.028556158116877513 0.53125
0.07083736426116824 0.46875
0.04974528090871163 0.5000328235563236
0.3936660746365839 0.34375
0.5942184270392707 0.29649317745103715
0.625 0.0
0.5625 0.0
0.5221354476505423 0.04408283675306973
0.53125 0.011907231227079505
0.5769138976761804 0.05371948570051949
0.5803409087975508 0.09804078470525028
0.649590367939057 0.07039313742301678
0.6212913735763281 0.10006112087116181
0.6128745507751792 0.06370210156680697
0.6804717452359152 0.1281801146519957
0.641648818073956 0.13355221861234687
0.59375 0.020408562710469483
0.3301012695858956 0.29292246082820883
0.34375 0.26225538989570935
0.0625 0.34375
0.13794255355294754 0.07062138896242702
0.22433428068968625 0.035445256012722956
0.24389212190730242 0.06235561647695595
0.17889026328634652 0.047511911337865115
0.17220957960913927 0.08350678589644757
0.14204390989545107 0.14232839446123838
0.17846987095021755 0.13893680445842854
0.14374037843598397 0.03306217590054311
0.0625 0.0
0.08448124932901555 0.10964995695821515
0.09182893143804643 0.04427596650334812
0.09375 0.0
0.10279675023307408 0.07860860491967764
0.12776900867747476 0.10717406879189767
0.15940548606698732 0.11302141535361276
0.0 0.0625
0.0631729196112662 0.07615321088246346
0.04153534572232484 0.11344337072081871
0.06992709352807931 0.1898755688282216
0.06620771553958181 0.14776783722626982
0.02900902237972052 0.08125231644884384
0.03703007908160548 0.03703007908160548
0.10393702299830737 0.14241602751103563
0.0 0.1875
0.03554083459011684 0.17169477653862825
0.15625 0.2101237949270111
0.12308087973389174 0.1816880730970198
0.19147072018957292 0.21470521407793045
0.16056765308557042 0.17383296085778155
0.10123328766275151 0.21648476899438934
0.0625 0.2691362505790332
0.06342620620931658 0.22924472296466364
0.03462885149006854 0.24853261876449945
0.0 0.3125
0.042090937355241706 0.30644312528951656
0.08386764112508598 0.3050615299288647
0.016984393305725543 0.28125
0.0977124641030662 0.27250974127739364
0.6760793500407507 0.5204607416176685
0.8038514933672206 0.3269080012823625
0.6875 0.75
0.10693377608491929 0.46875
0.07087340026757863 0.40625
0.5903238688159841 0.3445860909605259
0.71875 0.2737265338649838
0.6663540560318905 0.1691230243857073
0.6518479869769525 0.28125
0.7230060198971098 0.06830478892493652
0.1015625 0.34375
0.0234375 0.34375
0.03989719242625796 0.38050883181969347
0.0 0.4375
0.03414324539443187 0.41894151086494474
0.0304896946172405 0.4642980074854871
0.7042711352137433 0.3346690621749984
0.7052318547323153 0.40625
0.6662278379136595 0.4247297406567198
0.74562064754025 0.3023181272101242
0.7826746103914272 0.42707067831465784
0.875 0.375
0.6593492399535005 0.7941958090390127
0.6300642561402093 0.7815101497615459
0.71875 0.8009681509251011
0.6851124325692998 0.832115370112357
0.6907005114231702 0.7831018771873276
0.7739109210448424 0.8942765386366911
0.6755809271131978 0.8890039251015949
0.7362363068517964 0.853589684130504
0.6429603643177254 0.8776056794344911
0.6875 1.0
0.7867405021385456 0.8075908306052731
0.7241605190687231 0.902557563611152
0.7064452682800718 0.8722159486481967
0.7569572770928751 0.9460078563730029
0.6922901175781674 0.9229515090427429
0.7209963817665316 0.9446533754940749
0.7512747398722691 0.8193762189043982
0.7815107108347651 0.851109065825453
0.8706422405924481 0.8397470596420926
0.8246476913452272 0.8342196780178746
0.8125 0.75
0.875 1.0
0.8083299890241208 0.8780834184480466
0.8444426563471981 0.8636304863280785
0.8528222014534927 0.7939024620548674
0.84375 0.7617666352333567
0.8587680810682702 0.9549662892063614
1.0 0.875
0.8146937150595341 0.936285803105103
1.0 0.75
0.8493079370266288 0.9080406461658794
0.930060281923168 0.9161774837426113
0.8884284697749768 0.9245703988763834
0.8843906463381921 0.8811406448263327
0.9375 1.0
0.940154051413179 0.839639487374851
0.9054159180807768 0.851177360931294
0.9067593845696615 0.7971586809947672
0.9335095282962719 0.8776977902933771
1.0 0.8125
1.0 0.9375
0.9662457650824076 0.8638039660392934
0.7832730267941345 0.9259884593511196
0.8125 1.0
0.8269918763977429 0.9686040994651909
0.7879933010815676 0.9696455090834056
0.9171452746803238 0.9595651794790524
0.9584997638566768 0.9482589498870618
0.9859568240689389 0.96875
0.90625 1.0
0.8869332708338697 0.9702566141855531
0.9375 0.7421825276466104
0.955260598052266 0.7933976760321364
0.9293367621122077 0.7737005290871588
0.9868950235299018 0.78125
0.106957796090562 0.40625
0.686818588154731 0.08764336288447375
0.6875 0.0
0.6845228070256386 0.043801183215699015
0.6476353121475392 0.03158446154108477
0.71875 0.02412585385640795
0.78125 0.015810254464670326
0.7786640906425032 0.1528886334825566
0.6460080165099631 0.34375
0.788149688638234 0.1831040588311409
0.6875 0.25
0.8088810598904316 0.3872098441693945
0.6572713424513951 0.46875
0.6686172634511515 0.3816356019795123
0.7026927653869837 0.3704871622104891
0.875 0.5
0.6600367094052723 0.6287774280556448
0.65625 0.71875
0.6600334267884628 0.6837165732115372
0.7104717556753872 0.7016484252588985
0.7745313167283457 0.37984131817115074
0.71875 0.7352141153964644
0.7297809514949847 0.5084657447697676
0.7500643778016697 0.3546308257077663
0.6379120636401583 0.40625
0.875 0.625
0.6982053414096557 0.6562492813094268
0.7212952286657113 0.583917684802838
0.7400219048995992 0.6693075518544529
0.7303888276301044 0.6266717742677731
0.694739437393407 0.6119101081017708
0.78125 0.7301428824734956
0.6607067285699888 0.5860236642523566
0.7509077487911378 0.7089246024291633
0.6582655350607445 0.5508675941936721
0.6971947622368287 0.5532527047929281
0.8027740353419031 0.6327232777139038
0.7557115480986996 0.5495851808977404
0.7926275021666058 0.6815690661723699
0.7656268079951221 0.6411162784197436
0.7744705681181048 0.5938556708951901
0.7257224920845601 0.5397609260473719
0.8016696143200513 0.491867414478476
0.875 0.6875
0.875 0.5625
0.7686210526406556 0.5127083841497118
0.7541473268907798 0.4653049324616103
0.808583742533971 0.5394553497492087
0.8390507781278645 0.6303930815178964
0.8069784746745002 0.5999224733026026
0.7056872075901042 0.4664052483122492
0.7351542125484136 0.4312510949137272
0.7418768642171341 0.39279843057635433
0.7696654480375629 0.3266207154971407
0.78125 0.2789581723683094
0.8366549675545861 0.5110805859067068
0.8435334478024559 0.5459583322368213
0.7856868951084394 0.5629932191584698
0.6992572526612695 0.4980196781971114
0.8462247368500351 0.5907276216272719
0.8205117625783148 0.42340154714331246
0.8340612053969615 0.45891950328482567
0.787892758191552 0.4607235285506557
0.875 0.4375
0.671730089052925 0.3173343306956803
0.875 0.3125
0.8370278222401107 0.354501550082304
0.71875 0.981103341044611
0.78125 0.7705786829138179
0.9713070290495204 0.90625
0.7877297606286727 0.06209130612965885
0.7343759342261186 0.12142718277012853
0.7152882469308679 0.16655804108240221
0.7454654863690006 0.1527193195807758
0.7618205020575942 0.2007029915355506
0.8180198728955823 0.19362644405334917
0.78125 0.2314274943766773
0.692790631590547 0.20541384383887593
0.6862361683360303 0.2858220432439339
0.7270496886288429 0.19930893934771082
0.65625 0.22368487463036485
0.7647551318856608 0.08714708763875702
0.7594528932627594 0.04322216399543761
0.8114254377402629 0.11161517112947714
0.84375 0.25
1.0 0.125
1.0 0.25
0.8544614308175513 0.18328951779233277
0.8258220033676704 0.15172832137127695
0.8926361910329295 0.20805332734435028
0.8665516450537664 0.11447046671268095
0.9131029202093205 0.14413577013318749
0.875 0.0
0.8125 0.0
0.9375 0.2515968524987157
0.8891069567071013 0.1716876940805714
0.9065619424026001 0.23858915821853474
0.9064199779105477 0.28222286090249316
1.0 0.375
0.9354112671280532 0.34375
0.910497208187128 0.31789553670130555
0.71875 0.23360750455795845
0.6453938197392204 0.1934579821870186
0.7779647896688546 0.11869445057185929
0.8211549751045343 0.055896082957443936
0.9375 0.0
0.84375 0.02377934731165403
0.8863519454843226 0.04734184714638873
0.899297286653535 0.0876446776352956
0.8402884390822069 0.08794614252029632
1.0 0.625
0.84375 0.71875
0.8101001398816614 0.7112810936835627
0.8346415662976745 0.6730373205166221
0.8634280097696286 0.65625
0.9028301668152733 0.71875
0.9387478380202585 0.6587456760405169
0.9113818607781439 0.6831168668152696
0.9375 0.53125
0.8446329881280454 0.3956851639672484
0.875 0.46875
1.0 0.4375
0.8336781834040287 0.29132181659597134
0.8438054871816778 0.32246355277083694
0.875 0.28125
0.8589211351349907 0.21822078092243943
0.65625 0.9615182626263279
0.6597587781857573 0.928674287377105
0.9595701639414487 0.1482760633287738
1.0 0.1875
0.9400690435059976 0.10589619700561914
1.0 0.0625
0.9769510841341086 0.09375
0.9329135250233763 0.18579039759964946
1.0 0.15625
0.9665881168996034 0.18149072378496764
1.0 0.6875
1.0 0.3125
0.967458667602083 0.22293954784516312
0.8984375 0.53125
1.0 0.5625
0.9435199619806407 0.5949450253462395
0.9144808831836022 0.5676965998877016
0.9069841134632876 0.6047839421212644
0.9578536184210527 0.49383223684210525
0.9161749528418579 0.4935328478686066
0.9188368055555556 0.40625
0.9109809027777778 0.4416015625
0.875 0.40625
0.9110884931665296 0.3707475120935565
0.9551828903256705 0.432875567063112
0.96164425814286 0.3719028898532579
0.9716512227710713 0.3362798994341198
0.958839423424113 0.2922188535820318
0.9830486801989731 0.46875
0.9690096319823087 0.26096029085948663
0.9805773771039241 0.40625
0.938394134354804 0.4641479839901139
0.9501457355431855 0.049854264456814484
0.9178208861489874 0.05946441577588297
0.90625 0.017538611871290046
0.96875 0.018604264456814495
0.9564104030485059 0.7007375849580473
0.9856853739732216 0.71875
0.977294734127004 0.65625
0.9765625 0.53125
0.9639485854469957 0.5651244984147532
402 413 415 0
285 291 9 1
208 162 169 2
243 240 241 3
242 243 241 4
403 408 401 5
458 626 450 6
91 99 105 7
126 134 132 8
621 360 583 9
297 291 289 10
283 277 282 11
476 475 490 12
96 215 511 13
118 119 114 14
455 450 456 15
662 661 635 16
35 44 47 17
365 437 436 18
93 99 91 19
319 324 327 20
21 17 26 21
150 152 142 22
22 21 26 23
244 253 168 24
85 89 88 25
22 33 36 26
160 199 195 27
159 229 200 28
314 323 279 29
386 348 338 30
48 35 47 31
25 65 68 32
35 33 44 33
425 426 499 34
29 26 17 35
419 383 418 36
31 19 21 37
64 65 8 38
29 28 26 39
22 26 28 40
44 45 42 41
30 27 222 42
21 22 31 43
17 30 67 44
54 34 57 45
202 113 234 46
41 50 34 47
33 8 62 48
19 41 34 49
22 28 33 50
48 56 50 51
35 36 33 52
19 31 41 53
22 41 31 54
41 36 50 55
43 19 34 56
45 62 58 57
46 47 224 58
22 36 41 59
49 70 73 60
50 36 35 61
197 223 235 62
55 57 50 63
38 19 43 64
28 8 33 65
42 224 47 66
58 37 84 67
8 223 58 68
71 86 85 69
70 224 73 70
42 47 44 71
48 47 46 72
51 48 46 73
55 56 80 74
72 70 49 75
80 40 55 76
35 48 50 77
51 56 48 78
51 46 70 79
49 74 77 80
40 59 55 81
81 70 72 82
38 54 61 83
43 54 38 84
34 54 43 85
55 59 60 86
72 79 81 87
38 61 4 88
50 56 55 89
50 57 34 90
60 57 55 91
84 45 58 92
62 44 33 93
40 53 59 94
60 59 53 95
61 53 4 96
57 60 54 97
54 60 61 98
53 61 60 99
58 62 8 100
44 62 45 101
28 64 8 102
237 243 25 103
66 68 64 104
68 66 63 105
64 29 66 106
29 64 28 107
67 29 17 108
66 30 222 109
30 66 67 110
29 67 66 111
65 64 68 112
68 63 363 113
95 94 69 114
49 77 78 115
83 178 179 116
84 85 86 117
73 71 74 118
52 81 79 119
52 80 81 120
224 70 46 121
71 88 74 122
78 77 179 123
49 73 74 124
83 77 74 125
178 177 75 126
76 39 78 127
83 74 69 128
39 72 78 129
51 80 56 130
78 72 49 131
52 40 80 132
72 39 79 133
80 51 81 134
70 81 51 135
90 92 89 136
117 114 120 137
121 69 94 138
178 83 82 139
84 37 85 140
45 84 42 141
95 89 92 142
74 88 69 143
224 86 71 144
84 86 42 145
85 37 122 146
152 151 167 147
71 85 88 148
85 122 89 149
87 90 89 150
90 7 93 151
87 7 90 152
92 90 93 153
91 92 93 154
94 91 116 155
94 92 91 156
88 95 69 157
100 93 7 158
99 100 101 159
118 116 105 160
117 82 121 161
89 95 88 162
94 95 92 163
184 149 183 164
12 124 125 165
102 126 123 166
110 105 106 167
214 212 189 168
123 101 102 169
99 93 100 170
99 106 105 171
146 158 98 172
164 138 137 173
100 137 101 174
97 99 101 175
147 136 145 176
140 164 7 177
512 203 507 178
108 109 107 179
97 123 108 180
94 116 117 181
106 99 97 182
104 118 105 183
108 106 97 184
106 108 110 185
107 173 111 186
171 109 170 187
108 123 109 188
110 108 107 189
103 124 109 190
109 124 170 191
472 486 466 192
105 110 104 193
448 447 444 194
107 109 171 195
180 177 120 196
107 111 110 197
113 111 176 198
111 113 104 199
104 110 111 200
120 181 180 201
119 118 104 202
105 116 91 203
117 116 114 204
119 181 120 205
82 83 121 206
119 104 113 207
116 118 114 208
120 114 119 209
117 120 177 210
180 75 177 211
69 121 83 212
94 117 121 213
37 87 122 214
89 122 87 215
123 97 101 216
103 109 123 217
134 126 135 218
444 445 424 219
545 521 549 220
129 12 125 221
134 135 133 222
156 98 157 223
551 439 513 224
123 126 103 225
98 140 157 226
148 129 131 227
131 129 125 228
124 103 125 229
132 131 125 230
197 228 231 231
132 125 103 232
144 139 143 233
103 126 132 234
163 143 136 235
144 132 134 236
150 153 146 237
135 126 102 238
133 139 134 239
137 135 102 240
138 135 137 241
139 133 145 242
163 148 143 243
101 137 102 244
164 100 7 245
230 228 229 246
133 135 138 247
146 154 158 248
143 139 136 249
98 156 150 250
158 140 98 251
149 147 187 252
139 145 136 253
153 142 190 254
154 145 133 255
516 424 12 256
144 131 132 257
139 144 134 258
131 144 143 259
154 146 145 260
145 141 147 261
153 150 142 262
145 146 141 263
187 147 141 264
148 163 127 265
129 148 127 266
131 143 148 267
207 251 254 268
136 147 149 269
146 98 150 270
152 156 151 271
185 192 165 272
152 150 156 273
167 185 165 274
142 152 162 275
190 142 130 276
141 146 153 277
138 154 133 278
154 138 158 279
184 155 163 280
251 182 188 281
140 7 226 282
158 138 164 283
157 226 227 284
159 151 156 285
159 157 128 286
226 157 140 287
157 159 156 288
159 128 229 289
128 227 230 290
192 161 165 291
308 311 312 292
142 162 130 293
162 152 167 294
203 215 361 295
184 163 136 296
155 127 163 297
164 137 100 298
158 164 140 299
185 151 200 300
162 208 130 301
209 206 201 302
208 169 209 303
185 167 151 304
162 167 165 305
169 162 165 306
166 170 444 307
161 206 165 308
253 244 252 309
170 166 171 310
445 124 12 311
166 452 174 312
107 171 173 313
166 444 447 314
153 190 141 315
171 174 173 316
625 232 172 317
166 174 171 318
176 174 172 319
176 111 173 320
202 32 113 321
176 173 174 322
182 189 191 323
178 75 76 324
117 177 82 325
76 78 179 326
82 177 178 327
83 179 77 328
76 179 178 329
181 113 32 330
113 181 119 331
180 181 32 332
211 212 214 333
183 149 191 334
149 187 191 335
155 183 211 336
149 184 136 337
155 184 183 338
194 195 198 339
185 194 192 340
161 218 201 341
302 257 258 342
202 234 175 343
182 187 188 344
188 187 141 345
189 182 219 346
189 204 214 347
130 188 190 348
190 188 141 349
182 191 187 350
191 189 212 351
194 185 195 352
194 196 192 353
16 236 193 354
192 196 161 355
195 185 160 356
193 213 198 357
228 160 229 358
198 25 193 359
194 213 196 360
425 242 241 361
58 223 197 362
235 25 198 363
25 363 237 364
195 199 235 365
228 199 160 366
199 197 235 367
159 200 151 368
160 185 200 369
161 196 216 370
209 201 245 371
234 113 176 372
175 32 202 373
271 256 255 374
268 270 220 375
510 519 423 376
211 214 359 377
216 218 161 378
250 252 305 379
165 206 169 380
161 201 206 381
207 255 251 382
254 208 248 383
169 206 209 384
208 209 248 385
245 201 186 386
209 245 248 387
255 256 251 388
214 362 359 389
155 211 96 390
212 211 183 391
191 212 183 392
189 219 204 393
198 213 194 394
215 96 359 395
204 221 361 396
519 510 442 397
204 210 221 398
236 213 193 399
217 216 196 400
217 205 262 401
236 217 196 402
217 16 205 403
216 262 218 404
186 201 218 405
182 251 256 406
204 219 210 407
168 367 271 408
427 270 284 409
268 210 267 410
361 221 220 411
238 222 27 412
66 222 63 413
235 223 65 414
8 65 223 415
86 224 42 416
73 224 71 417
440 523 512 418
512 438 513 419
87 227 226 420
7 87 226 421
230 87 37 422
157 227 128 423
231 228 37 424
199 228 197 425
229 160 200 426
230 229 128 427
87 230 227 428
37 228 230 429
37 58 231 430
197 231 58 431
175 232 233 432
176 172 232 433
176 232 234 434
232 115 233 435
175 234 232 436
25 235 65 437
235 198 195 438
217 236 16 439
213 236 196 440
238 63 222 441
238 240 237 442
16 193 242 443
238 237 363 444
27 240 238 445
27 239 240 446
364 239 14 447
364 240 239 448
16 425 205 449
243 242 193 450
425 241 365 451
25 243 193 452
240 243 237 453
168 207 249 454
244 168 249 455
249 248 244 456
252 245 186 457
250 305 306 458
345 332 331 459
269 284 270 460
250 258 253 461
248 207 254 462
244 248 245 463
244 245 252 464
248 249 207 465
260 186 218 466
357 356 341 467
130 251 188 468
207 265 255 469
305 252 186 470
253 252 250 471
302 303 257 472
253 258 381 473
251 130 254 474
208 254 130 475
367 168 247 476
256 210 219 477
182 256 219 478
256 271 267 479
381 382 287 480
381 288 382 481
250 306 302 482
257 246 288 483
263 262 205 484
312 300 308 485
262 261 260 486
260 259 305 487
263 261 262 488
261 259 260 489
217 262 216 490
218 262 260 491
205 23 263 492
23 261 263 493
247 168 264 494
168 253 264 495
207 168 265 496
168 255 265 497
280 276 278 498
256 267 210 499
220 221 268 500
268 221 210 501
268 272 270 502
271 274 267 503
275 278 277 504
269 275 277 505
268 267 274 506
9 273 368 507
168 271 255 508
274 271 266 509
280 6 316 510
269 270 275 511
203 427 273 512
427 220 270 513
274 266 286 514
268 274 272 515
270 272 275 516
278 276 277 517
313 323 314 518
276 282 277 519
278 275 272 520
314 315 313 521
286 272 274 522
286 247 280 523
296 374 376 524
283 269 277 525
286 280 278 526
287 6 280 527
319 315 316 528
289 283 281 529
315 282 276 530
283 282 281 531
281 314 289 532
285 368 284 533
284 269 285 534
550 442 545 535
283 293 269 536
293 289 291 537
286 278 272 538
286 266 367 539
280 247 287 540
247 253 381 541
247 264 253 542
381 257 288 543
317 332 371 544
291 285 293 545
504 581 431 546
601 576 579 547
294 289 279 548
279 298 294 549
297 294 296 550
371 332 15 551
269 293 285 552
289 293 283 553
500 570 378 554
290 291 297 555
374 298 373 556
298 279 323 557
376 379 296 558
296 379 290 559
289 294 297 560
296 290 297 561
576 509 579 562
379 376 375 563
259 261 301 564
303 310 246 565
5 304 309 566
309 304 308 567
312 261 23 568
311 306 301 569
250 302 258 570
303 302 299 571
311 299 306 572
246 257 303 573
310 299 308 574
313 315 328 575
260 305 186 576
306 305 259 577
301 306 259 578
306 299 302 579
317 323 329 580
329 313 328 581
23 432 300 582
310 308 304 583
300 5 309 584
308 300 309 585
246 310 304 586
299 310 303 587
311 301 312 588
308 299 311 589
261 312 301 590
23 300 312 591
281 282 315 592
323 317 298 593
289 314 279 594
315 314 281 595
316 315 276 596
315 319 328 597
280 316 276 598
322 307 324 599
322 324 6 600
411 357 358 601
337 333 334 602
15 372 371 603
307 327 324 604
324 316 6 605
318 307 322 606
358 318 288 607
307 335 327 608
326 318 321 609
344 333 343 610
350 338 347 611
339 325 346 612
318 322 288 613
394 391 384 614
6 288 322 615
358 288 246 616
318 326 335 617
316 324 319 618
328 319 327 619
327 337 334 620
336 388 353 621
329 323 313 622
331 329 334 623
380 373 370 624
317 329 331 625
329 328 334 626
330 15 332 627
327 335 337 628
332 317 331 629
325 344 343 630
327 334 328 631
331 334 333 632
318 335 307 633
337 335 326 634
404 405 400 635
397 384 398 636
340 337 326 637
342 333 337 638
340 341 351 639
353 386 351 640
342 346 343 641
338 348 347 642
326 354 340 643
348 339 347 644
326 321 354 645
411 358 246 646
350 337 340 647
342 337 350 648
344 325 330 649
333 342 343 650
345 330 332 651
344 345 333 652
333 345 331 653
330 345 344 654
339 346 347 655
325 343 346 656
342 347 346 657
353 351 336 658
339 348 320 659
352 387 391 660
386 338 351 661
338 350 340 662
347 342 350 663
340 351 338 664
351 341 356 665
353 388 387 666
320 348 385 667
385 353 387 668
354 321 357 669
340 354 341 670
409 304 5 671
351 356 336 672
341 354 357 673
355 412 390 674
358 357 321 675
355 356 357 676
318 358 321 677
411 246 304 678
211 359 96 679
362 214 204 680
532 537 530 681
518 532 520 682
215 359 362 683
427 361 220 684
204 361 362 685
215 362 361 686
238 363 63 687
68 363 25 688
435 437 14 689
240 364 241 690
364 366 241 691
436 24 434 692
14 366 364 693
365 241 366 694
286 367 247 695
271 367 266 696
9 368 285 697
427 368 273 698
371 298 317 699
298 371 373 700
371 372 373 701
15 370 372 702
373 372 370 703
376 374 377 704
294 374 296 705
298 374 294 706
503 377 380 707
502 501 504 708
501 502 503 709
377 374 373 710
500 379 375 711
377 373 380 712
375 376 377 713
378 379 500 714
513 439 512 715
291 290 9 716
378 429 379 717
370 369 380 718
380 369 503 719
247 381 287 720
257 381 258 721
288 6 382 722
287 382 6 723
416 414 420 724
499 23 205 725
398 336 390 726
384 396 394 727
352 320 385 728
353 385 386 729
348 386 385 730
391 387 384 731
352 385 387 732
336 356 390 733
384 387 388 734
411 409 355 735
401 393 403 736
355 390 356 737
389 397 398 738
349 394 395 739
352 391 349 740
393 396 397 741
394 349 391 742
410 406 389 743
394 400 405 744
404 20 399 745
397 396 384 746
394 392 395 747
400 396 393 748
398 384 388 749
397 389 406 750
336 398 388 751
389 398 390 752
394 396 400 753
392 405 1 754
401 400 393 755
401 404 400 756
403 406 402 757
406 403 393 758
421 413 5 759
20 401 408 760
20 404 401 761
403 402 408 762
405 404 399 763
1 405 399 764
405 392 394 765
397 406 393 766
412 410 389 767
415 408 402 768
407 408 415 769
20 408 407 770
409 413 410 771
390 412 389 772
413 409 5 773
402 406 410 774
411 355 357 775
304 409 411 776
355 409 412 777
410 412 409 778
415 413 421 779
402 410 413 780
421 300 419 781
414 419 418 782
414 416 415 783
415 416 407 784
414 418 420 785
407 416 18 786
433 418 383 787
434 383 426 788
418 417 420 789
421 419 414 790
419 300 432 791
417 18 420 792
416 420 18 793
415 421 414 794
300 421 5 795
507 203 273 796
544 561 541 797
565 622 443 798
127 515 517 799
155 531 127 800
424 448 444 801
242 425 16 802
426 425 365 803
437 365 366 804
432 426 383 805
427 284 368 806
361 427 203 807
601 379 429 808
571 429 378 809
571 378 570 810
600 578 573 811
9 509 430 812
578 576 571 813
505 569 581 814
600 576 578 815
432 23 499 816
419 432 383 817
24 417 433 818
418 433 417 819
24 433 434 820
383 434 433 821
365 436 426 822
436 434 426 823
24 436 435 824
14 437 366 825
436 437 435 826
512 439 440 827
549 557 511 828
575 508 574 829
623 564 621 830
438 522 513 831
215 440 511 832
292 553 441 833
514 638 543 834
575 360 292 835
512 523 203 836
532 225 520 837
518 424 516 838
445 444 170 839
448 225 446 840
124 445 170 841
424 445 12 842
451 460 461 843
452 172 174 844
447 446 451 845
166 447 450 846
225 448 424 847
447 448 446 848
446 460 451 849
463 467 466 850
456 447 451 851
458 455 459 852
225 567 460 853
451 449 455 854
166 450 452 855
452 450 626 856
625 453 115 857
458 459 625 858
469 468 454 859
461 449 451 860
457 455 449 861
455 457 459 862
447 456 450 863
451 455 456 864
466 449 461 865
112 453 566 866
459 566 625 867
450 455 458 868
566 457 112 869
457 566 459 870
225 460 446 871
460 454 461 872
464 469 454 873
461 454 463 874
482 485 568 875
477 467 462 876
215 203 523 877
463 462 467 878
454 567 464 879
463 468 462 880
479 496 483 881
472 489 486 882
463 466 461 883
474 476 470 884
480 482 477 885
485 482 479 886
480 481 479 887
468 463 454 888
464 11 469 889
11 468 469 890
472 474 470 891
457 449 486 892
466 467 474 893
465 488 470 894
472 488 489 895
476 474 477 896
496 495 498 897
466 474 472 898
474 467 477 899
476 490 494 900
490 491 478 901
477 462 480 902
475 476 477 903
568 484 491 904
494 465 470 905
481 480 462 906
485 483 471 907
481 462 468 908
482 480 479 909
468 11 481 910
11 495 497 911
496 479 481 912
477 482 475 913
491 490 475 914
471 568 485 915
483 485 479 916
492 478 491 917
466 486 449 918
470 488 472 919
488 465 487 920
457 489 112 921
112 489 487 922
489 488 487 923
489 457 486 924
494 493 465 925
568 491 475 926
491 484 492 927
484 3 492 928
478 492 3 929
476 494 470 930
490 478 493 931
493 494 490 932
614 495 11 933
616 661 614 934
481 497 496 935
498 495 473 936
11 497 481 937
495 496 497 938
473 483 498 939
483 496 498 940
425 499 205 941
432 499 426 942
502 500 375 943
570 500 431 944
503 502 375 945
431 500 502 946
501 295 504 947
377 503 375 948
501 503 369 949
295 592 505 950
431 502 504 951
586 588 624 952
360 575 574 953
580 602 570 954
586 587 589 955
9 430 273 956
292 360 553 957
430 563 273 958
96 422 533 959
522 551 513 960
587 508 506 961
623 596 564 962
552 553 423 963
441 428 292 964
519 522 552 965
215 523 440 966
559 442 510 967
438 507 563 968
563 577 438 969
438 512 507 970
517 518 516 971
441 522 438 972
534 529 531 973
129 517 516 974
12 129 516 975
517 129 127 976
525 517 515 977
96 511 422 978
525 529 528 979
655 650 597 980
510 423 565 981
225 424 520 982
424 518 520 983
549 440 439 984
518 527 532 985
644 643 617 986
526 536 539 987
563 430 577 988
534 422 540 989
538 537 527 990
518 517 525 991
515 531 529 992
518 525 527 993
532 527 537 994
640 609 663 995
525 528 527 996
528 539 538 997
529 525 515 998
538 527 528 999
515 127 531 1000
526 528 529 1001
537 535 612 1002
558 547 548 1003
155 533 531 1004
533 534 531 1005
534 540 526 1006
225 532 530 1007
96 533 155 1008
534 533 422 1009
422 557 540 1010
534 526 529 1011
548 535 539 1012
547 612 535 1013
536 521 544 1014
464 225 530 1015
530 537 611 1016
641 543 638 1017
528 526 539 1018
537 538 535 1019
556 544 546 1020
535 538 539 1021
521 536 540 1022
526 540 536 1023
544 545 561 1024
551 519 442 1025
610 542 11 1026
611 612 610 1027
539 536 556 1028
524 547 558 1029
545 544 521 1030
546 544 541 1031
557 549 521 1032
552 522 441 1033
554 546 541 1034
554 555 546 1035
547 535 548 1036
524 542 613 1037
548 539 556 1038
546 555 558 1039
440 549 511 1040
550 549 439 1041
522 519 551 1042
549 550 545 1043
558 548 546 1044
554 541 560 1045
519 552 423 1046
559 561 442 1047
621 553 360 1048
553 552 441 1049
551 442 550 1050
514 543 555 1051
555 543 558 1052
514 555 554 1053
544 556 536 1054
548 556 546 1055
540 557 521 1056
511 557 422 1057
550 439 551 1058
524 558 543 1059
561 559 560 1060
554 560 619 1061
561 560 541 1062
559 510 618 1063
545 442 561 1064
560 559 562 1065
562 559 618 1066
619 514 554 1067
273 563 507 1068
571 576 429 1069
595 10 588 1070
564 622 621 1071
618 565 443 1072
423 621 622 1073
566 453 625 1074
460 567 454 1075
225 464 567 1076
568 475 482 1077
471 484 568 1078
607 590 589 1079
602 582 506 1080
580 570 431 1081
577 509 428 1082
570 572 571 1083
573 578 572 1084
602 572 570 1085
573 572 506 1086
573 506 508 1087
579 509 9 1088
506 582 587 1089
574 586 624 1090
292 573 575 1091
575 573 508 1092
509 292 428 1093
428 441 438 1094
509 577 430 1095
438 577 428 1096
572 578 571 1097
600 573 292 1098
9 290 579 1099
601 579 290 1100
295 581 504 1101
589 582 608 1102
631 630 584 1103
582 569 603 1104
581 580 431 1105
581 295 505 1106
360 574 583 1107
569 505 603 1108
605 606 603 1109
583 624 10 1110
587 574 508 1111
13 664 643 1112
587 586 574 1113
595 588 632 1114
580 569 582 1115
594 588 586 1116
590 627 632 1117
505 592 603 1118
594 589 590 1119
581 569 580 1120
638 514 644 1121
586 589 594 1122
605 603 592 1123
584 627 631 1124
663 635 661 1125
595 596 10 1126
582 589 587 1127
629 627 590 1128
632 594 590 1129
595 593 596 1130
652 593 654 1131
564 596 599 1132
596 593 652 1133
443 564 599 1134
648 650 645 1135
636 652 654 1136
599 598 648 1137
292 509 600 1138
576 600 509 1139
379 601 290 1140
576 601 429 1141
602 506 572 1142
580 582 602 1143
660 630 657 1144
605 591 606 1145
592 591 605 1146
658 606 659 1147
606 591 659 1148
607 608 606 1149
659 657 658 1150
608 607 589 1151
582 603 608 1152
606 608 603 1153
611 464 530 1154
543 641 642 1155
11 464 610 1156
611 537 612 1157
464 611 610 1158
613 547 524 1159
612 542 610 1160
542 612 613 1161
547 613 612 1162
11 542 614 1163
616 614 542 1164
615 616 524 1165
495 661 662 1166
524 616 542 1167
616 615 661 1168
640 665 609 1169
619 646 644 1170
565 618 510 1171
647 618 443 1172
560 562 619 1173
562 646 619 1174
443 648 647 1175
649 620 653 1176
553 621 423 1177
623 583 10 1178
443 622 564 1179
423 622 565 1180
10 596 623 1181
583 623 621 1182
10 624 588 1183
574 624 583 1184
232 625 115 1185
626 625 172 1186
626 172 452 1187
458 625 626 1188
632 634 637 1189
632 588 594 1190
590 607 629 1191
634 632 627 1192
658 629 607 1193
627 629 631 1194
628 634 633 1195
657 604 660 1196
658 607 606 1197
595 632 593 1198
633 634 627 1199
627 584 633 1200
628 585 637 1201
650 651 597 1202
652 599 596 1203
654 637 585 1204
617 665 641 1205
632 637 593 1206
637 634 628 1207
642 615 524 1208
643 664 617 1209
617 664 665 1210
617 641 638 1211
642 641 640 1212
615 642 640 1213
543 642 524 1214
617 638 644 1215
649 653 656 1216
619 644 514 1217
644 646 656 1218
648 645 647 1219
598 651 650 1220
646 645 649 1221
647 646 562 1222
646 647 645 1223
562 618 647 1224
599 648 443 1225
648 598 650 1226
13 643 653 1227
655 597 620 1228
653 643 656 1229
655 645 650 1230
652 598 599 1231
597 651 636 1232
636 651 652 1233
652 651 598 1234
620 13 653 1235
637 654 593 1236
636 654 585 1237
620 649 655 1238
655 649 645 1239
644 656 643 1240
646 649 656 1241
631 629 657 1242
631 657 630 1243
591 604 659 1244
629 658 657 1245
659 604 657 1246
604 2 660 1247
630 660 2 1248
661 495 614 1249
663 661 615 1250
635 473 662 1251
495 662 473 1252
640 663 615 1253
609 635 663 1254
13 639 664 1255
665 664 639 1256
609 665 639 1257
665 640 641 1258
