           1       20144
time   0.000000E+00
        2184
         209   1.0000000000000000     
         210   1.0000000000000000     
         211   1.0000000000000000     
         212   1.0000000000000000     
         213   1.0000000000000000     
         214   1.0000000000000000     
         215   1.0000000000000000     
         216   1.0000000000000000     
         217   1.0000000000000000     
         218   1.0000000000000000     
         219   1.0000000000000000     
         220   1.0000000000000000     
         221   1.0000000000000000     
         222   1.0000000000000000     
         223   1.0000000000000000     
         224   1.0000000000000000     
         533   1.0000000000000000     
         534   1.0000000000000000     
         535   1.0000000000000000     
         536   1.0000000000000000     
         657   1.0000000000000000     
         658   1.0000000000000000     
         659   1.0000000000000000     
         660   1.0000000000000000     
         661   1.0000000000000000     
         662   1.0000000000000000     
         663   1.0000000000000000     
         664   1.0000000000000000     
         665   1.0000000000000000     
         666   1.0000000000000000     
         667   1.0000000000000000     
         668   1.0000000000000000     
         669   1.0000000000000000     
         670   1.0000000000000000     
         671   1.0000000000000000     
         672   1.0000000000000000     
         773   1.0000000000000000     
         774   1.0000000000000000     
         775   1.0000000000000000     
         776   1.0000000000000000     
         777   1.0000000000000000     
         778   1.0000000000000000     
         779   1.0000000000000000     
         780   1.0000000000000000     
         781   1.0000000000000000     
         782   1.0000000000000000     
         783   1.0000000000000000     
         784   1.0000000000000000     
         913   1.0000000000000000     
         914   1.0000000000000000     
         915   1.0000000000000000     
         916   1.0000000000000000     
         917   1.0000000000000000     
         918   1.0000000000000000     
         919   1.0000000000000000     
         920   1.0000000000000000     
         921   1.0000000000000000     
         922   1.0000000000000000     
         923   1.0000000000000000     
         924   1.0000000000000000     
         925   1.0000000000000000     
         926   1.0000000000000000     
         927   1.0000000000000000     
         928   1.0000000000000000     
         997   1.0000000000000000     
         998   1.0000000000000000     
         999   1.0000000000000000     
        1000   1.0000000000000000     
        1073   1.0000000000000000     
        1074   1.0000000000000000     
        1075   1.0000000000000000     
        1076   1.0000000000000000     
        1081   1.0000000000000000     
        1082   1.0000000000000000     
        1083   1.0000000000000000     
        1084   1.0000000000000000     
        1085   1.0000000000000000     
        1086   1.0000000000000000     
        1087   1.0000000000000000     
        1088   1.0000000000000000     
        1089   1.0000000000000000     
        1090   1.0000000000000000     
        1091   1.0000000000000000     
        1092   1.0000000000000000     
        1093   1.0000000000000000     
        1094   1.0000000000000000     
        1095   1.0000000000000000     
        1096   1.0000000000000000     
        1097   1.0000000000000000     
        1098   1.0000000000000000     
        1099   1.0000000000000000     
        1100   1.0000000000000000     
        1101   1.0000000000000000     
        1102   1.0000000000000000     
        1103   1.0000000000000000     
        1104   1.0000000000000000     
        1473   1.0000000000000000     
        1474   1.0000000000000000     
        1475   1.0000000000000000     
        1476   1.0000000000000000     
        1477   1.0000000000000000     
        1478   1.0000000000000000     
        1479   1.0000000000000000     
        1480   1.0000000000000000     
        1481   1.0000000000000000     
        1482   1.0000000000000000     
        1483   1.0000000000000000     
        1484   1.0000000000000000     
        1485   1.0000000000000000     
        1486   1.0000000000000000     
        1487   1.0000000000000000     
        1488   1.0000000000000000     
        1489   1.0000000000000000     
        1490   1.0000000000000000     
        1491   1.0000000000000000     
        1492   1.0000000000000000     
        1493   1.0000000000000000     
        1494   1.0000000000000000     
        1495   1.0000000000000000     
        1496   1.0000000000000000     
        1497   1.0000000000000000     
        1498   1.0000000000000000     
        1499   1.0000000000000000     
        1500   1.0000000000000000     
        1501   1.0000000000000000     
        1502   1.0000000000000000     
        1503   1.0000000000000000     
        1504   1.0000000000000000     
        1601   1.0000000000000000     
        1602   1.0000000000000000     
        1603   1.0000000000000000     
        1604   1.0000000000000000     
        1605   1.0000000000000000     
        1606   1.0000000000000000     
        1607   1.0000000000000000     
        1608   1.0000000000000000     
        1609   1.0000000000000000     
        1610   1.0000000000000000     
        1611   1.0000000000000000     
        1612   1.0000000000000000     
        1613   1.0000000000000000     
        1614   1.0000000000000000     
        1615   1.0000000000000000     
        1616   1.0000000000000000     
        1617   1.0000000000000000     
        1618   1.0000000000000000     
        1619   1.0000000000000000     
        1620   1.0000000000000000     
        1621   1.0000000000000000     
        1622   1.0000000000000000     
        1623   1.0000000000000000     
        1624   1.0000000000000000     
        1625   1.0000000000000000     
        1626   1.0000000000000000     
        1627   1.0000000000000000     
        1628   1.0000000000000000     
        1629   1.0000000000000000     
        1630   1.0000000000000000     
        1631   1.0000000000000000     
        1632   1.0000000000000000     
        2257   1.0000000000000000     
        2258   1.0000000000000000     
        2259   1.0000000000000000     
        2260   1.0000000000000000     
        2261   1.0000000000000000     
        2262   1.0000000000000000     
        2263   1.0000000000000000     
        2264   1.0000000000000000     
        2265   1.0000000000000000     
        2266   1.0000000000000000     
        2267   1.0000000000000000     
        2268   1.0000000000000000     
        2269   1.0000000000000000     
        2270   1.0000000000000000     
        2271   1.0000000000000000     
        2272   1.0000000000000000     
        2321   1.0000000000000000     
        2322   1.0000000000000000     
        2323   1.0000000000000000     
        2324   1.0000000000000000     
        2329   1.0000000000000000     
        2330   1.0000000000000000     
        2331   1.0000000000000000     
        2332   1.0000000000000000     
        2333   1.0000000000000000     
        2334   1.0000000000000000     
        2335   1.0000000000000000     
        2336   1.0000000000000000     
        2625   1.0000000000000000     
        2626   1.0000000000000000     
        2627   1.0000000000000000     
        2628   1.0000000000000000     
        2629   1.0000000000000000     
        2630   1.0000000000000000     
        2631   1.0000000000000000     
        2632   1.0000000000000000     
        2633   1.0000000000000000     
        2634   1.0000000000000000     
        2635   1.0000000000000000     
        2636   1.0000000000000000     
        2637   1.0000000000000000     
        2638   1.0000000000000000     
        2639   1.0000000000000000     
        2640   1.0000000000000000     
        2689   1.0000000000000000     
        2690   1.0000000000000000     
        2691   1.0000000000000000     
        2692   1.0000000000000000     
        2693   1.0000000000000000     
        2694   1.0000000000000000     
        2695   1.0000000000000000     
        2696   1.0000000000000000     
        2697   1.0000000000000000     
        2698   1.0000000000000000     
        2699   1.0000000000000000     
        2700   1.0000000000000000     
        2701   1.0000000000000000     
        2702   1.0000000000000000     
        2703   1.0000000000000000     
        2704   1.0000000000000000     
        3081  -1.0000000000000000     
        3082  -1.0000000000000000     
        3083  -1.0000000000000000     
        3084  -1.0000000000000000     
        3705   1.0000000000000000     
        3706   1.0000000000000000     
        3707   1.0000000000000000     
        3708   1.0000000000000000     
        3709   1.0000000000000000     
        3710   1.0000000000000000     
        3711   1.0000000000000000     
        3712   1.0000000000000000     
        4033   1.0000000000000000     
        4034   1.0000000000000000     
        4035   1.0000000000000000     
        4036   1.0000000000000000     
        4037   1.0000000000000000     
        4038   1.0000000000000000     
        4039   1.0000000000000000     
        4040   1.0000000000000000     
        4041   1.0000000000000000     
        4042   1.0000000000000000     
        4043   1.0000000000000000     
        4044   1.0000000000000000     
        4045   1.0000000000000000     
        4046   1.0000000000000000     
        4047   1.0000000000000000     
        4048   1.0000000000000000     
        4181   1.0000000000000000     
        4182   1.0000000000000000     
        4183   1.0000000000000000     
        4184   1.0000000000000000     
        4225   1.0000000000000000     
        4226   1.0000000000000000     
        4227   1.0000000000000000     
        4228   1.0000000000000000     
        4229   1.0000000000000000     
        4230   1.0000000000000000     
        4231   1.0000000000000000     
        4232   1.0000000000000000     
        4233   1.0000000000000000     
        4234   1.0000000000000000     
        4235   1.0000000000000000     
        4236   1.0000000000000000     
        4237   1.0000000000000000     
        4238   1.0000000000000000     
        4239   1.0000000000000000     
        4240   1.0000000000000000     
        4309   1.0000000000000000     
        4310   1.0000000000000000     
        4311   1.0000000000000000     
        4312   1.0000000000000000     
        4313   1.0000000000000000     
        4314   1.0000000000000000     
        4315   1.0000000000000000     
        4316   1.0000000000000000     
        4317   1.0000000000000000     
        4318   1.0000000000000000     
        4319   1.0000000000000000     
        4320   1.0000000000000000     
        4481   1.0000000000000000     
        4482   1.0000000000000000     
        4483   1.0000000000000000     
        4484   1.0000000000000000     
        4485   1.0000000000000000     
        4486   1.0000000000000000     
        4487   1.0000000000000000     
        4488   1.0000000000000000     
        4725   1.0000000000000000     
        4726   1.0000000000000000     
        4727   1.0000000000000000     
        4728   1.0000000000000000     
        4729   1.0000000000000000     
        4730   1.0000000000000000     
        4731   1.0000000000000000     
        4732   1.0000000000000000     
        4733   1.0000000000000000     
        4734   1.0000000000000000     
        4735   1.0000000000000000     
        4736   1.0000000000000000     
        5169   1.0000000000000000     
        5170   1.0000000000000000     
        5171   1.0000000000000000     
        5172   1.0000000000000000     
        5173   1.0000000000000000     
        5174   1.0000000000000000     
        5175   1.0000000000000000     
        5176   1.0000000000000000     
        5177   1.0000000000000000     
        5178   1.0000000000000000     
        5179   1.0000000000000000     
        5180   1.0000000000000000     
        5181   1.0000000000000000     
        5182   1.0000000000000000     
        5183   1.0000000000000000     
        5184   1.0000000000000000     
        5329   1.0000000000000000     
        5330   1.0000000000000000     
        5331   1.0000000000000000     
        5332   1.0000000000000000     
        5333   1.0000000000000000     
        5334   1.0000000000000000     
        5335   1.0000000000000000     
        5336   1.0000000000000000     
        5337   1.0000000000000000     
        5338   1.0000000000000000     
        5339   1.0000000000000000     
        5340   1.0000000000000000     
        5341   1.0000000000000000     
        5342   1.0000000000000000     
        5343   1.0000000000000000     
        5344   1.0000000000000000     
        5345   1.0000000000000000     
        5346   1.0000000000000000     
        5347   1.0000000000000000     
        5348   1.0000000000000000     
        5349   1.0000000000000000     
        5350   1.0000000000000000     
        5351   1.0000000000000000     
        5352   1.0000000000000000     
        5353   1.0000000000000000     
        5354   1.0000000000000000     
        5355   1.0000000000000000     
        5356   1.0000000000000000     
        5357   1.0000000000000000     
        5358   1.0000000000000000     
        5359   1.0000000000000000     
        5360   1.0000000000000000     
        5361   1.0000000000000000     
        5362   1.0000000000000000     
        5363   1.0000000000000000     
        5364   1.0000000000000000     
        5365   1.0000000000000000     
        5366   1.0000000000000000     
        5367   1.0000000000000000     
        5368   1.0000000000000000     
        5369   1.0000000000000000     
        5370   1.0000000000000000     
        5371   1.0000000000000000     
        5372   1.0000000000000000     
        5373   1.0000000000000000     
        5374   1.0000000000000000     
        5375   1.0000000000000000     
        5376   1.0000000000000000     
        5377   1.0000000000000000     
        5378   1.0000000000000000     
        5379   1.0000000000000000     
        5380   1.0000000000000000     
        5381   1.0000000000000000     
        5382   1.0000000000000000     
        5383   1.0000000000000000     
        5384   1.0000000000000000     
        5385   1.0000000000000000     
        5386   1.0000000000000000     
        5387   1.0000000000000000     
        5388   1.0000000000000000     
        5389   1.0000000000000000     
        5390   1.0000000000000000     
        5391   1.0000000000000000     
        5392   1.0000000000000000     
        5393   1.0000000000000000     
        5394   1.0000000000000000     
        5395   1.0000000000000000     
        5396   1.0000000000000000     
        5397   1.0000000000000000     
        5398   1.0000000000000000     
        5399   1.0000000000000000     
        5400   1.0000000000000000     
        5405   1.0000000000000000     
        5406   1.0000000000000000     
        5407   1.0000000000000000     
        5408   1.0000000000000000     
        5409   1.0000000000000000     
        5410   1.0000000000000000     
        5411   1.0000000000000000     
        5412   1.0000000000000000     
        5413   1.0000000000000000     
        5414   1.0000000000000000     
        5415   1.0000000000000000     
        5416   1.0000000000000000     
        5417   1.0000000000000000     
        5418   1.0000000000000000     
        5419   1.0000000000000000     
        5420   1.0000000000000000     
        5421   1.0000000000000000     
        5422   1.0000000000000000     
        5423   1.0000000000000000     
        5424   1.0000000000000000     
        5445   1.0000000000000000     
        5446   1.0000000000000000     
        5447   1.0000000000000000     
        5448   1.0000000000000000     
        5505   1.0000000000000000     
        5506   1.0000000000000000     
        5507   1.0000000000000000     
        5508   1.0000000000000000     
        5509   1.0000000000000000     
        5510   1.0000000000000000     
        5511   1.0000000000000000     
        5512   1.0000000000000000     
        5525   1.0000000000000000     
        5526   1.0000000000000000     
        5527   1.0000000000000000     
        5528   1.0000000000000000     
        5537   1.0000000000000000     
        5538   1.0000000000000000     
        5539   1.0000000000000000     
        5540   1.0000000000000000     
        5541   1.0000000000000000     
        5542   1.0000000000000000     
        5543   1.0000000000000000     
        5544   1.0000000000000000     
        5545   1.0000000000000000     
        5546   1.0000000000000000     
        5547   1.0000000000000000     
        5548   1.0000000000000000     
        5549   1.0000000000000000     
        5550   1.0000000000000000     
        5551   1.0000000000000000     
        5552   1.0000000000000000     
        5553   1.0000000000000000     
        5554   1.0000000000000000     
        5555   1.0000000000000000     
        5556   1.0000000000000000     
        5557   1.0000000000000000     
        5558   1.0000000000000000     
        5559   1.0000000000000000     
        5560   1.0000000000000000     
        5561   1.0000000000000000     
        5562   1.0000000000000000     
        5563   1.0000000000000000     
        5564   1.0000000000000000     
        5565   1.0000000000000000     
        5566   1.0000000000000000     
        5567   1.0000000000000000     
        5568   1.0000000000000000     
        5601   1.0000000000000000     
        5602   1.0000000000000000     
        5603   1.0000000000000000     
        5604   1.0000000000000000     
        5605   1.0000000000000000     
        5606   1.0000000000000000     
        5607   1.0000000000000000     
        5608   1.0000000000000000     
        5609   1.0000000000000000     
        5610   1.0000000000000000     
        5611   1.0000000000000000     
        5612   1.0000000000000000     
        5613   1.0000000000000000     
        5614   1.0000000000000000     
        5615   1.0000000000000000     
        5616   1.0000000000000000     
        5617   1.0000000000000000     
        5618   1.0000000000000000     
        5619   1.0000000000000000     
        5620   1.0000000000000000     
        5621   1.0000000000000000     
        5622   1.0000000000000000     
        5623   1.0000000000000000     
        5624   1.0000000000000000     
        5625   1.0000000000000000     
        5626   1.0000000000000000     
        5627   1.0000000000000000     
        5628   1.0000000000000000     
        5629   1.0000000000000000     
        5630   1.0000000000000000     
        5631   1.0000000000000000     
        5632   1.0000000000000000     
        5649   1.0000000000000000     
        5650   1.0000000000000000     
        5651   1.0000000000000000     
        5652   1.0000000000000000     
        5653   1.0000000000000000     
        5654   1.0000000000000000     
        5655   1.0000000000000000     
        5656   1.0000000000000000     
        5657   1.0000000000000000     
        5658   1.0000000000000000     
        5659   1.0000000000000000     
        5660   1.0000000000000000     
        5661   1.0000000000000000     
        5662   1.0000000000000000     
        5663   1.0000000000000000     
        5664   1.0000000000000000     
        5665   1.0000000000000000     
        5666   1.0000000000000000     
        5667   1.0000000000000000     
        5668   1.0000000000000000     
        5669   1.0000000000000000     
        5670   1.0000000000000000     
        5671   1.0000000000000000     
        5672   1.0000000000000000     
        5673   1.0000000000000000     
        5674   1.0000000000000000     
        5675   1.0000000000000000     
        5676   1.0000000000000000     
        5677   1.0000000000000000     
        5678   1.0000000000000000     
        5679   1.0000000000000000     
        5680   1.0000000000000000     
        5685   1.0000000000000000     
        5686   1.0000000000000000     
        5687   1.0000000000000000     
        5688   1.0000000000000000     
        5693   1.0000000000000000     
        5694   1.0000000000000000     
        5695   1.0000000000000000     
        5696   1.0000000000000000     
        5713   1.0000000000000000     
        5714   1.0000000000000000     
        5715   1.0000000000000000     
        5716   1.0000000000000000     
        5717   1.0000000000000000     
        5718   1.0000000000000000     
        5719   1.0000000000000000     
        5720   1.0000000000000000     
        5761   1.0000000000000000     
        5762   1.0000000000000000     
        5763   1.0000000000000000     
        5764   1.0000000000000000     
        5765   1.0000000000000000     
        5766   1.0000000000000000     
        5767   1.0000000000000000     
        5768   1.0000000000000000     
        5769   1.0000000000000000     
        5770   1.0000000000000000     
        5771   1.0000000000000000     
        5772   1.0000000000000000     
        5773   1.0000000000000000     
        5774   1.0000000000000000     
        5775   1.0000000000000000     
        5776   1.0000000000000000     
        5793   1.0000000000000000     
        5794   1.0000000000000000     
        5795   1.0000000000000000     
        5796   1.0000000000000000     
        5797   1.0000000000000000     
        5798   1.0000000000000000     
        5799   1.0000000000000000     
        5800   1.0000000000000000     
        5801   1.0000000000000000     
        5802   1.0000000000000000     
        5803   1.0000000000000000     
        5804   1.0000000000000000     
        5805   1.0000000000000000     
        5806   1.0000000000000000     
        5807   1.0000000000000000     
        5808   1.0000000000000000     
        5921   1.0000000000000000     
        5922   1.0000000000000000     
        5923   1.0000000000000000     
        5924   1.0000000000000000     
        5925   1.0000000000000000     
        5926   1.0000000000000000     
        5927   1.0000000000000000     
        5928   1.0000000000000000     
        5929   1.0000000000000000     
        5930   1.0000000000000000     
        5931   1.0000000000000000     
        5932   1.0000000000000000     
        5933   1.0000000000000000     
        5934   1.0000000000000000     
        5935   1.0000000000000000     
        5936   1.0000000000000000     
        6033   1.0000000000000000     
        6034   1.0000000000000000     
        6035   1.0000000000000000     
        6036   1.0000000000000000     
        6037   1.0000000000000000     
        6038   1.0000000000000000     
        6039   1.0000000000000000     
        6040   1.0000000000000000     
        6041   1.0000000000000000     
        6042   1.0000000000000000     
        6043   1.0000000000000000     
        6044   1.0000000000000000     
        6045   1.0000000000000000     
        6046   1.0000000000000000     
        6047   1.0000000000000000     
        6048   1.0000000000000000     
        6049   1.0000000000000000     
        6050   1.0000000000000000     
        6051   1.0000000000000000     
        6052   1.0000000000000000     
        6061   1.0000000000000000     
        6062   1.0000000000000000     
        6063   1.0000000000000000     
        6064   1.0000000000000000     
        6225   1.0000000000000000     
        6226   1.0000000000000000     
        6227   1.0000000000000000     
        6228   1.0000000000000000     
        6229   1.0000000000000000     
        6230   1.0000000000000000     
        6231   1.0000000000000000     
        6232   1.0000000000000000     
        6233   1.0000000000000000     
        6234   1.0000000000000000     
        6235   1.0000000000000000     
        6236   1.0000000000000000     
        6237   1.0000000000000000     
        6238   1.0000000000000000     
        6239   1.0000000000000000     
        6240   1.0000000000000000     
        6241   1.0000000000000000     
        6242   1.0000000000000000     
        6243   1.0000000000000000     
        6244   1.0000000000000000     
        6245   1.0000000000000000     
        6246   1.0000000000000000     
        6247   1.0000000000000000     
        6248   1.0000000000000000     
        6249   1.0000000000000000     
        6250   1.0000000000000000     
        6251   1.0000000000000000     
        6252   1.0000000000000000     
        6253   1.0000000000000000     
        6254   1.0000000000000000     
        6255   1.0000000000000000     
        6256   1.0000000000000000     
        6257   1.0000000000000000     
        6258   1.0000000000000000     
        6259   1.0000000000000000     
        6260   1.0000000000000000     
        6261   1.0000000000000000     
        6262   1.0000000000000000     
        6263   1.0000000000000000     
        6264   1.0000000000000000     
        6265   1.0000000000000000     
        6266   1.0000000000000000     
        6267   1.0000000000000000     
        6268   1.0000000000000000     
        6269   1.0000000000000000     
        6270   1.0000000000000000     
        6271   1.0000000000000000     
        6272   1.0000000000000000     
        6273   1.0000000000000000     
        6274   1.0000000000000000     
        6275   1.0000000000000000     
        6276   1.0000000000000000     
        6277   1.0000000000000000     
        6278   1.0000000000000000     
        6279   1.0000000000000000     
        6280   1.0000000000000000     
        6281   1.0000000000000000     
        6282   1.0000000000000000     
        6283   1.0000000000000000     
        6284   1.0000000000000000     
        6285   1.0000000000000000     
        6286   1.0000000000000000     
        6287   1.0000000000000000     
        6288   1.0000000000000000     
        6289   1.0000000000000000     
        6290   1.0000000000000000     
        6291   1.0000000000000000     
        6292   1.0000000000000000     
        6293   1.0000000000000000     
        6294   1.0000000000000000     
        6295   1.0000000000000000     
        6296   1.0000000000000000     
        6297   1.0000000000000000     
        6298   1.0000000000000000     
        6299   1.0000000000000000     
        6300   1.0000000000000000     
        6301   1.0000000000000000     
        6302   1.0000000000000000     
        6303   1.0000000000000000     
        6304   1.0000000000000000     
        6321   1.0000000000000000     
        6322   1.0000000000000000     
        6323   1.0000000000000000     
        6324   1.0000000000000000     
        6325   1.0000000000000000     
        6326   1.0000000000000000     
        6327   1.0000000000000000     
        6328   1.0000000000000000     
        6329   1.0000000000000000     
        6330   1.0000000000000000     
        6331   1.0000000000000000     
        6332   1.0000000000000000     
        6333   1.0000000000000000     
        6334   1.0000000000000000     
        6335   1.0000000000000000     
        6336   1.0000000000000000     
        6337   1.0000000000000000     
        6338   1.0000000000000000     
        6339   1.0000000000000000     
        6340   1.0000000000000000     
        6341   1.0000000000000000     
        6342   1.0000000000000000     
        6343   1.0000000000000000     
        6344   1.0000000000000000     
        6345   1.0000000000000000     
        6346   1.0000000000000000     
        6347   1.0000000000000000     
        6348   1.0000000000000000     
        6349   1.0000000000000000     
        6350   1.0000000000000000     
        6351   1.0000000000000000     
        6352   1.0000000000000000     
        6369   1.0000000000000000     
        6370   1.0000000000000000     
        6371   1.0000000000000000     
        6372   1.0000000000000000     
        6373   1.0000000000000000     
        6374   1.0000000000000000     
        6375   1.0000000000000000     
        6376   1.0000000000000000     
        6377   1.0000000000000000     
        6378   1.0000000000000000     
        6379   1.0000000000000000     
        6380   1.0000000000000000     
        6381   1.0000000000000000     
        6382   1.0000000000000000     
        6383   1.0000000000000000     
        6384   1.0000000000000000     
        6385   1.0000000000000000     
        6386   1.0000000000000000     
        6387   1.0000000000000000     
        6388   1.0000000000000000     
        6389   1.0000000000000000     
        6390   1.0000000000000000     
        6391   1.0000000000000000     
        6392   1.0000000000000000     
        6393   1.0000000000000000     
        6394   1.0000000000000000     
        6395   1.0000000000000000     
        6396   1.0000000000000000     
        6397   1.0000000000000000     
        6398   1.0000000000000000     
        6399   1.0000000000000000     
        6400   1.0000000000000000     
        6401   1.0000000000000000     
        6402   1.0000000000000000     
        6403   1.0000000000000000     
        6404   1.0000000000000000     
        6405   1.0000000000000000     
        6406   1.0000000000000000     
        6407   1.0000000000000000     
        6408   1.0000000000000000     
        6409   1.0000000000000000     
        6410   1.0000000000000000     
        6411   1.0000000000000000     
        6412   1.0000000000000000     
        6413   1.0000000000000000     
        6414   1.0000000000000000     
        6415   1.0000000000000000     
        6416   1.0000000000000000     
        6417   1.0000000000000000     
        6418   1.0000000000000000     
        6419   1.0000000000000000     
        6420   1.0000000000000000     
        6421   1.0000000000000000     
        6422   1.0000000000000000     
        6423   1.0000000000000000     
        6424   1.0000000000000000     
        6425   1.0000000000000000     
        6426   1.0000000000000000     
        6427   1.0000000000000000     
        6428   1.0000000000000000     
        6429   1.0000000000000000     
        6430   1.0000000000000000     
        6431   1.0000000000000000     
        6432   1.0000000000000000     
        6433   1.0000000000000000     
        6434   1.0000000000000000     
        6435   1.0000000000000000     
        6436   1.0000000000000000     
        6437   1.0000000000000000     
        6438   1.0000000000000000     
        6439   1.0000000000000000     
        6440   1.0000000000000000     
        6441   1.0000000000000000     
        6442   1.0000000000000000     
        6443   1.0000000000000000     
        6444   1.0000000000000000     
        6445   1.0000000000000000     
        6446   1.0000000000000000     
        6447   1.0000000000000000     
        6448   1.0000000000000000     
        6449   1.0000000000000000     
        6450   1.0000000000000000     
        6451   1.0000000000000000     
        6452   1.0000000000000000     
        6453   1.0000000000000000     
        6454   1.0000000000000000     
        6455   1.0000000000000000     
        6456   1.0000000000000000     
        6457   1.0000000000000000     
        6458   1.0000000000000000     
        6459   1.0000000000000000     
        6460   1.0000000000000000     
        6461   1.0000000000000000     
        6462   1.0000000000000000     
        6463   1.0000000000000000     
        6464   1.0000000000000000     
        6465   1.0000000000000000     
        6466   1.0000000000000000     
        6467   1.0000000000000000     
        6468   1.0000000000000000     
        6469   1.0000000000000000     
        6470   1.0000000000000000     
        6471   1.0000000000000000     
        6472   1.0000000000000000     
        6473   1.0000000000000000     
        6474   1.0000000000000000     
        6475   1.0000000000000000     
        6476   1.0000000000000000     
        6477   1.0000000000000000     
        6478   1.0000000000000000     
        6479   1.0000000000000000     
        6480   1.0000000000000000     
        6497   1.0000000000000000     
        6498   1.0000000000000000     
        6499   1.0000000000000000     
        6500   1.0000000000000000     
        6505   1.0000000000000000     
        6506   1.0000000000000000     
        6507   1.0000000000000000     
        6508   1.0000000000000000     
        6513   1.0000000000000000     
        6514   1.0000000000000000     
        6515   1.0000000000000000     
        6516   1.0000000000000000     
        6517   1.0000000000000000     
        6518   1.0000000000000000     
        6519   1.0000000000000000     
        6520   1.0000000000000000     
        6521   1.0000000000000000     
        6522   1.0000000000000000     
        6523   1.0000000000000000     
        6524   1.0000000000000000     
        6525   1.0000000000000000     
        6526   1.0000000000000000     
        6527   1.0000000000000000     
        6528   1.0000000000000000     
        6565   1.0000000000000000     
        6566   1.0000000000000000     
        6567   1.0000000000000000     
        6568   1.0000000000000000     
        6577   1.0000000000000000     
        6578   1.0000000000000000     
        6579   1.0000000000000000     
        6580   1.0000000000000000     
        6581   1.0000000000000000     
        6582   1.0000000000000000     
        6583   1.0000000000000000     
        6584   1.0000000000000000     
        6629   1.0000000000000000     
        6630   1.0000000000000000     
        6631   1.0000000000000000     
        6632   1.0000000000000000     
        6641   1.0000000000000000     
        6642   1.0000000000000000     
        6643   1.0000000000000000     
        6644   1.0000000000000000     
        6645   1.0000000000000000     
        6646   1.0000000000000000     
        6647   1.0000000000000000     
        6648   1.0000000000000000     
        6649   1.0000000000000000     
        6650   1.0000000000000000     
        6651   1.0000000000000000     
        6652   1.0000000000000000     
        6653   1.0000000000000000     
        6654   1.0000000000000000     
        6655   1.0000000000000000     
        6656   1.0000000000000000     
        6693   1.0000000000000000     
        6694   1.0000000000000000     
        6695   1.0000000000000000     
        6696   1.0000000000000000     
        6885   1.0000000000000000     
        6886   1.0000000000000000     
        6887   1.0000000000000000     
        6888   1.0000000000000000     
        6889   1.0000000000000000     
        6890   1.0000000000000000     
        6891   1.0000000000000000     
        6892   1.0000000000000000     
        6893   1.0000000000000000     
        6894   1.0000000000000000     
        6895   1.0000000000000000     
        6896   1.0000000000000000     
        6897   1.0000000000000000     
        6898   1.0000000000000000     
        6899   1.0000000000000000     
        6900   1.0000000000000000     
        6901   1.0000000000000000     
        6902   1.0000000000000000     
        6903   1.0000000000000000     
        6904   1.0000000000000000     
        6905   1.0000000000000000     
        6906   1.0000000000000000     
        6907   1.0000000000000000     
        6908   1.0000000000000000     
        6909   1.0000000000000000     
        6910   1.0000000000000000     
        6911   1.0000000000000000     
        6912   1.0000000000000000     
        7025   1.0000000000000000     
        7026   1.0000000000000000     
        7027   1.0000000000000000     
        7028   1.0000000000000000     
        7029   1.0000000000000000     
        7030   1.0000000000000000     
        7031   1.0000000000000000     
        7032   1.0000000000000000     
        7033   1.0000000000000000     
        7034   1.0000000000000000     
        7035   1.0000000000000000     
        7036   1.0000000000000000     
        7037   1.0000000000000000     
        7038   1.0000000000000000     
        7039   1.0000000000000000     
        7040   1.0000000000000000     
        7041   1.0000000000000000     
        7042   1.0000000000000000     
        7043   1.0000000000000000     
        7044   1.0000000000000000     
        7045   1.0000000000000000     
        7046   1.0000000000000000     
        7047   1.0000000000000000     
        7048   1.0000000000000000     
        7049   1.0000000000000000     
        7050   1.0000000000000000     
        7051   1.0000000000000000     
        7052   1.0000000000000000     
        7053   1.0000000000000000     
        7054   1.0000000000000000     
        7055   1.0000000000000000     
        7056   1.0000000000000000     
        7633   1.0000000000000000     
        7634   1.0000000000000000     
        7635   1.0000000000000000     
        7636   1.0000000000000000     
        7637   1.0000000000000000     
        7638   1.0000000000000000     
        7639   1.0000000000000000     
        7640   1.0000000000000000     
        7641   1.0000000000000000     
        7642   1.0000000000000000     
        7643   1.0000000000000000     
        7644   1.0000000000000000     
        7645   1.0000000000000000     
        7646   1.0000000000000000     
        7647   1.0000000000000000     
        7648   1.0000000000000000     
        7649   1.0000000000000000     
        7650   1.0000000000000000     
        7651   1.0000000000000000     
        7652   1.0000000000000000     
        7653   1.0000000000000000     
        7654   1.0000000000000000     
        7655   1.0000000000000000     
        7656   1.0000000000000000     
        7657   1.0000000000000000     
        7658   1.0000000000000000     
        7659   1.0000000000000000     
        7660   1.0000000000000000     
        7661   1.0000000000000000     
        7662   1.0000000000000000     
        7663   1.0000000000000000     
        7664   1.0000000000000000     
        7665   1.0000000000000000     
        7666   1.0000000000000000     
        7667   1.0000000000000000     
        7668   1.0000000000000000     
        7745   1.0000000000000000     
        7746   1.0000000000000000     
        7747   1.0000000000000000     
        7748   1.0000000000000000     
        7749   1.0000000000000000     
        7750   1.0000000000000000     
        7751   1.0000000000000000     
        7752   1.0000000000000000     
        7753   1.0000000000000000     
        7754   1.0000000000000000     
        7755   1.0000000000000000     
        7756   1.0000000000000000     
        7757   1.0000000000000000     
        7758   1.0000000000000000     
        7759   1.0000000000000000     
        7760   1.0000000000000000     
        7777   1.0000000000000000     
        7778   1.0000000000000000     
        7779   1.0000000000000000     
        7780   1.0000000000000000     
        7781   1.0000000000000000     
        7782   1.0000000000000000     
        7783   1.0000000000000000     
        7784   1.0000000000000000     
        7785   1.0000000000000000     
        7786   1.0000000000000000     
        7787   1.0000000000000000     
        7788   1.0000000000000000     
        7789   1.0000000000000000     
        7790   1.0000000000000000     
        7791   1.0000000000000000     
        7792   1.0000000000000000     
        7793   1.0000000000000000     
        7794   1.0000000000000000     
        7795   1.0000000000000000     
        7796   1.0000000000000000     
        7809   1.0000000000000000     
        7810   1.0000000000000000     
        7811   1.0000000000000000     
        7812   1.0000000000000000     
        7813   1.0000000000000000     
        7814   1.0000000000000000     
        7815   1.0000000000000000     
        7816   1.0000000000000000     
        7817   1.0000000000000000     
        7818   1.0000000000000000     
        7819   1.0000000000000000     
        7820   1.0000000000000000     
        7821   1.0000000000000000     
        7822   1.0000000000000000     
        7823   1.0000000000000000     
        7824   1.0000000000000000     
        7833   1.0000000000000000     
        7834   1.0000000000000000     
        7835   1.0000000000000000     
        7836   1.0000000000000000     
        7837   1.0000000000000000     
        7838   1.0000000000000000     
        7839   1.0000000000000000     
        7840   1.0000000000000000     
        7841   1.0000000000000000     
        7842   1.0000000000000000     
        7843   1.0000000000000000     
        7844   1.0000000000000000     
        7845   1.0000000000000000     
        7846   1.0000000000000000     
        7847   1.0000000000000000     
        7848   1.0000000000000000     
        7849   1.0000000000000000     
        7850   1.0000000000000000     
        7851   1.0000000000000000     
        7852   1.0000000000000000     
        7853   1.0000000000000000     
        7854   1.0000000000000000     
        7855   1.0000000000000000     
        7856   1.0000000000000000     
        7857   1.0000000000000000     
        7858   1.0000000000000000     
        7859   1.0000000000000000     
        7860   1.0000000000000000     
        7861   1.0000000000000000     
        7862   1.0000000000000000     
        7863   1.0000000000000000     
        7864   1.0000000000000000     
        7865   1.0000000000000000     
        7866   1.0000000000000000     
        7867   1.0000000000000000     
        7868   1.0000000000000000     
        7869   1.0000000000000000     
        7870   1.0000000000000000     
        7871   1.0000000000000000     
        7872   1.0000000000000000     
        7873   1.0000000000000000     
        7874   1.0000000000000000     
        7875   1.0000000000000000     
        7876   1.0000000000000000     
        7881   1.0000000000000000     
        7882   1.0000000000000000     
        7883   1.0000000000000000     
        7884   1.0000000000000000     
        7885   1.0000000000000000     
        7886   1.0000000000000000     
        7887   1.0000000000000000     
        7888   1.0000000000000000     
        7985   1.0000000000000000     
        7986   1.0000000000000000     
        7987   1.0000000000000000     
        7988   1.0000000000000000     
        7993   1.0000000000000000     
        7994   1.0000000000000000     
        7995   1.0000000000000000     
        7996   1.0000000000000000     
        7997   1.0000000000000000     
        7998   1.0000000000000000     
        7999   1.0000000000000000     
        8000   1.0000000000000000     
        8021   1.0000000000000000     
        8022   1.0000000000000000     
        8023   1.0000000000000000     
        8024   1.0000000000000000     
        8025   1.0000000000000000     
        8026   1.0000000000000000     
        8027   1.0000000000000000     
        8028   1.0000000000000000     
        8029   1.0000000000000000     
        8030   1.0000000000000000     
        8031   1.0000000000000000     
        8032   1.0000000000000000     
        9057   1.0000000000000000     
        9058   1.0000000000000000     
        9059   1.0000000000000000     
        9060   1.0000000000000000     
        9061   1.0000000000000000     
        9062   1.0000000000000000     
        9063   1.0000000000000000     
        9064   1.0000000000000000     
        9065   1.0000000000000000     
        9066   1.0000000000000000     
        9067   1.0000000000000000     
        9068   1.0000000000000000     
        9069   1.0000000000000000     
        9070   1.0000000000000000     
        9071   1.0000000000000000     
        9072   1.0000000000000000     
        9073   1.0000000000000000     
        9074   1.0000000000000000     
        9075   1.0000000000000000     
        9076   1.0000000000000000     
        9077   1.0000000000000000     
        9078   1.0000000000000000     
        9079   1.0000000000000000     
        9080   1.0000000000000000     
        9081   1.0000000000000000     
        9082   1.0000000000000000     
        9083   1.0000000000000000     
        9084   1.0000000000000000     
        9085   1.0000000000000000     
        9086   1.0000000000000000     
        9087   1.0000000000000000     
        9088   1.0000000000000000     
        9185   1.0000000000000000     
        9186   1.0000000000000000     
        9187   1.0000000000000000     
        9188   1.0000000000000000     
        9193   1.0000000000000000     
        9194   1.0000000000000000     
        9195   1.0000000000000000     
        9196   1.0000000000000000     
        9197   1.0000000000000000     
        9198   1.0000000000000000     
        9199   1.0000000000000000     
        9200   1.0000000000000000     
        9329   1.0000000000000000     
        9330   1.0000000000000000     
        9331   1.0000000000000000     
        9332   1.0000000000000000     
        9333   1.0000000000000000     
        9334   1.0000000000000000     
        9335   1.0000000000000000     
        9336   1.0000000000000000     
        9337   1.0000000000000000     
        9338   1.0000000000000000     
        9339   1.0000000000000000     
        9340   1.0000000000000000     
        9341   1.0000000000000000     
        9342   1.0000000000000000     
        9343   1.0000000000000000     
        9344   1.0000000000000000     
        9345   1.0000000000000000     
        9346   1.0000000000000000     
        9347   1.0000000000000000     
        9348   1.0000000000000000     
        9349   1.0000000000000000     
        9350   1.0000000000000000     
        9351   1.0000000000000000     
        9352   1.0000000000000000     
        9353   1.0000000000000000     
        9354   1.0000000000000000     
        9355   1.0000000000000000     
        9356   1.0000000000000000     
        9357   1.0000000000000000     
        9358   1.0000000000000000     
        9359   1.0000000000000000     
        9360   1.0000000000000000     
        9361   1.0000000000000000     
        9362   1.0000000000000000     
        9363   1.0000000000000000     
        9364   1.0000000000000000     
        9369   1.0000000000000000     
        9370   1.0000000000000000     
        9371   1.0000000000000000     
        9372   1.0000000000000000     
        9373   1.0000000000000000     
        9374   1.0000000000000000     
        9375   1.0000000000000000     
        9376   1.0000000000000000     
        9381   1.0000000000000000     
        9382   1.0000000000000000     
        9383   1.0000000000000000     
        9384   1.0000000000000000     
        9385   1.0000000000000000     
        9386   1.0000000000000000     
        9387   1.0000000000000000     
        9388   1.0000000000000000     
        9389   1.0000000000000000     
        9390   1.0000000000000000     
        9391   1.0000000000000000     
        9392   1.0000000000000000     
        9397   1.0000000000000000     
        9398   1.0000000000000000     
        9399   1.0000000000000000     
        9400   1.0000000000000000     
        9617   1.0000000000000000     
        9618   1.0000000000000000     
        9619   1.0000000000000000     
        9620   1.0000000000000000     
       10337   1.0000000000000000     
       10338   1.0000000000000000     
       10339   1.0000000000000000     
       10340   1.0000000000000000     
       10737   1.0000000000000000     
       10738   1.0000000000000000     
       10739   1.0000000000000000     
       10740   1.0000000000000000     
       10741   1.0000000000000000     
       10742   1.0000000000000000     
       10743   1.0000000000000000     
       10744   1.0000000000000000     
       10745   1.0000000000000000     
       10746   1.0000000000000000     
       10747   1.0000000000000000     
       10748   1.0000000000000000     
       10749   1.0000000000000000     
       10750   1.0000000000000000     
       10751   1.0000000000000000     
       10752   1.0000000000000000     
       10757   1.0000000000000000     
       10758   1.0000000000000000     
       10759   1.0000000000000000     
       10760   1.0000000000000000     
       10785   1.0000000000000000     
       10786   1.0000000000000000     
       10787   1.0000000000000000     
       10788   1.0000000000000000     
       10789   1.0000000000000000     
       10790   1.0000000000000000     
       10791   1.0000000000000000     
       10792   1.0000000000000000     
       10793   1.0000000000000000     
       10794   1.0000000000000000     
       10795   1.0000000000000000     
       10796   1.0000000000000000     
       10797   1.0000000000000000     
       10798   1.0000000000000000     
       10799   1.0000000000000000     
       10800   1.0000000000000000     
       10817   1.0000000000000000     
       10818   1.0000000000000000     
       10819   1.0000000000000000     
       10820   1.0000000000000000     
       10821   1.0000000000000000     
       10822   1.0000000000000000     
       10823   1.0000000000000000     
       10824   1.0000000000000000     
       10829   1.0000000000000000     
       10830   1.0000000000000000     
       10831   1.0000000000000000     
       10832   1.0000000000000000     
       10849   1.0000000000000000     
       10850   1.0000000000000000     
       10851   1.0000000000000000     
       10852   1.0000000000000000     
       10857   1.0000000000000000     
       10858   1.0000000000000000     
       10859   1.0000000000000000     
       10860   1.0000000000000000     
       10861   1.0000000000000000     
       10862   1.0000000000000000     
       10863   1.0000000000000000     
       10864   1.0000000000000000     
       10865   1.0000000000000000     
       10866   1.0000000000000000     
       10867   1.0000000000000000     
       10868   1.0000000000000000     
       10869   1.0000000000000000     
       10870   1.0000000000000000     
       10871   1.0000000000000000     
       10872   1.0000000000000000     
       10873   1.0000000000000000     
       10874   1.0000000000000000     
       10875   1.0000000000000000     
       10876   1.0000000000000000     
       10877   1.0000000000000000     
       10878   1.0000000000000000     
       10879   1.0000000000000000     
       10880   1.0000000000000000     
       10881   1.0000000000000000     
       10882   1.0000000000000000     
       10883   1.0000000000000000     
       10884   1.0000000000000000     
       10885   1.0000000000000000     
       10886   1.0000000000000000     
       10887   1.0000000000000000     
       10888   1.0000000000000000     
       10889   1.0000000000000000     
       10890   1.0000000000000000     
       10891   1.0000000000000000     
       10892   1.0000000000000000     
       10893   1.0000000000000000     
       10894   1.0000000000000000     
       10895   1.0000000000000000     
       10896   1.0000000000000000     
       10929   1.0000000000000000     
       10930   1.0000000000000000     
       10931   1.0000000000000000     
       10932   1.0000000000000000     
       10933   1.0000000000000000     
       10934   1.0000000000000000     
       10935   1.0000000000000000     
       10936   1.0000000000000000     
       10937   1.0000000000000000     
       10938   1.0000000000000000     
       10939   1.0000000000000000     
       10940   1.0000000000000000     
       10941   1.0000000000000000     
       10942   1.0000000000000000     
       10943   1.0000000000000000     
       10944   1.0000000000000000     
       10961   1.0000000000000000     
       10962   1.0000000000000000     
       10963   1.0000000000000000     
       10964   1.0000000000000000     
       10965   1.0000000000000000     
       10966   1.0000000000000000     
       10967   1.0000000000000000     
       10968   1.0000000000000000     
       10969   1.0000000000000000     
       10970   1.0000000000000000     
       10971   1.0000000000000000     
       10972   1.0000000000000000     
       10973   1.0000000000000000     
       10974   1.0000000000000000     
       10975   1.0000000000000000     
       10976   1.0000000000000000     
       10977   1.0000000000000000     
       10978   1.0000000000000000     
       10979   1.0000000000000000     
       10980   1.0000000000000000     
       10981   1.0000000000000000     
       10982   1.0000000000000000     
       10983   1.0000000000000000     
       10984   1.0000000000000000     
       10985   1.0000000000000000     
       10986   1.0000000000000000     
       10987   1.0000000000000000     
       10988   1.0000000000000000     
       10989   1.0000000000000000     
       10990   1.0000000000000000     
       10991   1.0000000000000000     
       10992   1.0000000000000000     
       11625   1.0000000000000000     
       11626   1.0000000000000000     
       11627   1.0000000000000000     
       11628   1.0000000000000000     
       11733   1.0000000000000000     
       11734   1.0000000000000000     
       11735   1.0000000000000000     
       11736   1.0000000000000000     
       11737   1.0000000000000000     
       11738   1.0000000000000000     
       11739   1.0000000000000000     
       11740   1.0000000000000000     
       11741   1.0000000000000000     
       11742   1.0000000000000000     
       11743   1.0000000000000000     
       11744   1.0000000000000000     
       11761   1.0000000000000000     
       11762   1.0000000000000000     
       11763   1.0000000000000000     
       11764   1.0000000000000000     
       11765   1.0000000000000000     
       11766   1.0000000000000000     
       11767   1.0000000000000000     
       11768   1.0000000000000000     
       11769   1.0000000000000000     
       11770   1.0000000000000000     
       11771   1.0000000000000000     
       11772   1.0000000000000000     
       11773   1.0000000000000000     
       11774   1.0000000000000000     
       11775   1.0000000000000000     
       11776   1.0000000000000000     
       11793   1.0000000000000000     
       11794   1.0000000000000000     
       11795   1.0000000000000000     
       11796   1.0000000000000000     
       11797   1.0000000000000000     
       11798   1.0000000000000000     
       11799   1.0000000000000000     
       11800   1.0000000000000000     
       11801   1.0000000000000000     
       11802   1.0000000000000000     
       11803   1.0000000000000000     
       11804   1.0000000000000000     
       11805   1.0000000000000000     
       11806   1.0000000000000000     
       11807   1.0000000000000000     
       11808   1.0000000000000000     
       11809   1.0000000000000000     
       11810   1.0000000000000000     
       11811   1.0000000000000000     
       11812   1.0000000000000000     
       11897   1.0000000000000000     
       11898   1.0000000000000000     
       11899   1.0000000000000000     
       11900   1.0000000000000000     
       12005   1.0000000000000000     
       12006   1.0000000000000000     
       12007   1.0000000000000000     
       12008   1.0000000000000000     
       12033   1.0000000000000000     
       12034   1.0000000000000000     
       12035   1.0000000000000000     
       12036   1.0000000000000000     
       12041   1.0000000000000000     
       12042   1.0000000000000000     
       12043   1.0000000000000000     
       12044   1.0000000000000000     
       12045   1.0000000000000000     
       12046   1.0000000000000000     
       12047   1.0000000000000000     
       12048   1.0000000000000000     
       12273   1.0000000000000000     
       12274   1.0000000000000000     
       12275   1.0000000000000000     
       12276   1.0000000000000000     
       12277   1.0000000000000000     
       12278   1.0000000000000000     
       12279   1.0000000000000000     
       12280   1.0000000000000000     
       12281   1.0000000000000000     
       12282   1.0000000000000000     
       12283   1.0000000000000000     
       12284   1.0000000000000000     
       12285   1.0000000000000000     
       12286   1.0000000000000000     
       12287   1.0000000000000000     
       12288   1.0000000000000000     
       12337   1.0000000000000000     
       12338   1.0000000000000000     
       12339   1.0000000000000000     
       12340   1.0000000000000000     
       12349   1.0000000000000000     
       12350   1.0000000000000000     
       12351   1.0000000000000000     
       12352   1.0000000000000000     
       12353   1.0000000000000000     
       12354   1.0000000000000000     
       12355   1.0000000000000000     
       12356   1.0000000000000000     
       12357   1.0000000000000000     
       12358   1.0000000000000000     
       12359   1.0000000000000000     
       12360   1.0000000000000000     
       12361   1.0000000000000000     
       12362   1.0000000000000000     
       12363   1.0000000000000000     
       12364   1.0000000000000000     
       12365   1.0000000000000000     
       12366   1.0000000000000000     
       12367   1.0000000000000000     
       12368   1.0000000000000000     
       12373   1.0000000000000000     
       12374   1.0000000000000000     
       12375   1.0000000000000000     
       12376   1.0000000000000000     
       12377   1.0000000000000000     
       12378   1.0000000000000000     
       12379   1.0000000000000000     
       12380   1.0000000000000000     
       12381   1.0000000000000000     
       12382   1.0000000000000000     
       12383   1.0000000000000000     
       12384   1.0000000000000000     
       12401   1.0000000000000000     
       12402   1.0000000000000000     
       12403   1.0000000000000000     
       12404   1.0000000000000000     
       12405   1.0000000000000000     
       12406   1.0000000000000000     
       12407   1.0000000000000000     
       12408   1.0000000000000000     
       12409   1.0000000000000000     
       12410   1.0000000000000000     
       12411   1.0000000000000000     
       12412   1.0000000000000000     
       12413   1.0000000000000000     
       12414   1.0000000000000000     
       12415   1.0000000000000000     
       12416   1.0000000000000000     
       12417   1.0000000000000000     
       12418   1.0000000000000000     
       12419   1.0000000000000000     
       12420   1.0000000000000000     
       12421   1.0000000000000000     
       12422   1.0000000000000000     
       12423   1.0000000000000000     
       12424   1.0000000000000000     
       12425   1.0000000000000000     
       12426   1.0000000000000000     
       12427   1.0000000000000000     
       12428   1.0000000000000000     
       12429   1.0000000000000000     
       12430   1.0000000000000000     
       12431   1.0000000000000000     
       12432   1.0000000000000000     
       12433   1.0000000000000000     
       12434   1.0000000000000000     
       12435   1.0000000000000000     
       12436   1.0000000000000000     
       12437   1.0000000000000000     
       12438   1.0000000000000000     
       12439   1.0000000000000000     
       12440   1.0000000000000000     
       12441   1.0000000000000000     
       12442   1.0000000000000000     
       12443   1.0000000000000000     
       12444   1.0000000000000000     
       12445   1.0000000000000000     
       12446   1.0000000000000000     
       12447   1.0000000000000000     
       12448   1.0000000000000000     
       12449   1.0000000000000000     
       12450   1.0000000000000000     
       12451   1.0000000000000000     
       12452   1.0000000000000000     
       12453   1.0000000000000000     
       12454   1.0000000000000000     
       12455   1.0000000000000000     
       12456   1.0000000000000000     
       12457   1.0000000000000000     
       12458   1.0000000000000000     
       12459   1.0000000000000000     
       12460   1.0000000000000000     
       12461   1.0000000000000000     
       12462   1.0000000000000000     
       12463   1.0000000000000000     
       12464   1.0000000000000000     
       13313   1.0000000000000000     
       13314   1.0000000000000000     
       13315   1.0000000000000000     
       13316   1.0000000000000000     
       13325   1.0000000000000000     
       13326   1.0000000000000000     
       13327   1.0000000000000000     
       13328   1.0000000000000000     
       13445  -1.0000000000000000     
       13446  -1.0000000000000000     
       13447  -1.0000000000000000     
       13448  -1.0000000000000000     
       13489  -1.0000000000000000     
       13490  -1.0000000000000000     
       13491  -1.0000000000000000     
       13492  -1.0000000000000000     
       13493  -1.0000000000000000     
       13494  -1.0000000000000000     
       13495  -1.0000000000000000     
       13496  -1.0000000000000000     
       13497  -1.0000000000000000     
       13498  -1.0000000000000000     
       13499  -1.0000000000000000     
       13500  -1.0000000000000000     
       13501  -1.0000000000000000     
       13502  -1.0000000000000000     
       13503  -1.0000000000000000     
       13504  -1.0000000000000000     
       13553  -1.0000000000000000     
       13554  -1.0000000000000000     
       13555  -1.0000000000000000     
       13556  -1.0000000000000000     
       13585  -1.0000000000000000     
       13586  -1.0000000000000000     
       13587  -1.0000000000000000     
       13588  -1.0000000000000000     
       13589  -1.0000000000000000     
       13590  -1.0000000000000000     
       13591  -1.0000000000000000     
       13592  -1.0000000000000000     
       13593  -1.0000000000000000     
       13594  -1.0000000000000000     
       13595  -1.0000000000000000     
       13596  -1.0000000000000000     
       13597  -1.0000000000000000     
       13598  -1.0000000000000000     
       13599  -1.0000000000000000     
       13600  -1.0000000000000000     
       13601  -1.0000000000000000     
       13602  -1.0000000000000000     
       13603  -1.0000000000000000     
       13604  -1.0000000000000000     
       13605  -1.0000000000000000     
       13606  -1.0000000000000000     
       13607  -1.0000000000000000     
       13608  -1.0000000000000000     
       13609  -1.0000000000000000     
       13610  -1.0000000000000000     
       13611  -1.0000000000000000     
       13612  -1.0000000000000000     
       13613  -1.0000000000000000     
       13614  -1.0000000000000000     
       13615  -1.0000000000000000     
       13616  -1.0000000000000000     
       13649  -1.0000000000000000     
       13650  -1.0000000000000000     
       13651  -1.0000000000000000     
       13652  -1.0000000000000000     
       13653  -1.0000000000000000     
       13654  -1.0000000000000000     
       13655  -1.0000000000000000     
       13656  -1.0000000000000000     
       13657  -1.0000000000000000     
       13658  -1.0000000000000000     
       13659  -1.0000000000000000     
       13660  -1.0000000000000000     
       13661  -1.0000000000000000     
       13662  -1.0000000000000000     
       13663  -1.0000000000000000     
       13664  -1.0000000000000000     
       13665  -1.0000000000000000     
       13666  -1.0000000000000000     
       13667  -1.0000000000000000     
       13668  -1.0000000000000000     
       13669  -1.0000000000000000     
       13670  -1.0000000000000000     
       13671  -1.0000000000000000     
       13672  -1.0000000000000000     
       13673  -1.0000000000000000     
       13674  -1.0000000000000000     
       13675  -1.0000000000000000     
       13676  -1.0000000000000000     
       13677  -1.0000000000000000     
       13678  -1.0000000000000000     
       13679  -1.0000000000000000     
       13680  -1.0000000000000000     
       13745  -1.0000000000000000     
       13746  -1.0000000000000000     
       13747  -1.0000000000000000     
       13748  -1.0000000000000000     
       13749  -1.0000000000000000     
       13750  -1.0000000000000000     
       13751  -1.0000000000000000     
       13752  -1.0000000000000000     
       13753  -1.0000000000000000     
       13754  -1.0000000000000000     
       13755  -1.0000000000000000     
       13756  -1.0000000000000000     
       13757  -1.0000000000000000     
       13758  -1.0000000000000000     
       13759  -1.0000000000000000     
       13760  -1.0000000000000000     
       13761  -1.0000000000000000     
       13762  -1.0000000000000000     
       13763  -1.0000000000000000     
       13764  -1.0000000000000000     
       13765  -1.0000000000000000     
       13766  -1.0000000000000000     
       13767  -1.0000000000000000     
       13768  -1.0000000000000000     
       13769  -1.0000000000000000     
       13770  -1.0000000000000000     
       13771  -1.0000000000000000     
       13772  -1.0000000000000000     
       13773  -1.0000000000000000     
       13774  -1.0000000000000000     
       13775  -1.0000000000000000     
       13776  -1.0000000000000000     
       13825  -1.0000000000000000     
       13826  -1.0000000000000000     
       13827  -1.0000000000000000     
       13828  -1.0000000000000000     
       13841  -1.0000000000000000     
       13842  -1.0000000000000000     
       13843  -1.0000000000000000     
       13844  -1.0000000000000000     
       13845  -1.0000000000000000     
       13846  -1.0000000000000000     
       13847  -1.0000000000000000     
       13848  -1.0000000000000000     
       13849  -1.0000000000000000     
       13850  -1.0000000000000000     
       13851  -1.0000000000000000     
       13852  -1.0000000000000000     
       13853  -1.0000000000000000     
       13854  -1.0000000000000000     
       13855  -1.0000000000000000     
       13856  -1.0000000000000000     
       13937  -1.0000000000000000     
       13938  -1.0000000000000000     
       13939  -1.0000000000000000     
       13940  -1.0000000000000000     
       13941  -1.0000000000000000     
       13942  -1.0000000000000000     
       13943  -1.0000000000000000     
       13944  -1.0000000000000000     
       13945  -1.0000000000000000     
       13946  -1.0000000000000000     
       13947  -1.0000000000000000     
       13948  -1.0000000000000000     
       13949  -1.0000000000000000     
       13950  -1.0000000000000000     
       13951  -1.0000000000000000     
       13952  -1.0000000000000000     
       13953  -1.0000000000000000     
       13954  -1.0000000000000000     
       13955  -1.0000000000000000     
       13956  -1.0000000000000000     
       13957  -1.0000000000000000     
       13958  -1.0000000000000000     
       13959  -1.0000000000000000     
       13960  -1.0000000000000000     
       13961  -1.0000000000000000     
       13962  -1.0000000000000000     
       13963  -1.0000000000000000     
       13964  -1.0000000000000000     
       13965  -1.0000000000000000     
       13966  -1.0000000000000000     
       13967  -1.0000000000000000     
       13968  -1.0000000000000000     
       13969  -1.0000000000000000     
       13970  -1.0000000000000000     
       13971  -1.0000000000000000     
       13972  -1.0000000000000000     
       13973  -1.0000000000000000     
       13974  -1.0000000000000000     
       13975  -1.0000000000000000     
       13976  -1.0000000000000000     
       13977  -1.0000000000000000     
       13978  -1.0000000000000000     
       13979  -1.0000000000000000     
       13980  -1.0000000000000000     
       13981  -1.0000000000000000     
       13982  -1.0000000000000000     
       13983  -1.0000000000000000     
       13984  -1.0000000000000000     
       13985  -1.0000000000000000     
       13986  -1.0000000000000000     
       13987  -1.0000000000000000     
       13988  -1.0000000000000000     
       13989  -1.0000000000000000     
       13990  -1.0000000000000000     
       13991  -1.0000000000000000     
       13992  -1.0000000000000000     
       13993  -1.0000000000000000     
       13994  -1.0000000000000000     
       13995  -1.0000000000000000     
       13996  -1.0000000000000000     
       13997  -1.0000000000000000     
       13998  -1.0000000000000000     
       13999  -1.0000000000000000     
       14000  -1.0000000000000000     
       14017  -1.0000000000000000     
       14018  -1.0000000000000000     
       14019  -1.0000000000000000     
       14020  -1.0000000000000000     
       14021  -1.0000000000000000     
       14022  -1.0000000000000000     
       14023  -1.0000000000000000     
       14024  -1.0000000000000000     
       14025  -1.0000000000000000     
       14026  -1.0000000000000000     
       14027  -1.0000000000000000     
       14028  -1.0000000000000000     
       14029  -1.0000000000000000     
       14030  -1.0000000000000000     
       14031  -1.0000000000000000     
       14032  -1.0000000000000000     
       14033   1.0000000000000000     
       14034   1.0000000000000000     
       14035   1.0000000000000000     
       14036   1.0000000000000000     
       14041   1.0000000000000000     
       14042   1.0000000000000000     
       14043   1.0000000000000000     
       14044   1.0000000000000000     
       14045   1.0000000000000000     
       14046   1.0000000000000000     
       14047   1.0000000000000000     
       14048   1.0000000000000000     
       14049  -1.0000000000000000     
       14050  -1.0000000000000000     
       14051  -1.0000000000000000     
       14052  -1.0000000000000000     
       14053  -1.0000000000000000     
       14054  -1.0000000000000000     
       14055  -1.0000000000000000     
       14056  -1.0000000000000000     
       14057  -1.0000000000000000     
       14058  -1.0000000000000000     
       14059  -1.0000000000000000     
       14060  -1.0000000000000000     
       14061  -1.0000000000000000     
       14062  -1.0000000000000000     
       14063  -1.0000000000000000     
       14064  -1.0000000000000000     
       14065  -1.0000000000000000     
       14066  -1.0000000000000000     
       14067  -1.0000000000000000     
       14068  -1.0000000000000000     
       14069  -1.0000000000000000     
       14070  -1.0000000000000000     
       14071  -1.0000000000000000     
       14072  -1.0000000000000000     
       14073  -1.0000000000000000     
       14074  -1.0000000000000000     
       14075  -1.0000000000000000     
       14076  -1.0000000000000000     
       14077  -1.0000000000000000     
       14078  -1.0000000000000000     
       14079  -1.0000000000000000     
       14080  -1.0000000000000000     
       14081  -1.0000000000000000     
       14082  -1.0000000000000000     
       14083  -1.0000000000000000     
       14084  -1.0000000000000000     
       14085  -1.0000000000000000     
       14086  -1.0000000000000000     
       14087  -1.0000000000000000     
       14088  -1.0000000000000000     
       14089  -1.0000000000000000     
       14090  -1.0000000000000000     
       14091  -1.0000000000000000     
       14092  -1.0000000000000000     
       14093  -1.0000000000000000     
       14094  -1.0000000000000000     
       14095  -1.0000000000000000     
       14096  -1.0000000000000000     
       14129  -1.0000000000000000     
       14130  -1.0000000000000000     
       14131  -1.0000000000000000     
       14132  -1.0000000000000000     
       14133  -1.0000000000000000     
       14134  -1.0000000000000000     
       14135  -1.0000000000000000     
       14136  -1.0000000000000000     
       14137  -1.0000000000000000     
       14138  -1.0000000000000000     
       14139  -1.0000000000000000     
       14140  -1.0000000000000000     
       14141  -1.0000000000000000     
       14142  -1.0000000000000000     
       14143  -1.0000000000000000     
       14144  -1.0000000000000000     
       14161  -1.0000000000000000     
       14162  -1.0000000000000000     
       14163  -1.0000000000000000     
       14164  -1.0000000000000000     
       14165  -1.0000000000000000     
       14166  -1.0000000000000000     
       14167  -1.0000000000000000     
       14168  -1.0000000000000000     
       14169  -1.0000000000000000     
       14170  -1.0000000000000000     
       14171  -1.0000000000000000     
       14172  -1.0000000000000000     
       14173  -1.0000000000000000     
       14174  -1.0000000000000000     
       14175  -1.0000000000000000     
       14176  -1.0000000000000000     
       14193  -1.0000000000000000     
       14194  -1.0000000000000000     
       14195  -1.0000000000000000     
       14196  -1.0000000000000000     
       14197  -1.0000000000000000     
       14198  -1.0000000000000000     
       14199  -1.0000000000000000     
       14200  -1.0000000000000000     
       14205  -1.0000000000000000     
       14206  -1.0000000000000000     
       14207  -1.0000000000000000     
       14208  -1.0000000000000000     
       14209  -1.0000000000000000     
       14210  -1.0000000000000000     
       14211  -1.0000000000000000     
       14212  -1.0000000000000000     
       14213  -1.0000000000000000     
       14214  -1.0000000000000000     
       14215  -1.0000000000000000     
       14216  -1.0000000000000000     
       14217  -1.0000000000000000     
       14218  -1.0000000000000000     
       14219  -1.0000000000000000     
       14220  -1.0000000000000000     
       14221  -1.0000000000000000     
       14222  -1.0000000000000000     
       14223  -1.0000000000000000     
       14224  -1.0000000000000000     
       14225  -1.0000000000000000     
       14226  -1.0000000000000000     
       14227  -1.0000000000000000     
       14228  -1.0000000000000000     
       14229  -1.0000000000000000     
       14230  -1.0000000000000000     
       14231  -1.0000000000000000     
       14232  -1.0000000000000000     
       14233  -1.0000000000000000     
       14234  -1.0000000000000000     
       14235  -1.0000000000000000     
       14236  -1.0000000000000000     
       14237  -1.0000000000000000     
       14238  -1.0000000000000000     
       14239  -1.0000000000000000     
       14240  -1.0000000000000000     
       14241  -1.0000000000000000     
       14242  -1.0000000000000000     
       14243  -1.0000000000000000     
       14244  -1.0000000000000000     
       14245  -1.0000000000000000     
       14246  -1.0000000000000000     
       14247  -1.0000000000000000     
       14248  -1.0000000000000000     
       14249  -1.0000000000000000     
       14250  -1.0000000000000000     
       14251  -1.0000000000000000     
       14252  -1.0000000000000000     
       14253  -1.0000000000000000     
       14254  -1.0000000000000000     
       14255  -1.0000000000000000     
       14256  -1.0000000000000000     
       14289  -1.0000000000000000     
       14290  -1.0000000000000000     
       14291  -1.0000000000000000     
       14292  -1.0000000000000000     
       14293  -1.0000000000000000     
       14294  -1.0000000000000000     
       14295  -1.0000000000000000     
       14296  -1.0000000000000000     
       14297  -1.0000000000000000     
       14298  -1.0000000000000000     
       14299  -1.0000000000000000     
       14300  -1.0000000000000000     
       14301  -1.0000000000000000     
       14302  -1.0000000000000000     
       14303  -1.0000000000000000     
       14304  -1.0000000000000000     
       14345  -1.0000000000000000     
       14346  -1.0000000000000000     
       14347  -1.0000000000000000     
       14348  -1.0000000000000000     
       14369  -1.0000000000000000     
       14370  -1.0000000000000000     
       14371  -1.0000000000000000     
       14372  -1.0000000000000000     
       14385  -1.0000000000000000     
       14386  -1.0000000000000000     
       14387  -1.0000000000000000     
       14388  -1.0000000000000000     
       14389  -1.0000000000000000     
       14390  -1.0000000000000000     
       14391  -1.0000000000000000     
       14392  -1.0000000000000000     
       14393  -1.0000000000000000     
       14394  -1.0000000000000000     
       14395  -1.0000000000000000     
       14396  -1.0000000000000000     
       14397  -1.0000000000000000     
       14398  -1.0000000000000000     
       14399  -1.0000000000000000     
       14400  -1.0000000000000000     
       14433  -1.0000000000000000     
       14434  -1.0000000000000000     
       14435  -1.0000000000000000     
       14436  -1.0000000000000000     
       14437  -1.0000000000000000     
       14438  -1.0000000000000000     
       14439  -1.0000000000000000     
       14440  -1.0000000000000000     
       14441  -1.0000000000000000     
       14442  -1.0000000000000000     
       14443  -1.0000000000000000     
       14444  -1.0000000000000000     
       14445  -1.0000000000000000     
       14446  -1.0000000000000000     
       14447  -1.0000000000000000     
       14448  -1.0000000000000000     
       14457  -1.0000000000000000     
       14458  -1.0000000000000000     
       14459  -1.0000000000000000     
       14460  -1.0000000000000000     
       14497  -1.0000000000000000     
       14498  -1.0000000000000000     
       14499  -1.0000000000000000     
       14500  -1.0000000000000000     
       14501  -1.0000000000000000     
       14502  -1.0000000000000000     
       14503  -1.0000000000000000     
       14504  -1.0000000000000000     
       14505  -1.0000000000000000     
       14506  -1.0000000000000000     
       14507  -1.0000000000000000     
       14508  -1.0000000000000000     
       14509  -1.0000000000000000     
       14510  -1.0000000000000000     
       14511  -1.0000000000000000     
       14512  -1.0000000000000000     
       14529  -1.0000000000000000     
       14530  -1.0000000000000000     
       14531  -1.0000000000000000     
       14532  -1.0000000000000000     
       14533  -1.0000000000000000     
       14534  -1.0000000000000000     
       14535  -1.0000000000000000     
       14536  -1.0000000000000000     
       14537  -1.0000000000000000     
       14538  -1.0000000000000000     
       14539  -1.0000000000000000     
       14540  -1.0000000000000000     
       14541  -1.0000000000000000     
       14542  -1.0000000000000000     
       14543  -1.0000000000000000     
       14544  -1.0000000000000000     
       14549  -1.0000000000000000     
       14550  -1.0000000000000000     
       14551  -1.0000000000000000     
       14552  -1.0000000000000000     
       14561  -1.0000000000000000     
       14562  -1.0000000000000000     
       14563  -1.0000000000000000     
       14564  -1.0000000000000000     
       14565  -1.0000000000000000     
       14566  -1.0000000000000000     
       14567  -1.0000000000000000     
       14568  -1.0000000000000000     
       14569  -1.0000000000000000     
       14570  -1.0000000000000000     
       14571  -1.0000000000000000     
       14572  -1.0000000000000000     
       14573  -1.0000000000000000     
       14574  -1.0000000000000000     
       14575  -1.0000000000000000     
       14576  -1.0000000000000000     
       14577  -1.0000000000000000     
       14578  -1.0000000000000000     
       14579  -1.0000000000000000     
       14580  -1.0000000000000000     
       14585  -1.0000000000000000     
       14586  -1.0000000000000000     
       14587  -1.0000000000000000     
       14588  -1.0000000000000000     
       14589  -1.0000000000000000     
       14590  -1.0000000000000000     
       14591  -1.0000000000000000     
       14592  -1.0000000000000000     
       14601  -1.0000000000000000     
       14602  -1.0000000000000000     
       14603  -1.0000000000000000     
       14604  -1.0000000000000000     
       14609  -1.0000000000000000     
       14610  -1.0000000000000000     
       14611  -1.0000000000000000     
       14612  -1.0000000000000000     
       14613  -1.0000000000000000     
       14614  -1.0000000000000000     
       14615  -1.0000000000000000     
       14616  -1.0000000000000000     
       14621  -1.0000000000000000     
       14622  -1.0000000000000000     
       14623  -1.0000000000000000     
       14624  -1.0000000000000000     
       14689  -1.0000000000000000     
       14690  -1.0000000000000000     
       14691  -1.0000000000000000     
       14692  -1.0000000000000000     
       14697  -1.0000000000000000     
       14698  -1.0000000000000000     
       14699  -1.0000000000000000     
       14700  -1.0000000000000000     
       14701  -1.0000000000000000     
       14702  -1.0000000000000000     
       14703  -1.0000000000000000     
       14704  -1.0000000000000000     
       14961  -1.0000000000000000     
       14962  -1.0000000000000000     
       14963  -1.0000000000000000     
       14964  -1.0000000000000000     
       14993  -1.0000000000000000     
       14994  -1.0000000000000000     
       14995  -1.0000000000000000     
       14996  -1.0000000000000000     
       14997  -1.0000000000000000     
       14998  -1.0000000000000000     
       14999  -1.0000000000000000     
       15000  -1.0000000000000000     
       15001  -1.0000000000000000     
       15002  -1.0000000000000000     
       15003  -1.0000000000000000     
       15004  -1.0000000000000000     
       15005  -1.0000000000000000     
       15006  -1.0000000000000000     
       15007  -1.0000000000000000     
       15008  -1.0000000000000000     
       15345   1.0000000000000000     
       15346   1.0000000000000000     
       15347   1.0000000000000000     
       15348   1.0000000000000000     
       15457   1.0000000000000000     
       15458   1.0000000000000000     
       15459   1.0000000000000000     
       15460   1.0000000000000000     
       15461   1.0000000000000000     
       15462   1.0000000000000000     
       15463   1.0000000000000000     
       15464   1.0000000000000000     
       15469   1.0000000000000000     
       15470   1.0000000000000000     
       15471   1.0000000000000000     
       15472   1.0000000000000000     
       15649   1.0000000000000000     
       15650   1.0000000000000000     
       15651   1.0000000000000000     
       15652   1.0000000000000000     
       16065   1.0000000000000000     
       16066   1.0000000000000000     
       16067   1.0000000000000000     
       16068   1.0000000000000000     
       16077   1.0000000000000000     
       16078   1.0000000000000000     
       16079   1.0000000000000000     
       16080   1.0000000000000000     
       16129   1.0000000000000000     
       16130   1.0000000000000000     
       16131   1.0000000000000000     
       16132   1.0000000000000000     
       16133   1.0000000000000000     
       16134   1.0000000000000000     
       16135   1.0000000000000000     
       16136   1.0000000000000000     
       16137   1.0000000000000000     
       16138   1.0000000000000000     
       16139   1.0000000000000000     
       16140   1.0000000000000000     
       16141   1.0000000000000000     
       16142   1.0000000000000000     
       16143   1.0000000000000000     
       16144   1.0000000000000000     
       17201  -1.0000000000000000     
       17202  -1.0000000000000000     
       17203  -1.0000000000000000     
       17204  -1.0000000000000000     
       17205  -1.0000000000000000     
       17206  -1.0000000000000000     
       17207  -1.0000000000000000     
       17208  -1.0000000000000000     
       17209  -1.0000000000000000     
       17210  -1.0000000000000000     
       17211  -1.0000000000000000     
       17212  -1.0000000000000000     
       17213  -1.0000000000000000     
       17214  -1.0000000000000000     
       17215  -1.0000000000000000     
       17216  -1.0000000000000000     
       17217  -1.0000000000000000     
       17218  -1.0000000000000000     
       17219  -1.0000000000000000     
       17220  -1.0000000000000000     
       17221  -1.0000000000000000     
       17222  -1.0000000000000000     
       17223  -1.0000000000000000     
       17224  -1.0000000000000000     
       17225  -1.0000000000000000     
       17226  -1.0000000000000000     
       17227  -1.0000000000000000     
       17228  -1.0000000000000000     
       17229  -1.0000000000000000     
       17230  -1.0000000000000000     
       17231  -1.0000000000000000     
       17232  -1.0000000000000000     
 time    1.0000000000000000E+030
