1 5036 !  dim ndata
time    0.0 
1903 
5 0.5
9 0.404807916920351
10 0.4114335716480061
11 0.3705389678896326
12 0.3955934854859966
33 0.5
34 0.5
35 0.5
36 0.5
37 0.08634575546129497
38 0.10752393886532374
39 0.07627393886532374
40 0.09004787773064749
46 0.5
53 0.489242885849535
54 0.489242885849535
55 0.45697154339814006
56 0.47848577169907003
89 0.48451942767453293
90 0.43807771069813184
91 0.48451942767453293
92 0.469038855349066
97 0.42160711926826844
98 0.4230651974240387
99 0.46893446333846145
100 0.4378689266769228
109 0.2060106540461919
110 0.1728591019306202
111 0.1635083593144982
112 0.1807927050971035
113 0.3280479662894603
114 0.28691131272530024
115 0.28403121789493346
116 0.29966349896989797
249 0.10874003392897663
250 0.07433347867411927
251 0.07542735944161977
252 0.0861669573482386
273 0.03125
274 0.0625
275 0.09375
276 0.0625
589 0.3838212144542711
590 0.3460798419207217
591 0.3516765322090404
592 0.36052586286134447
657 0.5
658 0.5
659 0.5
660 0.5
661 0.5
663 0.5
664 0.5
665 0.5
666 0.5
668 0.5
673 0.5
674 0.5
675 0.5
676 0.5
679 0.5
689 0.5
690 0.5
691 0.5
692 0.5
693 0.5
694 0.5
695 0.5
696 0.5
698 0.5
700 0.5
705 0.5
706 0.5
707 0.5
708 0.5
709 0.5
710 0.5
711 0.5
712 0.5
713 0.4348409765618102
714 0.478458240012962
715 0.4574502235029987
716 0.4569164800259238
873 0.5
874 0.5
875 0.5
876 0.5
881 0.26598084445059733
882 0.29034721984639233
883 0.31444096375127306
884 0.29025634268275446
885 0.5
886 0.5
887 0.5
888 0.5
889 0.5
890 0.5
891 0.5
892 0.5
893 0.43476535245552295
894 0.47755539270310354
895 0.4530116110599942
896 0.455110785406207
897 0.291522641004055
898 0.32816765048887375
899 0.3307067398342054
900 0.3167990104423779
902 0.5
903 0.5
904 0.5
905 0.49181873945229704
906 0.49181873945229704
907 0.4672749578091878
908 0.48363747890459396
909 0.5
910 0.5
911 0.5
912 0.5
913 0.5
914 0.5
915 0.5
916 0.5
918 0.5
919 0.5
920 0.5
921 0.5
922 0.5
923 0.5
924 0.5
925 0.15857022133442017
926 0.2122481090633937
927 0.1866636660795628
928 0.18582733215912556
929 0.5
930 0.5
931 0.5
932 0.5
933 0.5
934 0.5
935 0.5
936 0.5
937 0.5
938 0.5
939 0.5
940 0.5
941 0.5
942 0.5
943 0.5
944 0.5
945 0.5
946 0.5
947 0.5
948 0.5
949 0.5
950 0.5
951 0.5
952 0.5
953 0.5
954 0.5
955 0.5
956 0.5
957 0.5
958 0.5
959 0.5
960 0.5
961 0.5
962 0.5
963 0.5
964 0.5
965 0.5
966 0.5
967 0.5
968 0.5
969 0.5
970 0.5
971 0.5
972 0.5
973 0.5
974 0.5
975 0.5
976 0.5
978 0.5
979 0.5
980 0.5
981 0.5
982 0.5
983 0.5
984 0.5
985 0.28195009431858886
986 0.25392546811952366
987 0.27167058837604396
988 0.26918205027138553
989 0.5
990 0.5
991 0.5
992 0.5
993 0.5
994 0.5
995 0.5
996 0.5
997 0.5
998 0.5
999 0.5
1000 0.5
1001 0.4857366532508065
1002 0.442946613003226
1003 0.4857366532508065
1004 0.471473306501613
1005 0.5
1006 0.5
1007 0.5
1008 0.5
1009 0.5
1010 0.5
1011 0.5
1012 0.5
1013 0.5
1014 0.5
1015 0.5
1016 0.5
1017 0.5
1018 0.5
1019 0.5
1020 0.5
1021 0.5
1022 0.5
1023 0.5
1024 0.5
1025 0.4375
1026 0.40625
1027 0.46875
1028 0.4375
1029 0.5
1030 0.5
1031 0.5
1032 0.5
1033 0.5
1034 0.5
1035 0.5
1036 0.5
1037 0.5
1038 0.5
1039 0.5
1040 0.5
1041 0.5
1042 0.5
1043 0.5
1044 0.5
1045 0.5
1046 0.5
1047 0.5
1048 0.5
1049 0.5
1050 0.5
1051 0.5
1052 0.5
1053 0.5
1054 0.5
1055 0.5
1056 0.5
1057 0.5
1058 0.5
1059 0.5
1060 0.5
1061 0.5
1062 0.5
1063 0.5
1064 0.5
1065 0.5
1066 0.5
1067 0.5
1068 0.5
1069 0.5
1070 0.5
1071 0.5
1072 0.5
1073 0.5
1074 0.5
1075 0.5
1076 0.5
1077 0.5
1078 0.5
1079 0.5
1080 0.5
1081 0.5
1082 0.5
1083 0.5
1084 0.5
1085 0.3957533341122882
1086 0.3994050108411088
1087 0.3580119615787388
1088 0.3843901021773787
1089 0.23886474486754877
1090 0.2326876948007473
1091 0.2754041867371245
1092 0.2489855421351403
1093 0.42381436394893834
1094 0.47025608092533944
1095 0.42746604067775895
1096 0.440512161850679
1097 0.3169792641943353
1098 0.25993763721594576
1099 0.29647707908552146
1100 0.2911313268319342
1101 0.47239837064286894
1102 0.42595665366646784
1103 0.43603519954787684
1104 0.4447967412857379
1105 0.5
1106 0.5
1107 0.5
1108 0.5
1109 0.5
1110 0.5
1111 0.5
1112 0.5
1113 0.5
1114 0.5
1115 0.5
1116 0.5
1117 0.5
1118 0.5
1119 0.5
1120 0.5
1121 0.5
1122 0.5
1123 0.5
1124 0.5
1125 0.5
1126 0.5
1127 0.5
1128 0.5
1129 0.48958333333333337
1130 0.48958333333333337
1131 0.45833333333333337
1132 0.47916666666666663
1133 0.5
1134 0.5
1135 0.5
1136 0.5
1137 0.4344706717176283
1138 0.42776445336073754
1139 0.3918515950860588
1140 0.41802890672147486
1141 0.361963912486838
1142 0.3495646061723764
1143 0.39095765543474625
1144 0.3674953913646536
1145 0.3688069336984582
1146 0.4160469352508377
1147 0.35869043241438536
1148 0.3811814337878938
1149 0.4501520727856304
1150 0.4568582911425212
1151 0.4814020727856304
1152 0.4628041455712606
1153 0.4290836833281647
1154 0.3818436817757852
1155 0.41083742472369333
1156 0.40725492994254775
1157 0.33934804865961177
1158 0.32923154737553884
1159 0.2982113950954516
1160 0.32226366371020065
1161 0.33419835766332373
1162 0.3489357838682067
1163 0.3134577113257814
1164 0.33219728428577067
1165 0.23246244243634262
1166 0.23796373540992982
1167 0.2751789343727199
1168 0.2485350374063307
1169 0.11838903811672363
1170 0.12813311343873418
1171 0.08644559042876243
1172 0.11098924732807341
1173 0.487878942968336
1174 0.4515157718733439
1175 0.487878942968336
1176 0.4757578859366719
1177 0.40983973314066624
1178 0.39976118725925724
1179 0.36761650501402654
1180 0.3924058084713167
1181 0.5
1182 0.5
1183 0.5
1184 0.5
1185 0.5
1186 0.5
1187 0.5
1188 0.5
1189 0.5
1190 0.5
1191 0.5
1192 0.5
1193 0.5
1194 0.5
1195 0.5
1196 0.5
1197 0.5
1198 0.5
1199 0.5
1200 0.5
1201 0.25250142469998293
1202 0.3039463613900538
1203 0.2723289193099887
1204 0.27625890180000856
1205 0.43718616326579474
1206 0.43056050853813954
1207 0.47354933436078683
1208 0.44709866872157367
1209 0.340811830548998
1210 0.3030136194610046
1211 0.30657275448799504
1212 0.3167994014993325
1213 0.3943996838851257
1214 0.3601307348544073
1215 0.36980063950710473
1216 0.37477701941554586
1217 0.2649061354894443
1218 0.32194776246783363
1219 0.31635107217951497
1220 0.30106832337893097
1221 0.3922907773559847
1222 0.350067549229345
1223 0.3295653641205313
1224 0.35730789690195364
1225 0.35183904838703317
1226 0.3927336521454067
1227 0.33000823890995334
1228 0.35819364648079777
1233 0.2501034004026502
1234 0.281021102407224
1235 0.28731859936544013
1236 0.27281436739177145
1237 0.3966982411469645
1238 0.39524016299119435
1239 0.3634666382301651
1240 0.3851350141227746
1261 0.5
1262 0.5
1263 0.5
1264 0.5
1293 0.5
1294 0.5
1295 0.5
1296 0.5
1333 0.5
1334 0.5
1335 0.5
1336 0.5
1337 0.5
1338 0.5
1339 0.5
1340 0.5
1341 0.5
1342 0.5
1343 0.5
1344 0.5
1345 0.5
1346 0.5
1347 0.5
1348 0.5
1349 0.5
1350 0.5
1351 0.5
1352 0.5
1353 0.5
1354 0.5
1355 0.5
1356 0.5
1357 0.14831427050855517
1358 0.13755417366415884
1359 0.10078455721656021
1360 0.12888433379642478
1361 0.21651830751447837
1362 0.18601843732484236
1363 0.2103412574476768
1364 0.20429266742899915
1365 0.23607117051726606
1366 0.2276305447969132
1367 0.27054800754883035
1368 0.24474990762100318
1369 0.29749042189036434
1370 0.3132751171946564
1371 0.33138516408291785
1372 0.3140502343893128
1377 0.5
1378 0.5
1379 0.5
1380 0.5
1381 0.5
1382 0.5
1383 0.5
1384 0.5
1385 0.5
1386 0.5
1387 0.5
1388 0.5
1389 0.5
1390 0.5
1391 0.5
1392 0.5
1393 0.5
1394 0.5
1395 0.5
1396 0.5
1397 0.5
1398 0.5
1399 0.5
1400 0.5
1401 0.5
1402 0.5
1403 0.5
1404 0.5
1405 0.5
1406 0.5
1407 0.5
1408 0.5
1409 0.17432413166909883
1410 0.20482400185873478
1411 0.16356403482470255
1412 0.1809040561175121
1413 0.16761125554871387
1414 0.14288958040996436
1415 0.19193407567154824
1416 0.16747830387674217
1417 0.007148745952947622
1418 0.028594983811790486
1419 0.007148745952947622
1420 0.014297491905895243
1421 0.2018754467036889
1422 0.1528309514421049
1423 0.2073767396772761
1424 0.18736104594102326
1425 0.17414476745380164
1426 0.21540473448783387
1427 0.2166470621854954
1428 0.20206552137571032
1429 0.026228505630872423
1430 0.0685716322051419
1431 0.06257089594922027
1432 0.052457011261744846
1433 0.2433438788911051
1434 0.23962373740491438
1435 0.2610889991476254
1436 0.24801887181454835
1437 0.048456520424463745
1438 0.01211413010611595
1439 0.01211413010611595
1440 0.0242282602122319
1441 0.1456606564957446
1442 0.10413167945967122
1443 0.12093898135699505
1444 0.12357710577080366
1449 0.11563551841828579
1450 0.08438551841828579
1451 0.11879207367314315
1452 0.10627103683657158
1453 0.0552393044627833
1454 0.0228954236952828
1455 0.059237814013630596
1456 0.04579084739056555
1461 0.1357515524044517
1462 0.1451022950205736
1463 0.09498342640600566
1464 0.1252790912770103
1465 0.22513827427167749
1466 0.18826658066991503
1467 0.22141813278548678
1468 0.21160766257569308
1469 0.14261714451687718
1470 0.1258109503896661
1471 0.09249827590230925
1472 0.12030879026961755
1473 0.33762708203935976
1474 0.2936103336448329
1475 0.32522777572489814
1476 0.31882173046969686
1477 0.2370095494001747
1478 0.23576722170251324
1479 0.25559471631251884
1480 0.2427904958050689
1481 0.19648595382878103
1482 0.14194016559360983
1483 0.15831230330970864
1484 0.16557947424403313
1485 0.35450165990781224
1486 0.3202625838468093
1487 0.35777293689626155
1488 0.3441790602169611
1497 0.5
1498 0.5
1499 0.5
1500 0.5
1501 0.5
1502 0.5
1503 0.5
1504 0.5
1505 0.14536431678090245
1506 0.17971405994298828
1507 0.1503938833041134
1508 0.15849075334266804
1509 0.5
1510 0.5
1511 0.5
1512 0.5
1513 0.17368069081464804
1514 0.20341371561336757
1515 0.21185434133372044
1516 0.19631624925391206
1517 0.3047951037036527
1518 0.32222931653133724
1519 0.2809566919403671
1520 0.302660370725119
1521 0.30700060217873004
1522 0.3007031052205139
1523 0.32883141165581
1524 0.3121783730183513
1525 0.24919061309224166
1526 0.2836674501238059
1527 0.28010831509681544
1528 0.27098879277095433
1529 0.5
1530 0.5
1531 0.5
1532 0.5
1533 0.47386013558532303
1534 0.43087130976267585
1535 0.43842936816393985
1536 0.4477202711706463
1537 0.33933164969906915
1538 0.3112033432637731
1539 0.3490015543517665
1540 0.3331788491048696
1541 0.40834201969578643
1542 0.38374297531776547
1543 0.4159000780970503
1544 0.40266169103686744
1545 0.34833932559044434
1546 0.31082897254099195
1547 0.3167672146845434
1548 0.32531183760532656
1549 0.3766337195212416
1550 0.3799049965096909
1551 0.40879082230052644
1552 0.38844317944381956
1553 0.5
1554 0.5
1555 0.5
1556 0.5
1557 0.5
1558 0.5
1559 0.5
1560 0.5
1561 0.5
1562 0.5
1563 0.5
1564 0.5
1565 0.5
1566 0.5
1567 0.5
1568 0.5
1569 0.5
1570 0.5
1571 0.5
1572 0.5
1573 0.5
1574 0.5
1575 0.5
1576 0.5
1577 0.09052826381933454
1578 0.09652900007525611
1579 0.1380579771113295
1580 0.10837174700197338
1581 0.5
1582 0.5
1583 0.5
1584 0.5
1585 0.5
1586 0.5
1587 0.5
1588 0.5
1589 0.18677302093491943
1590 0.1524232777728336
1591 0.178629727271838
1592 0.17260867532653035
1593 0.5
1594 0.5
1595 0.5
1596 0.5
1597 0.042709359336547015
1598 0.06360624805197357
1599 0.021263121477704094
1600 0.042526242955408244
1601 0.09565860143934907
1602 0.13310546521235062
1603 0.11673332749625187
1604 0.1151657980493172
1605 0.06644072975069398
1606 0.02836502733600349
1607 0.07538440692932336
1608 0.056730054672006924
1609 0.06100369410721834
1610 0.07763315866306603
1611 0.09870788471996877
1612 0.07911491249675101
1613 0.05076760321958734
1614 0.01269190080489685
1615 0.01269190080489685
1616 0.025383801609793644
1617 0.15145507844349987
1618 0.12295189184912775
1619 0.1811881032422194
1620 0.1518650245116157
1621 0.2899579427507536
1622 0.28401970060720216
1623 0.24110223785528512
1624 0.271693293737747
1625 0.5
1626 0.5
1627 0.5
1628 0.5
1629 0.5
1630 0.5
1631 0.5
1632 0.5
1633 0.5
1634 0.5
1635 0.5
1636 0.5
1637 0.5
1638 0.5
1639 0.5
1640 0.5
1641 0.5
1642 0.5
1643 0.5
1644 0.5
1645 0.5
1646 0.5
1647 0.5
1648 0.5
1657 0.05354184102333398
1658 0.05244796025583348
1659 0.02119796025583348
1660 0.04239592051166702
1661 0.010416666666666685
1662 0.010416666666666685
1663 0.041666666666666685
1664 0.020833333333333315
1673 0.42618644041801756
1674 0.4545022146915185
1675 0.42379701488052546
1676 0.43482855666335385
1677 0.38952234853155576
1678 0.35386847676896394
1679 0.35544684659572323
1680 0.36627922396541446
1681 0.38386238057510713
1682 0.3791995223004285
1683 0.41511238057510713
1684 0.39272476115021426
1685 0.46875
1686 0.40625
1687 0.4375
1688 0.4375
1689 0.30064542557719476
1690 0.34078635639429866
1691 0.27828635639429866
1692 0.30657271278859743
1693 0.41758724355777443
1694 0.37496816692620494
1695 0.360230740721322
1696 0.3842620504017672
1697 0.20644481432794365
1698 0.2320292573117746
1699 0.23769481432794365
1700 0.22538962865588735
1701 0.17161399858898735
1702 0.20848569219074986
1703 0.15480780446177628
1704 0.17830249841383788
1705 0.26604400762300984
1706 0.24457874588029888
1707 0.26316391279264295
1708 0.25792888876531717
1709 0.29820518516412464
1710 0.28792567922157974
1711 0.318945831501667
1712 0.3016922319624572
1713 0.36006540363607253
1714 0.31992447281896863
1715 0.35540254536139393
1716 0.34513080727214496
1717 0.25556450405557574
1718 0.24989894703940663
1719 0.27792357323847183
1720 0.26112900811115136
1721 0.21875
1722 0.15625
1723 0.1875
1724 0.1875
1725 0.13962540700647647
1726 0.1677188517516191
1727 0.1364688517516191
1728 0.14793770350323826
1749 0.010781293589166852
1750 0.04312517435666735
1751 0.010781293589166852
1752 0.021562587178333648
1753 0.07960997338476544
1754 0.08360848293561274
1755 0.12037809938321148
1756 0.09453218523452994
1757 0.057916349172534964
1758 0.041286884616687336
1759 0.01984064675784447
1760 0.03968129351568889
1761 0.08332305754250463
1762 0.06242616882707802
1763 0.1001303594398284
1764 0.08195986193647037
1817 0.49515134030374375
1818 0.49515134030374375
1819 0.4806053612149749
1820 0.4903026806074875
1821 0.43204821487681977
1822 0.4793755589470128
1823 0.4648295798582437
1824 0.45875111789402556
1825 0.453019324051116
1826 0.4321345357185017
1827 0.42023795906969197
1828 0.43513060627976985
1829 0.341130409114924
1830 0.3559146847339273
1831 0.3243425738280262
1832 0.3404625558922926
1833 0.28457506871648874
1834 0.26073665695320325
1835 0.24134917658268157
1836 0.26222030075079117
1841 0.5
1842 0.5
1843 0.5
1844 0.5
1845 0.3307834847794039
1846 0.351678613326572
1847 0.3814493005238879
1848 0.35463713287662124
1849 0.4527589767714888
1850 0.4881897441928723
1851 0.4881897441928723
1852 0.4763794883857444
1853 0.4036477543618753
1854 0.4155443310106849
1855 0.38665850521984935
1856 0.40195019686413647
1857 0.389091053891929
1858 0.37210180474990306
1859 0.35731752913089976
1860 0.3728367959242439
1861 0.44791031707523266
1862 0.4687951054078471
1863 0.48334108449661584
1864 0.4666821689932318
1865 0.20361467283882956
1866 0.2698566858086604
1867 0.22100098091319192
1868 0.23149077985356065
1873 0.5
1874 0.5
1875 0.5
1876 0.5
1877 0.5
1878 0.5
1879 0.5
1880 0.5
1881 0.28117215112062943
1882 0.32244477571159946
1883 0.3056569404247018
1884 0.30309128908564353
1885 0.3802956619507266
1886 0.3470640590339271
1887 0.3296298462062426
1888 0.35232985573029874
1889 0.28035444278656263
1890 0.2628412476677108
1891 0.2961391380908547
1892 0.27977827618170925
1893 0.3986614176054887
1894 0.3688907304081728
1895 0.399631953105807
1896 0.38906136703982286
1897 0.5
1898 0.5
1899 0.5
1900 0.5
1901 0.44268156556980365
1902 0.48567039139245083
1903 0.48567039139245083
1904 0.47134078278490177
1905 0.5
1906 0.5
1907 0.5
1908 0.5
1909 0.5
1910 0.5
1911 0.5
1912 0.5
1913 0.5
1914 0.5
1915 0.5
1916 0.5
1917 0.5
1918 0.5
1919 0.5
1920 0.5
1921 0.42971835944786074
1922 0.44336708986196527
1923 0.47461708986196527
1924 0.4492341797239304
1925 0.4088850261145275
1926 0.3912837565286319
1927 0.4225337565286319
1928 0.4075675130572637
1929 0.2881880014224555
1930 0.24496210928864842
1931 0.27518838777707033
1932 0.26944616616272477
1933 0.3125
1934 0.28125
1935 0.34375
1936 0.3125
1937 0.031162273216031044
1938 0.06656479279565763
1939 0.01954541320233777
1940 0.03909082640467548
1941 0.06223276050386328
1942 0.03128179373913759
1943 0.09417620819182454
1944 0.06256358747827512
1945 0.10662266686290961
1946 0.10352448657298985
1947 0.147472570181639
1948 0.11920657453917949
1949 0.1909016199649925
1950 0.19463355872191634
1951 0.2326588436307509
1952 0.20606467410588653
1953 0.04580267298383106
1954 0.07810701227353789
1955 0.08120519256345765
1956 0.06837162594027557
1957 0.11838510059820756
1958 0.16606512296378045
1959 0.16233318420685672
1960 0.14892780258961497
1961 0.09161491847992465
1962 0.10055859565855402
1963 0.12906178225292625
1964 0.1070784321304683
1965 0.18530367548367188
1966 0.12706746409058017
1967 0.16791736740930951
1968 0.16009616899452056
1969 0.003872286671231129
1970 0.003872286671231129
1971 0.015489146684924404
1972 0.007744573342462202
1973 0.018512686439031145
1974 0.06243388574243125
1975 0.03012954645272442
1976 0.03702537287806229
1977 0.4959034183807741
1978 0.4959034183807741
1979 0.48361367352309603
1980 0.491806836761548
1981 0.48061366307596654
1982 0.43474439716154356
1983 0.46832391821828845
1984 0.46122732615193274
1985 0.5
1986 0.5
1987 0.5
1988 0.5
1989 0.5
1990 0.5
1991 0.5
1992 0.5
1993 0.5
1994 0.5
1995 0.5
1996 0.5
1997 0.5
1998 0.5
1999 0.5
2000 0.5
2001 0.5
2002 0.5
2003 0.5
2004 0.5
2005 0.5
2006 0.5
2007 0.5
2008 0.5
2009 0.5
2010 0.5
2011 0.5
2012 0.5
2013 0.5
2014 0.5
2015 0.5
2016 0.5
2017 0.5
2018 0.5
2019 0.5
2020 0.5
2021 0.5
2022 0.5
2023 0.5
2024 0.5
2025 0.5
2026 0.5
2027 0.5
2028 0.5
2029 0.5
2030 0.5
2031 0.5
2032 0.5
2033 0.5
2034 0.5
2035 0.5
2036 0.5
2037 0.5
2038 0.5
2039 0.5
2040 0.5
2041 0.5
2042 0.5
2044 0.5
2045 0.5
2046 0.5
2047 0.5
2048 0.5
2049 0.5
2050 0.5
2051 0.5
2052 0.5
2053 0.5
2054 0.5
2055 0.5
2056 0.5
2057 0.5
2058 0.5
2059 0.5
2060 0.5
2061 0.5
2062 0.5
2063 0.5
2064 0.5
2065 0.5
2066 0.5
2067 0.5
2068 0.5
2069 0.5
2070 0.5
2071 0.5
2072 0.5
2079 0.5
2081 0.5
2082 0.5
2083 0.5
2084 0.5
2089 0.5
2090 0.5
2091 0.5
2092 0.5
2093 0.5
2094 0.5
2095 0.5
2096 0.5
2102 0.5
2103 0.5
2104 0.5
2105 0.5
2106 0.5
2107 0.5
2108 0.5
2109 0.5
2110 0.5
2111 0.5
2112 0.5
2133 0.5
2134 0.5
2135 0.5
2136 0.5
2137 0.5
2138 0.5
2139 0.5
2140 0.5
2141 0.2575204041747128
2142 0.21000000633169935
2143 0.23852728983234672
2144 0.23534923344625303
2147 0.5
2148 0.5
2153 0.5
2154 0.5
2155 0.5
2156 0.5
2157 0.5
2158 0.5
2159 0.5
2160 0.5
2161 0.5
2162 0.5
2163 0.5
2164 0.5
2165 0.4697440012238244
2166 0.42387473530940145
2167 0.4248452708097199
2168 0.4394880024476485
2169 0.4806136630759664
2170 0.46832391821828845
2171 0.4347443971615438
2172 0.46122732615193296
2173 0.3880516927811941
2174 0.33920042319529853
2175 0.37045042319529853
2176 0.36590084639059706
2182 0.5
2209 0.5
2211 0.5
2212 0.5
2257 0.15742528847777454
2258 0.10974526611220164
2259 0.12777384626283322
2260 0.13164813361760314
2261 0.2354520210048645
2262 0.20204753613517784
2263 0.23749991142800847
2264 0.22499982285601688
2265 0.03125
2266 0.09375
2267 0.0625
2268 0.0625
2269 0.0834648048175623
2270 0.1147148048175623
2271 0.11510921927024925
2272 0.10442960963512465
2273 0.055908355454101
2274 0.06887858799277541
2275 0.024957388689375304
2276 0.04991477737875055
2277 0.15424758825336915
2278 0.19184812468595774
2279 0.14355887793270333
2280 0.1632181969573434
2281 0.30956167498278064
2282 0.2965620613373954
2283 0.3304568035299489
2284 0.31219351328337497
2285 0.24582173233552235
2286 0.26333492745437415
2287 0.22806107676210097
2288 0.24573924551733256
2289 0.16866147976983675
2290 0.20121444399857413
2291 0.20626201620242535
2292 0.19204597999027878
2293 0.25973403652561877
2294 0.29098403652561877
2295 0.25768614610247476
2296 0.26946807305123743
2297 0.17542545576159968
2298 0.19106928505786502
2299 0.14877224550711726
2300 0.17175566210886067
2305 0.21173831136929494
2306 0.2534955350350533
2307 0.2779803243391258
2308 0.2477380569144913
2309 0.22072794435864146
2310 0.24011542472916308
2311 0.20209013982032853
2312 0.22097783630271106
2313 0.14987978856412854
2314 0.19816903531738284
2315 0.1795312307790699
2316 0.17586001822019376
2317 0.2288709545094289
2318 0.22382338230557758
2319 0.2590972329978508
2320 0.23726385660428573
2333 0.1611949710937881
2334 0.13454176083930564
2335 0.13414734638661874
2336 0.14329469277323753
2337 0.010416666666666685
2338 0.010416666666666685
2339 0.041666666666666685
2340 0.020833333333333315
2341 0.09427588593691594
2342 0.031381471484228984
2343 0.06263147148422898
2344 0.06276294296845797
2345 0.21734920823572312
2346 0.18189683294289244
2347 0.15484920823572312
2348 0.18469841647144625
2349 0.21108851676592139
2350 0.19544468746965604
2351 0.22884917233934282
2352 0.2117941255249734
2353 0.127818235105849
2354 0.11712952478518329
2355 0.08613071209587736
2356 0.11035949066230327
2357 0.1431358671962933
2358 0.18543290674704105
2359 0.15287994251830384
2360 0.16048290548721278
2361 0.08952851447745264
2362 0.07655828193877817
2363 0.1075570946280841
2364 0.09121463034810495
2365 0.010316988921575232
2366 0.010316988921575232
2367 0.04126795568630098
2368 0.02063397784315052
2393 0.5
2396 0.5
2717 0.5
2718 0.5
2719 0.5
2720 0.5
2721 0.5
2722 0.5
2723 0.5
2724 0.5
2725 0.2241638342229475
2726 0.18244408084747987
2727 0.19382158301408547
2728 0.20014316602817073
2729 0.312818409502438
2730 0.27238241638668725
2731 0.30454016517782523
2732 0.29658033035565
2733 0.5
2734 0.5
2735 0.5
2736 0.5
2737 0.5
2738 0.5
2739 0.5
2740 0.5
2741 0.5
2742 0.5
2743 0.5
2744 0.5
2745 0.5
2746 0.5
2747 0.5
2748 0.5
2781 0.5
2782 0.5
2783 0.5
2784 0.5
2785 0.5
2786 0.5
2787 0.5
2788 0.5
2789 0.5
2790 0.5
2791 0.5
2792 0.5
2793 0.5
2794 0.5
2795 0.5
2796 0.5
2861 0.35512660675619934
2862 0.3525875174108677
2863 0.38920210869203165
2864 0.36563874428636645
2881 0.4850337565286319
2882 0.4401350261145275
2883 0.4850337565286319
2884 0.4700675130572637
2885 0.334820438824719
2886 0.3836717084106146
2887 0.35293048571298036
2888 0.3571408776494379
2889 0.40625
2890 0.46875
2891 0.4375
2892 0.4375
2893 0.48958333333333337
2894 0.45833333333333337
2895 0.48958333333333337
2896 0.47916666666666663
3185 0.4719893113200493
3186 0.49299732783001216
3187 0.49299732783001216
3188 0.48599465566002453
3189 0.1953178056419247
3190 0.17604610009102828
3191 0.16226924396252884
3192 0.1778777165651606
3193 0.06102774128595989
3194 0.05425007634439272
3195 0.02305556352607052
3196 0.04611112705214104
3197 0.47664328793542166
3198 0.4416065785301495
3199 0.441609861146959
3200 0.45328657587084353
3201 0.48809775714333714
3202 0.45239102857334834
3203 0.48809775714333714
3204 0.47619551428667406
3225 0.5
3226 0.5
3227 0.5
3228 0.5
3229 0.5
3230 0.5
3231 0.5
3232 0.5
3249 0.47021733767434903
3250 0.40771733767434903
3251 0.4433693506973968
3252 0.4404346753486983
3309 0.4013570845164729
3310 0.36474249323530916
3311 0.4037465100539652
3312 0.3899486959352494
3313 0.35690752484230615
3314 0.36333747977114084
3315 0.40532338998101536
3316 0.37518946486482085
3321 0.013773938865323743
3322 0.013773938865323743
3323 0.05509575546129497
3324 0.027547877730647485
3325 0.3267194386521244
3326 0.280926196064198
3327 0.3282978084788841
3328 0.3119811477317356
3329 0.47550027321164845
3330 0.434272435297989
3331 0.4432289307602535
3332 0.4510005464232971
3333 0.24104311748658347
3334 0.20979311748658347
3335 0.2454224699463332
3336 0.23208623497316672
3345 0.437539627518412
3346 0.4682448273294051
3347 0.4811568909695636
3348 0.462313781939127
3349 0.25920633494514966
3350 0.26011408373628764
3351 0.29136408373628764
3352 0.27022816747257483
3353 0.3547876590994836
3354 0.37775941477487085
3355 0.40900941477487085
3356 0.3805188295497419
3509 0.495695978786614
3510 0.495695978786614
3511 0.4827839151464557
3512 0.49139195757322796
3825 0.4910506710076825
3826 0.46420268403073006
3827 0.4910506710076825
3828 0.48210134201536503
3829 0.21875
3830 0.15625
3831 0.1875
3832 0.1875
3833 0.4486259876797549
3834 0.4287438856037824
3835 0.4754739746567074
3836 0.450947949313415
3837 0.4718850382995017
3838 0.420805688258751
3839 0.4386195032387572
3840 0.44377007659900336
3841 0.2683909530630679
3842 0.27657846664760366
3843 0.31576256547775383
3844 0.28691066172947477
3853 0.19541223816084252
3854 0.18382768619840562
3855 0.1612261928311849
3856 0.180155372396811
3857 0.2662558032796667
3858 0.29312645081991673
3859 0.26187645081991673
3860 0.27375290163983323
3861 0.21071496908246146
3862 0.23518190800913774
3863 0.21558083777324444
3864 0.2204925716216144
3865 0.4819533661487274
3866 0.4690413025085691
3867 0.44072552823506794
3868 0.4639067322974548
3869 0.12546575980162733
3870 0.163302911988515
3871 0.13709646248951057
3872 0.1419550447598843
3873 0.3717257845273796
3874 0.4299889032311597
3875 0.4042668306881978
3876 0.40199383948224576
3877 0.3908574467461754
3878 0.3763513674630701
3879 0.3583164005853572
3880 0.37517507159820096
3881 0.3727633930613041
3882 0.40841726482389595
3883 0.4310265117650842
3884 0.40406905655009484
3885 0.4143815123902541
3886 0.36394318350332955
3887 0.4181649391787168
3888 0.39882987835743333
3889 0.27106063227452903
3890 0.2666169020131095
3891 0.31241014460103567
3892 0.28336255962955814
3893 0.3685915950297629
3894 0.3710469198731847
3895 0.40507962869660297
3896 0.38157271453318375
3897 0.4779055244038457
3898 0.44287209761538304
3899 0.4466555244038457
3900 0.45581104880769163
3901 0.48958333333333326
3902 0.48958333333333326
3903 0.45833333333333326
3904 0.47916666666666674
3905 0.4532887642820498
3906 0.48832219107051245
3907 0.48832219107051245
3908 0.4766443821410249
3909 0.37903616605588053
3910 0.4172080806770737
3911 0.4172047980602642
3912 0.40448301493107297
3913 0.4722164358359515
3914 0.43994509338455656
3915 0.4211370857952008
3916 0.4444328716719028
3917 0.3440167897792883
3918 0.3474826937955371
3919 0.31183330355883965
3920 0.3344442623778885
3925 0.124532148276981
3926 0.12956171480019196
3927 0.09638538592730161
3928 0.11682641633482471
3929 0.28125
3930 0.34375
3931 0.3125
3932 0.3125
3933 0.3569260814415376
3934 0.33395432576615036
3935 0.3256760814415376
3936 0.3388521628830752
3937 0.35193049233120277
3938 0.39138986200764747
3939 0.35238584518899185
3940 0.3652353998426141
3941 0.30572777453590483
3942 0.27617762531169276
3943 0.2652917814201541
3944 0.2823990604225839
3949 0.278212323040117
3950 0.2437960036071285
3951 0.22503698358772328
3952 0.2490151034116561
3953 0.4083318294917724
3954 0.4282139315677449
3955 0.39382575020866706
3956 0.4101238370893949
3957 0.3531397029757912
3958 0.3742551151718694
3959 0.3246119731280601
3960 0.3506689304252404
3961 0.21828112031776858
3962 0.19128042614628527
3963 0.2438860234132918
3964 0.21781585662578173
3965 0.3499580697001108
3966 0.40039639858703535
3967 0.36222448396584217
3968 0.37085965075099625
3969 0.4181356654718382
3970 0.4174656463071218
3971 0.3834329374837038
3972 0.4063447497542212
3973 0.3232952436630654
3974 0.3355616579287968
3975 0.2937450944388533
3976 0.317533998676905
3977 0.23790653258974803
3978 0.24879237648128671
3979 0.19618677921427996
3980 0.22762856276177157
3985 0.3289226339438913
3986 0.2967391477234427
3987 0.28710607045394787
3988 0.3042559507070939
3989 0.2627824377887851
3990 0.218700697300785
3991 0.2275444574237675
3992 0.2363425308377789
3993 0.37093339987048135
3994 0.36746749585423255
3995 0.40563612785861625
3996 0.38134567452777657
3997 0.2390273451632694
3998 0.26463224825879217
3999 0.274265325528287
4000 0.25930830631678314
4001 0.4413821446029742
4002 0.47641885400824635
4003 0.44071212543825733
4004 0.4528377080164927
4005 0.3132302734378811
4006 0.30413667447348813
4007 0.33978606471018513
4008 0.3190510042071848
4009 0.14735812989799957
4010 0.13721159672270278
4011 0.10534406576693112
4012 0.129971264129211
4013 0.07302393326583179
4014 0.08019789198800242
4015 0.11227019544136652
4016 0.0884973402317335
4017 0.4770092454564223
4018 0.4437437103956776
4019 0.4413025168864335
4020 0.4540184909128444
4021 0.4196787896500682
4022 0.38074956247398384
4023 0.4172375961408239
4024 0.4058886494216256
4025 0.3380677434341379
4026 0.3095400135864068
4027 0.3139672770052553
4028 0.32052501134193334
4029 0.23928075040295416
4030 0.2383730016118164
4031 0.20803075040295416
4032 0.2285615008059081
4033 0.4889114883130852
4034 0.4556459532523407
4035 0.4889114883130852
4036 0.47782297662617035
4037 0.3756253553170632
4038 0.4145545824931476
4039 0.39674076751314136
4040 0.3956402351077841
4041 0.37356761836372243
4042 0.3503897157432039
4043 0.32392447631991317
4044 0.3492939368089465
4045 0.34839542833118897
4046 0.32429496190230633
4047 0.3508507531746108
4048 0.3411803811360352
4049 0.14828049928066367
4050 0.15248493861326096
4051 0.18078840583705902
4052 0.1605179479103278
4053 0.08546042861632142
4054 0.08986964044651136
4055 0.1217371714022828
4056 0.09902241348837193
4057 0.242917267823187
4058 0.2688478644269019
4059 0.23000776328123096
4060 0.24725763184377336
4061 0.15625
4062 0.21875
4063 0.1875
4064 0.1875
4065 0.17409078598391114
4066 0.1627132838173051
4067 0.14524064610224952
4068 0.16068157196782185
4073 0.2775596308985888
4074 0.28665322986298203
4075 0.23347789041058853
4076 0.2658969170573864
4077 0.17036304933218394
4078 0.19736374350366748
4079 0.16021651615688648
4080 0.17598110299757952
4081 0.17668254146387175
4082 0.1937483839316556
4083 0.15378569403834041
4084 0.17473887314462289
4085 0.16626882750638683
4086 0.20341605485316805
4087 0.19457229473018534
4088 0.18808572569658022
4089 0.2831473846122672
4090 0.2572167880085523
4091 0.2872058440226919
4092 0.2758566722145037
4093 0.29446168171796505
4094 0.29003441829911636
4095 0.260045362284977
4096 0.2815138207673529
4097 0.21115856811834877
4098 0.22563229386822425
4099 0.19188686256745213
4100 0.20955924151800853
4101 0.24176220533723036
4102 0.2091077528260188
4103 0.20096445916293715
4104 0.21727813910872862
4105 0.04166666666666674
4106 0.01041666666666674
4107 0.01041666666666674
4108 0.02083333333333326
4109 0.11040262472522677
4110 0.08586119830921324
4111 0.07675276460688796
4112 0.09100552921377614
4113 0.20357309477348084
4114 0.22233211479288606
4115 0.19235676778314637
4116 0.20608732578317057
4117 0.021574828340700236
4118 0.057524050212835576
4119 0.05035009149066494
4120 0.04314965668140025
4121 0.2450028961004136
4122 0.23052917035053788
4123 0.2693692714962086
4124 0.24830044598238676
4125 0.14845812096780286
4126 0.18842081086111828
4127 0.15537224918172288
4128 0.164083727003548
4129 0.33916761008994456
4130 0.33273765516110987
4131 0.30864391125622936
4132 0.32684972550242786
4133 0.2252177275026097
4134 0.244818797738503
4135 0.24926252799992255
4136 0.23976635108034494
4137 0.09770892430921108
4138 0.12578014932982629
4139 0.13269427754374585
4140 0.1187277837275944
4141 0.08375431314840931
4142 0.0768758329005399
4143 0.11182553816902474
4144 0.09081856140599132
4145 0.09468145915737947
4146 0.13095820194334107
4147 0.126753762610744
4148 0.11746447457048803
4149 0.003857330076790566
4150 0.003857330076790566
4151 0.015429320307162042
4152 0.00771466015358091
4153 0.15397621269181827
4154 0.18648411924821384
4155 0.17526779225787936
4156 0.17190937473263723
4157 0.10863561507054165
4158 0.0736859098020568
4159 0.0709946207544776
4160 0.08443871520902513
4161 0.40737669943462085
4162 0.36791732975817637
4163 0.41633319489688536
4164 0.39720907469656086
4165 0.2994880291613089
4166 0.3289550341196179
4167 0.329410386977407
4168 0.3192844834194446
4169 0.24444476928261394
4170 0.21997783035593765
4171 0.25263228286714945
4172 0.23901829416856724
4173 0.3126498767334631
4174 0.2831828717751541
4175 0.26418975743278783
4176 0.286674168647135
4177 0.08317961179712952
4178 0.12242587397266447
4179 0.12082060611319356
4180 0.10880869729432896
4181 0.08921643668821422
4182 0.124201789922749
4183 0.09181019884583885
4184 0.10174280848560069
4185 0.19278593056061122
4186 0.19765179925139376
4187 0.16346575392173635
4188 0.1846344945779137
4189 0.1324618603679204
4190 0.1650808647546833
4191 0.17029901255480806
4192 0.15594724589247044
4193 0.10717908879462823
4194 0.159607272198657
4195 0.128357272198657
4196 0.13171454439731423
4197 0.20323796814072903
4198 0.21482252010316638
4199 0.23886732060047922
4200 0.21897593628145806
4201 0.2548879067305412
4202 0.21409016055624797
4203 0.2616105583992614
4204 0.24352954189535025
4205 0.010488850732514932
4206 0.010488850732514932
4207 0.04195540293005884
4208 0.02097770146502942
4209 0.051547157313380554
4210 0.020080605115836425
4211 0.04885586826580135
4212 0.04016121023167263
4213 0.023270528214319297
4214 0.054737080411863426
4215 0.06161556065973328
4216 0.046541056428638816
4217 0.211372448743413
4218 0.19430660627562912
4219 0.22428195328536904
4220 0.20998700276813698
4221 0.14260515455319633
4222 0.1638967341192572
4223 0.14099988669372543
4224 0.14916725845539314
4225 0.3060239425018352
4226 0.33248918192512567
4227 0.30196548309141047
4228 0.3134928691727905
4229 0.4151926758307998
4230 0.3732067656209255
4231 0.39638466824144447
4232 0.3949280365643899
4233 0.28742481028563205
4234 0.31734716810173036
4235 0.2807021586169116
4236 0.29515804566809134
4237 0.009591754383321716
4238 0.03836701753328664
4239 0.009591754383321716
4240 0.01918350876664321
4241 0.14795199975283846
4242 0.11533299536607555
4243 0.1017835525474291
4244 0.12168951588878119
4245 0.06477297479489796
4246 0.0673667369525226
4247 0.026427942349484423
4248 0.0528558846989684
4249 0.15423271583892628
4250 0.10806426863351692
4251 0.1404558597104273
4252 0.13425094806095683
4253 0.10481296722275446
4254 0.1164436699106377
4255 0.08069174167302395
4256 0.100649459602139
4257 0.2209477746179671
4258 0.19242049111731974
4259 0.18720234331719499
4260 0.20019020301749424
4261 0.07274780527794644
4262 0.08629724809659312
4263 0.03180901067490782
4264 0.06361802134981587
4265 0.028285083097879804
4266 0.08277332051956487
4267 0.05865209496983437
4268 0.05657016619575983
4269 0.012781677481804588
4270 0.012781677481804588
4271 0.05112670992721857
4272 0.025563354963609397
4273 0.47742063147903724
4274 0.4306905424261125
4275 0.45641261496907415
4276 0.4548412629580747
4285 0.024172109804764474
4286 0.05536662262308667
4287 0.0654939264007357
4288 0.04834421960952895
4289 0.05314674174923595
4290 0.06075190763717053
4291 0.022779729877281385
4292 0.04555945975456255
4293 0.11903678531513684
4294 0.0892100952783288
4295 0.07908279150067976
4296 0.09577655736471513
4329 0.3662684422186262
4330 0.3650046105546565
4331 0.3337546105546565
4332 0.355009221109313
4373 0.34375
4374 0.28125
4375 0.3125
4376 0.3125
4377 0.308369405748669
4378 0.28149875820841896
4379 0.3228482705349258
4380 0.3042388114973378
4381 0.387305281562339
4382 0.3885691132263087
4383 0.42295729458538656
4384 0.39961056312467824
4385 0.3426430969363323
4386 0.360678063814045
4387 0.3281642321500755
4388 0.34382846430015124
4617 0.13861648015778472
4618 0.13621662003944635
4619 0.16746662003944635
4620 0.14743324007889247
4625 0.03125
4626 0.09375
4627 0.0625
4628 0.0625
4629 0.12744345733635787
4630 0.14491609505141345
4631 0.10290203092034478
4632 0.12508719443603877
4633 0.11538328670611286
4634 0.11778314682445146
4635 0.08413328670611286
4636 0.10576657341222595
4637 0.02741239426454034
4638 0.051789625906304204
4639 0.015840404034168865
4640 0.03168080806833795
4641 0.0642279116031006
4642 0.023869477900775093
4643 0.05511947790077509
4644 0.04773895580155041
4645 0.01731014131089914
4646 0.05766857501322442
4647 0.028882131541270395
4648 0.03462028262179806
4649 0.065242437140413
4650 0.04086520549864869
4651 0.06965164897060294
4652 0.05858643053655488
4685 0.0827915543403599
4686 0.07518638845242531
4687 0.11093831669003928
4688 0.0896387531609415
4689 0.010122337290651373
4690 0.04048934916260616
4691 0.010122337290651373
4692 0.020244674581302968
4693 0.054585059470718233
4694 0.013646264867679392
4695 0.013646264867679392
4696 0.027292529735359006
4709 0.16249010774291683
4710 0.11006192433888806
4711 0.1398886143756961
4712 0.13748021548583367
4713 0.01041666666666674
4714 0.04166666666666674
4715 0.01041666666666674
4716 0.02083333333333326
4717 0.010398170939440732
4718 0.04159268375776293
4719 0.010398170939440732
4720 0.020796341878881464
4721 0.11792023903644289
4722 0.07796624522198581
4723 0.08474391016355298
4724 0.09354346480732723
4729 0.05544060553199048
4730 0.024190605531990483
4731 0.06551242212796171
4732 0.048381211063980745
4897 0.010122337290651373
4898 0.04048934916260616
4899 0.010122337290651373
4900 0.020244674581302968
time 1e+30
