           1       10211  ! dim data
time   0.000000E+00
        1269
         353   2.4682933333146932E-005
         410   3.2146522957059425E-005
         411   7.4048799999440926E-005
         412   4.1902277042381508E-005
         470   3.1729081223828669E-005
         471   6.3666883314272702E-005
         472   7.7222352479723577E-005
         473   8.8721434352231177E-005
         474   2.9573811450743733E-005
         530   3.1520360357213236E-005
         531   6.3040720714426513E-005
         532   6.9345643195526009E-005
         533   7.9278739772667138E-005
         534   8.8272614244203946E-005
         535   4.6819157309849703E-005
         591   3.2553368480340626E-005
         592   6.3040720714426445E-005
         593   6.9345643195526063E-005
         594   7.5650565676625573E-005
         595   7.9278739772667341E-005
         596   8.2906913868708744E-005
         597   5.7059842704304216E-005
         653   3.4619384726595567E-005
         654   6.6139745083808817E-005
         655   6.9345643195526199E-005
         656   7.5650565676625627E-005
         657   7.5650565676625546E-005
         658   7.9278739772667233E-005
         659   8.2906913868708811E-005
         660   8.2906913868708554E-005
         661   4.1453456934354189E-005
         720   3.6807095146859360E-005
         721   7.2520335083586817E-005
         722   7.5702288609297866E-005
         723   8.0394824673347382E-005
         724   8.0394824673347314E-005
         725   8.0394824673347260E-005
         726   6.8336426064352816E-005
         727   8.2906913868708635E-005
         728   8.2906913868708622E-005
         729   8.2906913868708567E-005
         730   2.7635637956236197E-005
         732   1.8494040019511616E-005
         791   3.7900950356991284E-005
         792   7.5801900713982418E-005
         793   8.0572296070737141E-005
         794   8.5240887548780419E-005
         795   8.5139083670068879E-005
         796   8.5139083670068960E-005
         797   8.4277081486037163E-005
         798   8.3160996585356824E-005
         799   8.2906913868708500E-005
         800   8.2906913868708730E-005
         801   4.1453456934354406E-005
         802   5.5482120058534859E-005
         803   5.5482120058534886E-005
         852   4.3221463790062038E-005
         853   5.3862490656203791E-005
         854   1.7954163552067957E-005
         864   7.5801900713982472E-005
         865   8.0572296070736979E-005
         866   8.5342691427491864E-005
         867   8.5240887548780419E-005
         868   8.5139083670068879E-005
         869   8.4277081486037190E-005
         870   8.3415079302005352E-005
         871   8.3160996585356770E-005
         872   8.2906913868708608E-005
         873   7.8441536973377631E-005
         874   1.1096424011706966E-004
         875   7.8552189705610422E-005
         876   6.2346164499880910E-005
         879   4.1564109666587318E-005
         885   6.1035156250000000E-005
         926   9.1763441013195088E-005
         927   5.3862490656203831E-005
         938   8.0572296070737155E-005
         939   8.5342691427491647E-005
         940   8.5342691427491864E-005
         941   8.5240887548780419E-005
         942   8.4277081486037054E-005
         943   8.3415079302005446E-005
         944   8.3415079302005324E-005
         945   8.3160996585356851E-005
         946   9.6935576992889143E-005
         947   1.1782828455841557E-004
         948   1.2469232899976176E-004
         949   1.2469232899976195E-004
         950   1.2207031249999999E-004
         952   6.2346164499880910E-005
         953   6.1035156250000000E-005
         954   1.2207031249999999E-004
         955   1.2207031249999999E-004
         958   6.1035156250000000E-005
        1000   6.0833844727087086E-005
        1012   9.0738093168065789E-005
        1013   9.0738093168065762E-005
        1014   9.0738093168065857E-005
        1015   8.7524647301964197E-005
        1016   8.1123143170738342E-005
        1017   8.1123143170738464E-005
        1018   8.1123143170738261E-005
        1019   1.1923456707214168E-004
        1020   1.4022937753306231E-004
        1021   1.0579311296201951E-004
        1022   1.4022937753306250E-004
        1023   1.0579311296201936E-004
        1024   1.4022937753306228E-004
        1025   1.0579311296201964E-004
        1026   8.2007496831693966E-005
        1027   7.0428885952358118E-005
        1028   1.2202324787047021E-004
        1029   1.0169388399698010E-004
        1030   6.1035156250000000E-005
        1031   2.0345052083333332E-005
        1073   4.8066747454319877E-005
        1086   9.6133494908639755E-005
        1087   9.6133494908639850E-005
        1088   9.6209911186374101E-005
        1089   8.7558767251789762E-005
        1090   7.8831207039471387E-005
        1091   7.8831207039471401E-005
        1092   7.8831207039471198E-005
        1093   1.1729881655291699E-004
        1094   8.9263409986603846E-005
        1095   1.5576642606636307E-004
        1096   8.9515913424038744E-005
        1097   1.5576642606636285E-004
        1098   8.9515913424039178E-005
        1099   1.2264116974520112E-004
        1101   1.0549354489505452E-004
        1102   8.9010906549168636E-005
        1103   1.2197618324094028E-004
        1104   6.0988091620470081E-005
        1149   3.2044498302879882E-005
        1163   4.8066747454319898E-005
        1164   8.0187662034934181E-005
        1165   9.6286327464108299E-005
        1166   8.7558767251789802E-005
        1167   7.8831207039471360E-005
        1168   7.8831207039471265E-005
        1169   7.8831207039471184E-005
        1170   1.1729881655291711E-004
        1171   8.9263409986603480E-005
        1172   1.5576642606636285E-004
        1173   8.9515913424039178E-005
        1174   1.2264116974520112E-004
        1175   8.9010906549168338E-005
        1178   1.0549354489505452E-004
        1179   8.9010906549168785E-005
        1180   8.2505330083833310E-005
        1181   1.2197618324094028E-004
        1182   4.0658727746980099E-005
        1186   1.5126119809496524E-005
        1244   4.8143163732054088E-005
        1246   9.6286327464108204E-005
        1247   9.6286327464108068E-005
        1248   8.7558767251789694E-005
        1249   7.8831207039471238E-005
        1250   7.8831207039471279E-005
        1251   7.8831207039471238E-005
        1252   1.1729881655291703E-004
        1253   8.9263409986603697E-005
        1254   1.2264116974520112E-004
        1255   8.2505330083832958E-005
        1256   7.5999753618497903E-005
        1259   7.5999753618497903E-005
        1260   7.5999753618497903E-005
        1261   1.0549354489505439E-004
        1262   8.2505330083833243E-005
        1263   6.0988091620470074E-005
        1265   2.2689179714244787E-005
        1266   4.5378359428489357E-005
        1267   4.5378359428489574E-005
        1269   2.2689179714244787E-005
        1313   1.6047721244017984E-005
        1330   4.8143163732054034E-005
        1332   6.9305902247043300E-005
        1333   1.1163137927702187E-004
        1334   1.0847713589323563E-004
        1335   1.0835073227377773E-004
        1336   1.0835073227377779E-004
        1337   1.0835073227377779E-004
        1338   1.1908782562694636E-004
        1339   8.1766121587275936E-005
        1340   8.1766121587276166E-005
        1341   8.1766121587276234E-005
        1342   5.3647585234734815E-005
        1343   8.1713457633819208E-005
        1346   8.1713457633819208E-005
        1347   8.1713457633819208E-005
        1348   6.2402334176291080E-005
        1350   1.5126119809496451E-005
        1351   2.2689179714244641E-005
        1352   4.0140371848156391E-005
        1353   7.1555147629356807E-005
        1354   7.1555147629356834E-005
        1355   7.1555147629356997E-005
        1356   7.3747288409943724E-005
        1379   7.4366606278692370E-005
        1421   6.3488215544967928E-005
        1422   1.2952190815413982E-004
        1423   1.3496882136321395E-004
        1424   1.3787025750808428E-004
        1425   1.3787025750808428E-004
        1426   1.1270137353206917E-004
        1427   8.7532489556054090E-005
        1428   8.7532489556054523E-005
        1429   4.3766244778027329E-005
        1430   3.5463053292358274E-005
        1431   7.9176634116928673E-005
        1432   8.7427161649140893E-005
        1435   8.7427161649140893E-005
        1436   4.3713580824570392E-005
        1440   4.8865967915112217E-005
        1441   9.7731935830224379E-005
        1442   9.7731935830224284E-005
        1443   9.7731935830224284E-005
        1444   1.2418607923689402E-004
        1445   1.4873321255738474E-004
        1446   1.4968671760047430E-004
        1473   7.4366606278692370E-005
        1474   1.4873321255738474E-004
        1514   4.3173969384713317E-005
        1515   6.6033692609171997E-005
        1516   6.7967983372418781E-005
        1517   6.8935128754042153E-005
        1518   7.5134249021379461E-005
        1519   4.3766244778027045E-005
        1520   2.9177496518684839E-005
        1522   1.1821017764119429E-005
        1523   3.5463053292358274E-005
        1524   4.0963404980499792E-005
        1525   4.3713580824570561E-005
        1528   2.9142387216380355E-005
        1532   4.8865967915112264E-005
        1533   9.7731935830224474E-005
        1534   9.7731935830224379E-005
        1535   9.7731935830224284E-005
        1536   1.2418607923689385E-004
        1537   1.5064022264356380E-004
        1538   1.1467438517352577E-004
        1539   1.4873321255738474E-004
        1540   1.4968671760047457E-004
        1570   7.4366606278692370E-005
        1571   1.1467438517352599E-004
        1572   8.0615557789667211E-005
        1628   4.8865967915112169E-005
        1629   9.7731935830224487E-005
        1630   9.7731935830224406E-005
        1631   9.7731935830224365E-005
        1632   1.2418607923689388E-004
        1633   1.5064022264356340E-004
        1634   1.5064022264356421E-004
        1635   8.0615557789667333E-005
        1636   8.0615557789666953E-005
        1637   1.1467438517352555E-004
        1638   1.4968671760047468E-004
        1671   5.2187189497192874E-005
        1672   8.2194962212886184E-005
        1673   8.2194962212886103E-005
        1674   8.2194962212886035E-005
        1693   3.7345632570454563E-005
        1695   1.7628362327675216E-005
        1729   1.1203689771136353E-004
        1730   1.1203689771136351E-004
        1731   1.1203689771136356E-004
        1732   1.3842142151988037E-004
        1733   1.3117270451370772E-004
        1734   1.3117270451370766E-004
        1735   1.3117270451370823E-004
        1736   7.0168739218099313E-005
        1737   8.0615557789667482E-005
        1738   8.0615557789667387E-005
        1739   8.0615557789666804E-005
        1740   1.0971416858473097E-004
        1777   4.1887183318052579E-005
        1778   8.3774366636104941E-005
        1779   8.5888921591341288E-005
        1780   8.3774366636104710E-005
        1799   6.3170929796251284E-005
        1800   5.2885086983025708E-005
        1801   5.2885086983025599E-005
        1832   1.2634185959250270E-004
        1833   1.2634185959250273E-004
        1834   1.1789724132571753E-004
        1835   8.8003476546577892E-005
        1836   1.2431497608191675E-004
        1837   1.2318869441945687E-004
        1838   1.1170518638385155E-004
        1839   1.1170518638385196E-004
        1840   9.8840230364051886E-005
        1841   8.4309517168122707E-005
        1842   8.0615557789667536E-005
        1843   8.0615557789667211E-005
        1844   8.3295416066959133E-005
        1885   8.8003476546577730E-005
        1886   4.1887183318052579E-005
        1887   8.3774366636104941E-005
        1888   8.5888921591341112E-005
        1907   9.8427654451601850E-005
        1908   1.0577017396605137E-004
        1909   4.9720949339528340E-005
        1937   1.2634185959250270E-004
        1938   1.1789724132571730E-004
        1939   1.0945262305893212E-004
        1940   8.8003476546577526E-005
        1941   8.8003476546577702E-005
        1942   1.2431497608191648E-004
        1943   1.3692476577998144E-004
        1944   1.2318869441945666E-004
        1945   1.1170518638385163E-004
        1946   9.8840230364051737E-005
        1947   8.5975274344251515E-005
        1948   8.4309517168122531E-005
        1949   8.0615557789667482E-005
        1950   8.3295416066959444E-005
        1998   8.8003476546577513E-005
        1999   8.8003476546577567E-005
        2000   4.1887183318052579E-005
        2001   8.5888921591341220E-005
        2020   1.1605601677927704E-004
        2021   9.6277761035559265E-005
        2022   4.3392674052533604E-005
        2049   1.1789724132571742E-004
        2050   1.0945262305893212E-004
        2051   1.0945262305893188E-004
        2052   8.8003476546577065E-005
        2053   8.8003476546577350E-005
        2054   8.8003476546577702E-005
        2055   1.2431497608191648E-004
        2056   1.3692476577998144E-004
        2057   1.3692476577998144E-004
        2058   1.2318869441945639E-004
        2059   9.8840230364051696E-005
        2060   8.5975274344251759E-005
        2061   8.5975274344251881E-005
        2062   8.4309517168122653E-005
        2063   8.3295416066959648E-005
        2115   1.1011181877276823E-004
        2116   8.8075125272941610E-005
        2117   1.1011181877276769E-004
        2118   5.0666334030273431E-005
        2141   7.1391667453758883E-005
        2142   4.3392674052533550E-005
        2143   1.4464224684177858E-005
        2169   5.4726311529466060E-005
        2170   5.4726311529466060E-005
        2171   5.4726311529465809E-005
        2172   6.9874545953569532E-005
        2173   9.9511819087940719E-005
        2174   9.9511819087941478E-005
        2175   9.9511819087941559E-005
        2176   9.5296654046978175E-005
        2177   1.2814699306985347E-004
        2178   1.0825212300989920E-004
        2179   6.8462382889990692E-005
        2180   4.1062898139818777E-005
        2181   1.0189037587915548E-004
        2182   1.0189037587915544E-004
        2183   1.0189037587915544E-004
        2184   1.2227106643929728E-004
        2235   6.6110080499479318E-005
        2236   6.6110080499479345E-005
        2237   6.6110080499478911E-005
        2238   6.6110080499478911E-005
        2291   5.5510080814651943E-005
        2292   1.1102016162930459E-004
        2293   1.1102016162930516E-004
        2294   1.1161172949252922E-004
        2296   1.1858734888689233E-004
        2297   1.1936922035972548E-004
        2298   5.9684610179862813E-005
        2300   1.1780547741405896E-004
        2301   1.1780547741405875E-004
        2302   1.2790431548511378E-004
        2303   1.2510322545596116E-004
        2357   2.2036693499826308E-005
        2359   2.2036693499826301E-005
        2411   5.5510080814652010E-005
        2412   1.1102016162930459E-004
        2413   1.1161172949252922E-004
        2414   1.1220329735575331E-004
        2417   9.8692478826937894E-005
        2418   5.9684610179862813E-005
        2419   1.9894870059954313E-005
        2420   1.1780547741405852E-004
        2421   1.0490378989241888E-004
        2422   1.3800315355616877E-004
        2423   1.0210269986326626E-004
        2532   5.5510080814652010E-005
        2533   1.1161172949252895E-004
        2534   1.1220329735575331E-004
        2535   1.1220329735575347E-004
        2539   5.8902738707029384E-005
        2541   5.8902738707029384E-005
        2542   6.9001576778084480E-005
        2543   6.9001576778084426E-005
        2544   5.6101648677876649E-005
        2658   4.9551335024246139E-005
        2659   9.3143924258086243E-005
        2660   6.8449073871279924E-005
        2661   5.6101648677876764E-005
        2666   1.9634246235676545E-005
        2668   2.3000525592694838E-005
        2670   1.8700549559292219E-005
        2790   3.7042275580209587E-005
        2791   3.7042275580209560E-005
        2922   1.2347425193403112E-005
        3136   2.0345052083333332E-005
        3142   3.6567365465346873E-005
        3270   6.1035156250000000E-005
        3271   6.1035156250000000E-005
        3276   4.6855121280262733E-005
        3277   1.0970209639604061E-004
        3278   6.2846975115777865E-005
        3389   9.3710242560525562E-005
        3407   4.0942035638750484E-005
        3408   5.9547192131985083E-005
        3409   8.0884220293995021E-005
        3410   1.2207031249999999E-004
        3411   6.1035156250000000E-005
        3413   2.2399990436741770E-005
        3414   3.3599985655112672E-005
        3415   6.9255111717004476E-005
        3416   6.7804112985522092E-005
        3417   6.2846975115777892E-005
        3418   2.0948991705259297E-005
        3530   9.3710242560525426E-005
        3531   9.3710242560525643E-005
        3548   6.1035156250000000E-005
        3550   6.3278914784266362E-005
        3551   1.2282610691625144E-004
        3552   1.2058234838198508E-004
        3553   1.2207031249999999E-004
        3554   1.2207031249999999E-004
        3555   3.3599985655112740E-005
        3556   6.7199971310225425E-005
        3557   6.7199971310225533E-005
        3558   8.0455106935375121E-005
        3559   4.6855121280262788E-005
        3675   9.0823235623992479E-005
        3676   9.0823235623993157E-005
        3677   9.0823235623993171E-005
        3693   4.1711531549297492E-005
        3694   7.1517926771674851E-005
        3695   6.5224356686932890E-005
        3696   1.2207031249999999E-004
        3697   8.6317328281688489E-005
        3698   1.2850327147119939E-004
        3699   1.0337359203439483E-004
        3700   1.2207031249999999E-004
        3701   1.2207031249999999E-004
        3702   9.2483467815024554E-005
        3703   9.2483467815024608E-005
        3704   9.2483467815024229E-005
        3705   7.5825192687671144E-005
        3706   4.6825247919070608E-005
        3828   8.8136988967727614E-005
        3829   8.7936228687459994E-005
        3830   8.7936228687460522E-005
        3831   9.3620622476948921E-005
        3848   5.9910237960960155E-005
        3849   1.2513459464789304E-004
        3850   1.1991863840991183E-004
        3851   1.3044871337386608E-004
        3852   1.2207031249999999E-004
        3853   1.3044871337386608E-004
        3854   1.2625951293693304E-004
        3855   1.2207031249999999E-004
        3856   1.1776696431982368E-004
        3857   1.1776696431982368E-004
        3858   1.0305235678390949E-004
        3859   4.9652508133218633E-005
        3984   8.8136988967727682E-005
        3985   8.8337749247996062E-005
        3986   8.7936228687460061E-005
        3987   9.3620622476948880E-005
        3988   9.9305016266437279E-005
        4004   5.8138707707946951E-005
        4005   1.9379569235982466E-005
        4006   9.8669376432924775E-005
        4007   1.1982047592192015E-004
        4008   1.2513459464789318E-004
        4009   1.1991863840991183E-004
        4010   1.3044871337386608E-004
        4011   1.2207031249999999E-004
        4012   1.2625951293693304E-004
        4013   1.1776696431982368E-004
        4014   1.0305235678391006E-004
        4015   4.9652508133218619E-005
        4140   8.8136988967727668E-005
        4141   8.8337749247996102E-005
        4142   8.8337749247996455E-005
        4143   9.3620622476948338E-005
        4144   9.9305016266436872E-005
        4145   9.9305016266436900E-005
        4162   1.1627741541589457E-004
        4163   5.8138707707947026E-005
        4164   1.1804894566890768E-004
        4165   1.1982047592192015E-004
        4166   1.1982047592192026E-004
        4167   1.2513459464789332E-004
        4168   1.1991863840991183E-004
        4169   1.2625951293693304E-004
        4170   1.0305235678391006E-004
        4171   4.9652508133218375E-005
        4299   8.0438692410124006E-005
        4300   9.5932164688711116E-005
        4301   9.5932164688711496E-005
        4302   9.5932164688711794E-005
        4303   1.0141579819793165E-004
        4304   1.0141579819793170E-004
        4305   1.0141579819793168E-004
        4321   5.4077895640070868E-005
        4322   5.8138707707947602E-005
        4325   3.8759138471964925E-005
        4326   1.0409497921226490E-004
        4327   1.0409497921226518E-004
        4328   1.0409497921226545E-004
        4329   1.4795449391066877E-004
        4330   4.9874003984726114E-005
        4464   1.0352658012942660E-004
        4465   1.0352658012942636E-004
        4466   1.0352658012942674E-004
        4467   1.1045663279889777E-004
        4468   1.0352658012942690E-004
        4469   1.0352658012942690E-004
        4470   9.9969503820960176E-005
        4486   4.4184741251304609E-005
        4490   8.8369482502609516E-005
        4491   8.8369482502610383E-005
        4492   1.0287808398548941E-004
        4493   4.8206213756246799E-005
        4535   6.7044522062939120E-005
        4629   1.1738668546836839E-004
        4630   1.0352658012942659E-004
        4631   1.0352658012942647E-004
        4632   1.1045663279889739E-004
        4633   1.0352658012942696E-004
        4634   9.9969503820960217E-005
        4635   9.6412427512493543E-005
        4651   2.9456494167536505E-005
        4654   4.4184741251305192E-005
        4655   6.8585389323659596E-005
        4656   3.2137475837497850E-005
        4679   6.4029664463050777E-005
        4680   5.7999949263274802E-005
        4681   5.0635088888395158E-005
        4682   4.6952658700955292E-005
        4683   1.3408904412587802E-004
        4684   6.2758752327319377E-005
        4685   5.4187212856080351E-005
        4686   1.8062404285360039E-005
        4695   1.3408904412587802E-004
        4696   1.1874325888745307E-004
        4717   3.1301772467303756E-005
        4790   5.8693342734184202E-005
        4791   1.1738668546836752E-004
        4792   1.0352658012942675E-004
        4793   1.1045663279889704E-004
        4794   9.9969503820960176E-005
        4795   9.6412427512493408E-005
        4796   4.8206213756246704E-005
        4837   1.2504447132621362E-004
        4838   1.0495260796423018E-004
        4839   9.3905317401910584E-005
        4840   9.3905317401911154E-005
        4841   1.1874325888745281E-004
        4842   1.0339747364902785E-004
        4843   1.2123173491901925E-004
        4844   5.4187212856080358E-005
        4851   1.1874325888745292E-004
        4852   1.0339747364902801E-004
        4853   1.0339747364902807E-004
        4876   4.6952658700955597E-005
        4948   3.9128895156122508E-005
        4949   5.8693342734183619E-005
        4950   7.0142045539952648E-005
        4951   4.8206213756246697E-005
        4952   3.2137475837497803E-005
        4991   1.1283686670235568E-004
        4992   9.0745439629154356E-005
        4993   9.0745439629154654E-005
        4994   9.0745439629154735E-005
        4995   1.2272068915169943E-004
        4996   1.2272068915169965E-004
        4997   1.2272068915169965E-004
        4998   9.6801550932190301E-005
        4999   6.4490423411564803E-005
        5000   2.1496807803854900E-005
        5003   1.0468249446598623E-004
        5004   1.0468249446598607E-004
        5005   1.0468249446598637E-004
        5006   9.9165149049198836E-005
        5029   1.7495817080500581E-005
        5030   5.2487451241501617E-005
        5031   6.6916787326730566E-005
        5145   1.1481473325538477E-004
        5146   8.7585561856397991E-005
        5147   8.7585561856398046E-005
        5148   1.0131025203773516E-004
        5149   1.4204390465437131E-004
        5150   1.4204390465437112E-004
        5151   1.4204390465437063E-004
        5152   1.1747418105303692E-004
        5153   6.4490423411564708E-005
        5156   1.0596751528294408E-004
        5157   1.0596751528294448E-004
        5158   1.0375280566871244E-004
        5159   1.2179100035442518E-004
        5181   5.2487451241501536E-005
        5182   1.1000492235103780E-004
        5183   1.1503494221907220E-004
        5293   1.1481473325538493E-004
        5294   8.7585561856398046E-005
        5295   1.1503494221907218E-004
        5296   1.0131025203773510E-004
        5297   1.4204390465437112E-004
        5298   1.4204390465437101E-004
        5299   1.4204390465437068E-004
        5300   9.5977373249181839E-005
        5301   6.4490423411564708E-005
        5302   2.1496807803854900E-005
        5303   1.0596751528294432E-004
        5304   1.0375280566871244E-004
        5305   1.0153809605448003E-004
        5306   1.2179100035442558E-004
        5308   1.9749076341110649E-005
        5322   4.2012165354256373E-005
        5325   1.7495817080500544E-005
        5326   9.1516175799819901E-005
        5327   5.2487451241501658E-005
        5328   1.1503494221907214E-004
        5329   9.2509105270537247E-005
        5435   6.7997409380567768E-005
        5436   1.1481473325538453E-004
        5437   9.1516175799820159E-005
        5438   1.0131025203773530E-004
        5439   1.4204390465437098E-004
        5440   1.4204390465437087E-004
        5441   1.4204390465437087E-004
        5442   1.1747418105303700E-004
        5443   6.4490423411564803E-005
        5444   1.0375280566871231E-004
        5445   1.2179100035442568E-004
        5446   1.0153809605448005E-004
        5447   1.0153809605448032E-004
        5448   5.9247229023331912E-005
        5449   5.9247229023331912E-005
        5450   5.9247229023331885E-005
        5460   6.6789267039437479E-005
        5461   1.2603649606276912E-004
        5465   6.7997409380567755E-005
        5466   6.7997409380567768E-005
        5467   5.2487451241501658E-005
        5468   9.1516175799820186E-005
        5469   1.1000492235103780E-004
        5571   6.6777759882116568E-005
        5572   6.6777759882116148E-005
        5573   6.6777759882116690E-005
        5574   1.2031500681907993E-004
        5575   1.2183505621020206E-004
        5576   1.2183505621020168E-004
        5577   1.2183505621020201E-004
        5578   1.1277267224103020E-004
        5579   1.1248581176603081E-004
        5580   1.0093992315350978E-004
        5581   1.1248581176603074E-004
        5582   1.1248581176603093E-004
        5583   1.0835802390402247E-004
        5584   8.8608947562911872E-005
        5585   1.0835802390402247E-004
        5590   2.5596939184573957E-005
        5591   4.5106330503631636E-005
        5592   6.7369419516777828E-005
        5593   1.1189559754306921E-004
        5594   1.0059889611524581E-004
        5599   5.8967867063959781E-005
        5600   7.2509571581182538E-005
        5601   7.2509571581182375E-005
        5602   7.2509571581182673E-005
        5603   8.2774479855096241E-005
        5604   6.5808945633067460E-005
        5605   4.3872630422045068E-005
        5701   7.1614974418863600E-005
        5702   6.9413436575897661E-005
        5703   6.5558110383664840E-005
        5704   6.5558110383664840E-005
        5705   8.3592159074849371E-005
        5706   1.0162620776603268E-004
        5707   1.0162620776603301E-004
        5708   8.4311912988052252E-005
        5709   6.8498901484297049E-005
        5710   1.1082755861948138E-004
        5711   1.2343352747758176E-004
        5712   9.6716856118051628E-005
        5713   1.2343352747758147E-004
        5714   9.8221589761381204E-005
        5715   9.8221589761381204E-005
        5716   8.5547531275705408E-005
        5720   8.1543066898645872E-005
        5721   3.1684487050090543E-005
        5722   7.6790817553722368E-005
        5723   9.0212661007263705E-005
        5724   9.0212661007263380E-005
        5725   9.0212661007263014E-005
        5731   7.3491459925697494E-005
        5732   7.7021733781797307E-005
        5733   7.7021733781797280E-005
        5734   1.0431981252396609E-004
        5735   1.3161789126613522E-004
        5736   6.5808945633068043E-005
        5833   6.9961186069597653E-005
        5834   7.1614974418863776E-005
        5835   7.3268762768129451E-005
        5836   6.9413436575897539E-005
        5837   6.5558110383664541E-005
        5838   8.3592159074848910E-005
        5839   1.0162620776603272E-004
        5840   8.4311912988051805E-005
        5841   6.6997618210071306E-005
        5842   6.8498901484297347E-005
        5843   7.0000184758522982E-005
        5844   1.1082755861948132E-004
        5845   1.2343352747758179E-004
        5846   9.6716856118052373E-005
        5847   9.8221589761381204E-005
        5848   8.5547531275705394E-005
        5849   7.2873472790029205E-005
        5852   8.1543066898645628E-005
        5853   1.0561495683363514E-005
        5854   9.0212661007262960E-005
        5855   3.1684487050090637E-005
        5856   5.5667826186995602E-005
        5857   9.0212661007263353E-005
        5858   9.0212661007263502E-005
        5863   1.6812582864789726E-005
        5864   2.5218874297184300E-005
        5865   7.3491459925697494E-005
        5866   7.7021733781797307E-005
        5867   1.0431981252396639E-004
        5868   1.3161789126613609E-004
        5869   6.0685213286834509E-005
        5967   6.9961186069597653E-005
        5968   6.9961186069597680E-005
        5969   7.1614974418863952E-005
        5970   7.3268762768129641E-005
        5971   7.3268762768129641E-005
        5972   6.9413436575897349E-005
        5973   8.3592159074848626E-005
        5974   8.4311912988051574E-005
        5975   6.6997618210070750E-005
        5976   6.6997618210071279E-005
        5977   6.8498901484296954E-005
        5978   7.0000184758523063E-005
        5979   7.0000184758523511E-005
        5980   1.1082755861948124E-004
        5981   9.6716856118052386E-005
        5982   8.5547531275705421E-005
        5983   7.2873472790029124E-005
        5984   7.2873472790028758E-005
        5986   8.1543066898646265E-005
        5988   9.0212661007263176E-005
        5990   9.0212661007263813E-005
        5992   4.5106330503631480E-005
        5993   9.0212661007263380E-005
        5998   2.5218874297184300E-005
        5999   5.0437748594369170E-005
        6000   5.0437748594368302E-005
        6001   7.3491459925697494E-005
        6002   1.0431981252396670E-004
        6003   9.1027819930251767E-005
        6103   7.5427857452269257E-005
        6104   7.5427857452268986E-005
        6105   7.5427857452268701E-005
        6106   6.4998760710857794E-005
        6107   8.0505341845973541E-005
        6108   8.0505341845973582E-005
        6109   8.0505341845973691E-005
        6110   7.8550254173364632E-005
        6111   7.1553261599271214E-005
        6112   7.1553261599271160E-005
        6113   7.1553261599271295E-005
        6114   6.5807052935363980E-005
        6115   9.0606215397291860E-005
        6116   9.0606215397291928E-005
        6117   9.0606215397291549E-005
        6118   1.0224219016125674E-004
        6119   1.0529279646699699E-004
        6120   1.0529279646699673E-004
        6121   1.0529279646699692E-004
        6122   1.1616848587775015E-004
        6124   1.0317892896968802E-004
        6126   1.0317892896968801E-004
        6128   1.0317892896968784E-004
        6130   4.9428419824439551E-005
        6133   1.3170831953605858E-005
        6134   3.9512495860817593E-005
        6135   3.3280035192876601E-005
        6136   6.0327609717812379E-005
        6137   6.0327609717812609E-005
        6138   6.0327609717812148E-005
        6139   1.1874845000712181E-004
        6240   1.0347723014285121E-004
        6241   8.0894528834940874E-005
        6242   8.0894528834940006E-005
        6243   7.9510347251800288E-005
        6244   8.2934043296238857E-005
        6245   8.7741920923817482E-005
        6246   8.7741920923817510E-005
        6247   8.1925412956144268E-005
        6248   7.6108904988471285E-005
        6249   7.6108904988471393E-005
        6250   7.3316134303765104E-005
        6251   9.0867804827559777E-005
        6252   1.1121224603606058E-004
        6253   1.1121224603606058E-004
        6254   1.2446218309001262E-004
        6255   1.3771212014396467E-004
        6256   1.3771212014396488E-004
        6257   1.4265167415235133E-004
        6258   1.4003373219656485E-004
        6259   1.2431071658225182E-004
        6261   1.1614519693211239E-004
        6263   1.1614519693211256E-004
        6265   5.8072598466056099E-005
        6269   3.9512495860817329E-005
        6270   7.4621231281445509E-005
        6271   7.0217470841256035E-005
        6272   7.0217470841256211E-005
        6273   8.8248840022564975E-005
        6274   1.1617007032731759E-004
        6363   1.2605993145076155E-004
        6374   1.0347723014285121E-004
        6375   8.0894528834940874E-005
        6376   7.9510347251800275E-005
        6377   7.8126165668660448E-005
        6378   8.2934043296238748E-005
        6379   8.7741920923817686E-005
        6380   8.1925412956143848E-005
        6381   7.6108904988470743E-005
        6382   7.3316134303764860E-005
        6383   7.0523363619059276E-005
        6384   9.0867804827560333E-005
        6385   1.1121224603606058E-004
        6386   1.2446218309001262E-004
        6387   1.3771212014396494E-004
        6388   1.4265167415235047E-004
        6389   1.4759122816073702E-004
        6390   1.4003373219656433E-004
        6391   1.3247623623239137E-004
        6392   8.2873811054834544E-005
        6394   5.8072598466056289E-005
        6396   3.8715065644037526E-005
        6401   3.6576655567357707E-005
        6402   3.5108735420628072E-005
        6403   5.8832560015043326E-005
        6404   1.0628020920387360E-004
        6405   9.8456702126671982E-005
        6491   1.2605993145076155E-004
        6492   1.2605993145076155E-004
        6504   1.0347723014285121E-004
        6505   7.9510347251800491E-005
        6506   7.8126165668660231E-005
        6507   7.8126165668660584E-005
        6508   8.2934043296239291E-005
        6509   8.1925412956144295E-005
        6510   7.3316134303765023E-005
        6511   7.0523363619059452E-005
        6512   7.0523363619060266E-005
        6513   9.0867804827560427E-005
        6514   1.2446218309001287E-004
        6515   1.4265167415235112E-004
        6516   1.4759122816073583E-004
        6517   1.4759122816073637E-004
        6518   1.4003373219656414E-004
        6519   1.3247623623239193E-004
        6520   6.6238118116195615E-005
        6530   5.3140104601936795E-005
        6531   5.3140104601936795E-005
        6532   6.3029965725381061E-005
        6615   6.3029965725381061E-005
        6616   8.6535437478784411E-005
        6617   1.3354638098559169E-004
        6630   1.3497815282248932E-004
        6631   1.0604262327707527E-004
        6632   1.0604262327707588E-004
        6633   1.0604262327707622E-004
        6634   9.7541663196077150E-005
        6635   1.0465695335501045E-004
        6636   1.0465695335501006E-004
        6637   1.0465695335500964E-004
        6638   1.2346442335935552E-004
        6639   1.4127413363304315E-004
        6640   1.4127413363304304E-004
        6641   1.4127413363304304E-004
        6642   8.9172384109076312E-005
        6643   6.6238118116196062E-005
        6644   4.4158745410797425E-005
        6653   1.7713368200645600E-005
        6655   2.1009988575127214E-005
        6736   1.2489818978733076E-004
        6739   7.0516415260210916E-005
        6740   1.3044285688202533E-004
        6754   1.3195128860826136E-004
        6755   1.3395908088549045E-004
        6756   1.3395908088549132E-004
        6757   1.3637481198822634E-004
        6758   1.3879054309096024E-004
        6759   1.3879054309095989E-004
        6760   1.3687379109815498E-004
        6761   1.3495703910535025E-004
        6762   1.3495703910534998E-004
        6763   1.2748342013066513E-004
        6764   6.0004900577990793E-005
        6768   1.2994349633103312E-004
        6859   8.4947228706121707E-005
        6860   5.9926441621814335E-005
        6863   4.3480952294008444E-005
        6864   1.2994349633103396E-004
        6879   1.3195128860826136E-004
        6880   1.3395908088549045E-004
        6881   1.3637481198822550E-004
        6882   1.3879054309096062E-004
        6883   1.3687379109815536E-004
        6884   1.3495703910534998E-004
        6885   1.0748178660466897E-004
        6886   6.0004900577990752E-005
        6887   2.0001633525997135E-005
        6890   1.2994349633103312E-004
        6891   8.9927632221484998E-005
        6981   6.4971748165516694E-005
        6988   6.4971748165516694E-005
        6989   3.7433826083951873E-005
        7005   1.3195128860826136E-004
        7006   1.3637481198822585E-004
        7007   1.3687379109815549E-004
        7008   1.2748342013066592E-004
        7009   6.0004900577990901E-005
        7013   1.0240557424946827E-004
        7014   7.4867652167904072E-005
        7015   3.7433826083951873E-005
        7105   2.1657249388505374E-005
        7114   1.2477942027983849E-005
        7132   1.2208793545611976E-004
        7133   6.0004900577990806E-005
        7134   2.0001633525996786E-005
        7137   3.7433826083951873E-005
        7138   2.4955884055968026E-005
        8935  -2.1550701293832998E-005
        8936  -6.4652103881499001E-005
        8937  -4.2258530684053655E-005
        8967  -6.2123488170661963E-005
        9018  -6.4652103881499001E-005
        9019  -1.2677559205216094E-004
        9045  -1.3190404988824031E-004
        9046  -9.0488391107799011E-005
        9047  -6.9780561717578660E-005
        9053  -3.7735318009515833E-005
        9100  -1.0122644766540307E-004
        9101  -1.0712318922646989E-004
        9102  -1.0712318922646989E-004
        9103  -1.0712318922646989E-004
        9104  -6.3280528164595871E-005
        9126  -1.3671101087799761E-004
        9127  -1.3956112343515672E-004
        9128  -1.3956112343515689E-004
        9129  -1.1320595402854721E-004
        9135  -4.3425392310968547E-005
        9137  -1.3386089832083853E-004
        9138  -1.3386089832083853E-004
        9139  -1.0997331574321315E-004
        9162  -8.2718395267317496E-005
        9180  -4.0192740066050635E-005
        9181  -8.0385480132101256E-005
        9182  -8.0385480132101256E-005
        9183  -7.9868268750574165E-005
        9184  -7.9351057369046803E-005
        9205  -1.3671101087799718E-004
        9206  -1.3956112343515558E-004
        9207  -1.1320595402854622E-004
        9208  -8.6850784621936972E-005
        9210  -1.2852887175796916E-005
        9214  -4.3425392310968479E-005
        9215  -1.3386089832083866E-004
        9216  -1.0997331574321301E-004
        9217  -8.6085733165587743E-005
        9237  -8.2718395267317131E-005
        9238  -7.9351057369046247E-005
        9254  -4.0192740066050635E-005
        9255  -8.0385480132101256E-005
        9256  -7.9868268750574165E-005
        9257  -7.9351057369046803E-005
        9258  -1.0538853092030293E-004
        9278  -1.3671101087799688E-004
        9279  -1.1320595402854552E-004
        9280  -8.6850784621936240E-005
        9281  -8.6850784621937026E-005
        9283  -3.8558661527390828E-005
        9284  -3.8558661527390605E-005
        9286  -4.3425392310968798E-005
        9287  -1.0997331574321322E-004
        9288  -8.6085733165587255E-005
        9289  -8.6085733165587255E-005
        9306  -8.2718395267316494E-005
        9307  -1.0538853092030296E-004
        9308  -1.3142600447155989E-004
        9319  -1.3142600447155976E-004
        9321  -1.3142600447155976E-004
        9324  -4.0192740066050635E-005
        9325  -7.9868268750574165E-005
        9326  -1.0538853092030331E-004
        9345  -1.0557498468852858E-004
        9346  -9.0665693375783628E-005
        9347  -9.0665693375783900E-005
        9348  -9.0665693375784143E-005
        9349  -7.3005368370702644E-005
        9350  -8.5858255546499492E-005
        9351  -1.1156402989809334E-004
        9352  -8.7571672604963173E-005
        9353  -8.9348249811803987E-005
        9354  -8.9348249811804081E-005
        9355  -8.9348249811804325E-005
        9356  -2.4335122790234079E-005
        9369  -1.3069619813747016E-004
        9370  -1.3595592980813003E-004
        9371  -1.3595592980813060E-004
        9372  -1.3595592980813022E-004
        9381  -6.4552065931082725E-005
        9383  -8.8694711675929710E-005
        9385  -8.8694711675929710E-005
        9387  -8.8694711675929710E-005
        9388  -5.6187660142167949E-005
        9406  -9.3545684293826315E-005
        9407  -9.4480602129631356E-005
        9408  -9.4480602129631193E-005
        9409  -1.0772559560582765E-004
        9410  -7.3005368370702604E-005
        9411  -1.4601073674140515E-004
        9412  -1.4601073674140515E-004
        9413  -1.3349066291171472E-004
        9414  -9.2610766458021951E-005
        9415  -9.2610766458022290E-005
        9416  -1.0220904857464700E-004
        9430  -1.2710888610795322E-004
        9431  -1.4144814833466757E-004
        9432  -1.4048585514470096E-004
        9433  -1.4048585514470085E-004
        9434  -1.0496148611731848E-004
        9443  -5.7700267985118166E-005
        9445  -4.5963418880299790E-005
        9447  -4.5963418880299790E-005
        9448  -2.2981709440149899E-005
        9464  -9.3545684293826952E-005
        9465  -9.4480602129631356E-005
        9466  -1.0772559560582802E-004
        9467  -1.2097058908202414E-004
        9468  -7.3005368370702658E-005
        9469  -1.4601073674140499E-004
        9470  -1.3349066291171491E-004
        9471  -9.2610766458022439E-005
        9472  -1.0220904857464734E-004
        9473  -1.1180733069127213E-004
        9488  -1.2710888610795298E-004
        9489  -1.4241044152463447E-004
        9490  -6.9437117089936548E-005
        9491  -1.4144814833466765E-004
        9492  -1.4048585514470085E-004
        9493  -1.0496148611731848E-004
        9502  -5.7700267985118166E-005
        9504  -4.5963418880299790E-005
        9505  -2.2981709440149899E-005
        9519  -9.3545684293826857E-005
        9520  -1.0772559560582801E-004
        9521  -1.2097058908202431E-004
        9522  -1.2097058908202432E-004
        9523  -7.3005368370702550E-005
        9524  -1.3349066291171475E-004
        9525  -1.0220904857464730E-004
        9526  -1.1180733069127246E-004
        9527  -1.1180733069127251E-004
        9543  -1.2710888610795363E-004
        9544  -1.4241044152463447E-004
        9545  -1.4241044152463420E-004
        9546  -6.9437117089936548E-005
        9547  -6.9437117089936548E-005
        9548  -1.4144814833466740E-004
        9549  -1.0496148611731848E-004
        9558  -5.7700267985118166E-005
        9559  -2.2981709440149899E-005
        9571  -1.0101231040525731E-004
        9572  -1.0307029053185630E-004
        9573  -1.0307029053185584E-004
        9574  -1.0307029053185630E-004
        9575  -7.1640807742941366E-005
        9576  -1.0642095639008971E-004
        9577  -1.0642095639008948E-004
        9578  -1.0642095639008982E-004
        9579  -3.8846764326265541E-005
        9580  -2.5897842884176876E-005
        9595  -1.0714230917252467E-004
        9596  -1.3402095340497822E-004
        9597  -1.3402095340497787E-004
        9598  -1.3402095340497801E-004
        9599  -1.1097452425673249E-004
        9600  -1.1097452425673249E-004
        9601  -1.1097452425673249E-004
        9602  -1.3023261951547067E-004
        9610  -8.3358275987366462E-005
        9620  -9.3102287035297620E-005
        9621  -8.5169991981687843E-005
        9622  -8.5169991981687843E-005
        9623  -8.1431760317109605E-005
        9624  -1.0103458208890679E-004
        9625  -1.0103458208890679E-004
        9626  -9.2648479222573216E-005
        9627  -7.7693528652530189E-005
        9628  -3.8846764326265026E-005
        9642  -8.0985017722504546E-005
        9643  -1.0166956218704601E-004
        9644  -1.2563146528532209E-004
        9645  -1.2563146528532214E-004
        9646  -1.3827518595501155E-004
        9647  -1.1611859426521703E-004
        9648  -1.3281020986659656E-004
        9649  -1.5251193142352842E-004
        9650  -1.5251193142352842E-004
        9651  -1.5171541902411463E-004
        9658  -5.9564350110384688E-005
        9667  -9.3102287035297607E-005
        9668  -8.5169991981687559E-005
        9669  -8.1431760317108968E-005
        9670  -1.0103458208890684E-004
        9671  -9.2648479222572349E-005
        9672  -8.4262376356238601E-005
        9673  -7.7693528652530541E-005
        9674  -4.4264816947400355E-005
        9687  -8.0985017722504262E-005
        9688  -7.7707659088769638E-005
        9689  -1.0166956218704570E-004
        9690  -1.2563146528532174E-004
        9691  -1.3827518595501133E-004
        9692  -1.5091890662470090E-004
        9693  -1.1912870022076939E-004
        9694  -1.1611859426521703E-004
        9695  -1.1310848830966469E-004
        9696  -1.3281020986659621E-004
        9697  -1.5251193142352810E-004
        9698  -1.5171541902411463E-004
        9704  -3.9709566740256459E-005
        9712  -9.3102287035297377E-005
        9713  -8.1431760317109131E-005
        9714  -9.2648479222572647E-005
        9715  -8.4262376356238194E-005
        9716  -8.4262376356238343E-005
        9717  -9.3947686515934826E-005
        9718  -5.5100922189669217E-005
        9730  -8.0985017722503977E-005
        9731  -7.7707659088769611E-005
        9732  -7.7707659088769638E-005
        9733  -1.0166956218704505E-004
        9734  -1.3827518595501076E-004
        9735  -1.5091890662470095E-004
        9736  -1.5091890662470122E-004
        9737  -1.1912870022076939E-004
        9738  -5.9564350110384688E-005
        9739  -1.1611859426521703E-004
        9740  -1.1310848830966469E-004
        9741  -1.1310848830966393E-004
        9742  -1.3281020986659586E-004
        9743  -1.5171541902411501E-004
        9755  -1.1669019559221758E-004
        9756  -9.4446403784106625E-005
        9757  -9.4446403784106801E-005
        9758  -9.4446403784106747E-005
        9759  -1.2367513163098358E-004
        9760  -4.1225043876994647E-005
        9771  -7.6743395982296141E-005
        9772  -8.3005509635794268E-005
        9773  -8.3005509635793780E-005
        9774  -8.3005509635794079E-005
        9775  -1.0684401459860516E-004
        9776  -1.3464021522478613E-004
        9777  -1.3464021522478580E-004
        9778  -1.3464021522478623E-004
        9779  -3.8706198088405683E-005
        9780  -5.9564350110384688E-005
        9781  -3.9709566740256459E-005
        9783  -5.6554244154832353E-005
        9784  -6.7521277536056656E-005
        9785  -8.9455344298505996E-005
        9786  -1.4227317014581977E-004
        9796  -1.2088942504730241E-004
        9797  -1.0463043121197501E-004
        9798  -1.0463043121197514E-004
        9799  -1.0509349013297487E-004
        9800  -6.8574209441314916E-005
        9812  -9.6929954618397561E-005
        9813  -8.8303360182818722E-005
        9814  -8.8303360182818166E-005
        9815  -8.4222266383983727E-005
        9816  -9.9251348205009723E-005
        9817  -1.1836152382487092E-004
        9818  -1.1836152382487077E-004
        9819  -1.1733724189991564E-004
        9825  -1.2646798520240147E-004
        9826  -3.2901100143674036E-005
        9827  -1.0121260535859534E-004
        9836  -7.5173285419759137E-005
        9837  -1.0463043121197501E-004
        9838  -1.0509349013297471E-004
        9839  -1.0555654905397511E-004
        9852  -9.6929954618397602E-005
        9853  -8.8303360182818451E-005
        9854  -8.4222266383983402E-005
        9855  -8.0141172585148379E-005
        9856  -9.9251348205009506E-005
        9857  -1.1836152382487077E-004
        9858  -1.1733724189991535E-004
        9859  -1.1631295997496021E-004
        9865  -6.1541488396627271E-005
        9866  -6.8311505214921090E-005
        9867  -3.3737535119531876E-005
        9875  -5.2315215605987263E-005
        9876  -1.0509349013297451E-004
        9877  -1.0555654905397419E-004
        9878  -1.0555654905397473E-004
        9891  -9.6929954618397006E-005
        9892  -8.4222266383983740E-005
        9893  -8.0141172585148786E-005
        9894  -8.0141172585148786E-005
        9895  -9.9251348205009818E-005
        9896  -1.1733724189991521E-004
        9897  -1.1631295997496007E-004
        9898  -5.8156479987480023E-005
        9913  -3.5031163377658086E-005
        9914  -5.2778274526986906E-005
        9915  -6.9780887992288749E-005
        9916  -1.0378611492289302E-004
        9929  -1.1599788534271309E-004
        9930  -8.3801087936051811E-005
        9931  -8.3801087936051513E-005
        9932  -8.3801087936051513E-005
        9933  -8.0019138420561533E-005
        9934  -9.7075565413197776E-005
        9935  -5.1744015133559348E-005
        9952  -5.1007840395905570E-005
        9953  -1.0856873013602900E-004
        9965  -1.1625477307778346E-004
        9966  -1.0242438498113727E-004
        9967  -8.7461003286953847E-005
        9968  -8.7461003286953888E-005
        9969  -8.2649587069194664E-005
        9970  -3.8919085425717930E-005
        9986  -3.6189576712009544E-005
        9987  -5.7560889740123061E-005
        9998  -5.8316218805147519E-005
        9999  -1.1738776667531975E-004
       10000  -1.0242438498113659E-004
       10001  -8.7461003286953956E-005
       10002  -5.6703530118716261E-005
       10029  -5.8693883337659761E-005
       10030  -1.1738776667531951E-004
       10031  -1.0242438498113644E-004
       10032  -4.3730501643476985E-005
       10057  -3.9129255558439839E-005
       10058  -5.8693883337659599E-005
       10059  -3.4141461660378726E-005
time   1.000000E+30
