           1        2588  ! dim data
time   0.000000E+00
         699
           5   2.8211496789871889E-004
           6   1.4521036404015311E-004
           7   3.2552083333333332E-004
           8   3.2552083333333332E-004
           9  -9.0778104651488252E-004
          10  -2.4414062500000011E-004
          11  -9.7656250000000043E-004
          12  -9.7656250000000043E-004
          16   4.1749751597754245E-004
          23   4.9506119822939360E-004
          25   4.8495481923487601E-004
          37   4.9921693750753029E-004
          58   6.1427864573119595E-004
          65   4.9001064134935864E-004
          87   5.2601923557645620E-004
          96  -2.0675565661833818E-003
          98   3.5897888612507087E-004
         127  -1.9616602802752987E-003
         128   6.7064666173642326E-004
         129  -1.3389352121394589E-003
         130   4.4651225515610944E-004
         140   4.3588891908678991E-004
         142   4.7862333773511046E-004
         150   3.9336154058114490E-004
         151   6.7326650731001306E-004
         152   8.0531506502696300E-004
         155  -1.3771622279018225E-003
         156   7.6828205875326171E-004
         157   1.0446464456715229E-003
         159   7.7367411896881485E-004
         160   6.9198993497841658E-004
         161   1.0632032483874833E-003
         162   1.0911298649712684E-003
         165   1.0362983417419682E-003
         167   6.6430821673420703E-004
         168   5.2710069074811687E-004
         169   6.6367903877472391E-004
         185   1.0331845094840133E-003
         186   9.0627979186142546E-004
         192   7.3402834250874387E-004
         193   5.9461395515024885E-004
         194   8.5998356603319333E-004
         195   8.5077950337702742E-004
         196   9.7816853151437805E-004
         197   9.3115263707976197E-004
         198   9.5450099967984829E-004
         199   6.5897608954189324E-004
         200   5.4797992862535931E-004
         201   8.1727993683068569E-004
         203  -1.2249513739921159E-003
         205   5.8997830727955023E-004
         206   5.6305840872673883E-004
         207   2.7222506401213204E-004
         208   7.4931554355565184E-004
         209   6.5995390148088605E-004
         213   7.3454149218241409E-004
         215  -1.4119814403610396E-003
         216   7.6237323237582550E-004
         217   8.7771334867784833E-004
         218   1.0620455002894390E-003
         223   8.2698873627515864E-004
         225  -1.1819491439373497E-003
         226   7.6613505053660131E-004
         227   6.9976423628018147E-004
         228   8.6766556050362116E-004
         229   6.7685468412328857E-004
         230   6.9298646040480091E-004
         231   5.5605132852809232E-004
         235   1.0200649781049770E-003
         236   5.6134991374479364E-004
         244   7.6479973475773928E-004
         245   6.5557509892024703E-004
         246   4.8420777508072384E-004
         247   4.6048199727805522E-004
         248   7.7026960909140781E-004
         249   4.0903822705190638E-004
         250   6.7494726886558080E-004
         252   6.6649125845739737E-004
         253   1.0675768108544092E-003
         254   3.4081042489171874E-004
         257   7.9361047444357832E-004
         258   5.8422072502871424E-004
         259   5.5793366676946043E-004
         260   9.3796032702442235E-004
         261   9.1464814589922185E-004
         262   1.1073713721590404E-003
         263   4.1322847055767244E-004
         264   2.3890242663761790E-004
         273  -1.4849657830576172E-003
         287   2.9977050872632136E-004
         288   5.0075157441887804E-004
         292  -1.6463970697904136E-003
         299   6.4770486497561298E-004
         300   6.8400801268104052E-004
         301   5.6351882955487493E-004
         302   6.2337859367927713E-004
         303   4.6261160594657778E-004
         304   4.5607875086367913E-004
         305   7.1743662875160266E-004
         306   8.1877871785203263E-004
         308   9.5566999995484801E-004
         309   5.6343108761886429E-004
         310   5.2363068562577661E-004
         311   6.2937563116498209E-004
         312   9.1562635557721633E-004
         360  -1.2514451989322718E-003
         381   9.5737141477130058E-004
         382   3.4047826060031787E-004
         422  -2.4506850664864428E-003
         423  -3.0301210157502741E-003
         424  -1.5693564613346977E-003
         428  -2.0053132644776281E-003
         430  -1.9022093517453832E-003
         438  -3.5086081638488523E-003
         439  -2.4225745107275057E-003
         440  -2.5475101488181360E-003
         441  -2.5571554353846521E-003
         442  -2.6427460676736094E-003
         443  -1.4155119304133498E-003
         464  -1.4103669536162315E-003
         507  -1.9730805400897155E-003
         509  -1.4557729438637729E-003
         510  -2.3684417525626569E-003
         511  -2.8051068178830034E-003
         512  -2.6358505749459328E-003
         513  -1.7861305447604916E-003
         514  -1.1446369205527405E-003
         515  -2.1479862979948651E-003
         516  -2.2957505253973511E-003
         517  -2.8323315214011198E-003
         518  -2.9657463412688725E-003
         519  -2.3455252873095839E-003
         520  -1.1723757139375833E-003
         521  -2.0849413337490092E-003
         522  -2.2816046628375952E-003
         523  -1.1180608865786056E-003
         524  -1.2424901268030550E-003
         525  -2.6722351928752976E-003
         526  -2.4493302323670809E-003
         527  -2.5072312160457954E-003
         528  -2.4789924519739016E-003
         529  -2.3844343318113297E-003
         530  -1.6427433946611617E-003
         531  -2.4562530008062234E-003
         532  -2.2620590203367551E-003
         533  -1.9459009549657787E-003
         534  -2.1395244241639625E-003
         535  -2.2962412422554419E-003
         536  -2.0887065631760115E-003
         537  -2.9354874955995155E-003
         538  -2.0910100043262810E-003
         539  -2.7659662791569457E-003
         540  -1.8313614604383180E-003
         541  -1.9507475435177521E-003
         542  -1.3708433109906205E-003
         543  -1.2823325578477881E-003
         544  -2.6993785389893502E-003
         545  -2.5097035630619320E-003
         546  -2.8070961985523996E-003
         547  -1.9523501957391864E-003
         548  -2.1347627383462723E-003
         549  -3.1343077763504698E-003
         550  -2.0688138737093142E-003
         551  -2.2321974783375042E-003
         552  -1.8019063640832250E-003
         553  -2.6927530054749794E-003
         554  -2.3007790658595476E-003
         555  -1.8664726430667607E-003
         556  -1.5812720429777606E-003
         557  -1.6818402361041570E-003
         558  -2.4865503481909519E-003
         559  -2.2896786922634452E-003
         560  -2.5088866071054758E-003
         561  -2.1403312812246877E-003
         562  -1.4557199816821044E-003
         563  -1.6703040291564364E-003
         564  -1.0783297584189490E-003
         565  -1.8207730225458371E-003
         577  -1.6550696845565854E-003
         583  -9.6848007646807783E-004
         610  -2.0936416175944875E-003
         611  -1.6254061708964125E-003
         612  -2.5826271373691921E-003
         613  -1.0079125192247525E-003
         618  -1.9398627758296560E-003
         619  -1.1468833681557481E-003
         621  -2.6723351646706483E-003
         622  -1.7291665994120934E-003
         623  -9.6848007646807707E-004
         647  -4.7448456049929032E-004
         741   8.3943846330813596E-004
         742   8.8756472276696984E-004
         743   7.6530499027970813E-004
         761  -2.3969212670323058E-003
         762  -9.6848007646807880E-004
         763  -2.1730183544042352E-003
         773  -1.5127191774091395E-003
         774  -2.7880816878556275E-003
         775  -3.2051131436542069E-003
         798   8.4578743230921336E-004
         799   8.6769546484608039E-004
         800   3.6282591387813354E-004
         803   1.0196262161879567E-003
         804   8.6714243341625395E-004
         805   8.9926409829662278E-004
         812   7.3410874710181458E-004
         813   7.1883008713032092E-004
         814   8.6386643607879354E-004
         815   8.5784079857501331E-004
         816   8.1348761272599342E-004
         817   8.6387460899430555E-004
         826   5.0537313699219530E-004
         842   4.8828125000000000E-004
         890   1.0280261717695947E-003
         891   9.8260885533001281E-004
         892   8.7241399808241570E-004
         900   3.5347793001044153E-004
         903   9.7656249999999989E-004
         904   1.0100761034954643E-003
         905   4.8828125000000000E-004
        1018   6.8756893182472952E-004
        1019   6.8531000736705571E-004
        1020   6.3268340196047802E-004
        1027   4.8828125000000000E-004
        1079   4.8828125000000000E-004
        1080  -2.0848503649394143E-003
        1081  -2.1115810129952381E-003
        1082  -2.9363151073703718E-003
        1134   4.4563144138838948E-004
        1142  -2.8833865979067080E-003
        1143  -2.3226933587607601E-003
        1144  -2.8019391446076785E-003
        1145  -1.4648437500000009E-003
        1149   6.9344007020163338E-004
        1150   7.4263946894099131E-004
        1151   7.2394399263861139E-004
        1152  -1.9975142252467728E-003
        1153  -1.9437208496731174E-003
        1154  -2.2671909605376413E-003
        1156   3.8349658817357976E-004
        1157   8.1938550726037059E-004
        1165   9.1996715597372867E-004
        1166   8.3539415188615767E-004
        1167   9.4439156535125869E-004
        1191   6.2110070899691323E-004
        1192   5.4743007703645351E-004
        1193   6.5728402665827894E-004
        1198   8.1725870786530301E-004
        1199   3.3429718943422254E-004
        1209  -3.1364843066364594E-003
        1210  -1.4648437500000009E-003
        1211  -2.9296875000000013E-003
        1221  -1.6421918807091882E-003
        1224   2.7680287047955783E-004
        1226   9.1556632827433310E-004
        1227   7.6364347575586737E-004
        1228   7.4463672666391927E-004
        1229   9.0492101923686822E-004
        1230   8.7864440740781954E-004
        1231   8.6069177077115460E-004
        1232   9.2989536285656362E-004
        1233   8.8258883094694614E-004
        1234   1.0730440993271979E-003
        1235   5.6817454835925152E-004
        1246   9.7656249999999989E-004
        1247   9.2417016908678991E-004
        1249   1.0048448660679508E-003
        1250   8.8595373252301401E-004
        1251   1.1345079610321344E-003
        1252   6.4227857037678110E-004
        1253   6.9583977778381540E-004
        1254   8.2090298795464928E-004
        1255   1.0216538901344219E-003
        1256   7.6130797012832231E-004
        1257   6.6964636260742063E-004
        1258   8.8619174651840464E-004
        1259   6.4778696226655639E-004
        1260   6.8508000102997626E-004
        1261   1.0086351114393015E-003
        1262   8.9055411611405305E-004
        1263   7.7712478025303310E-004
        1264   7.8537290935848196E-004
        1265   1.0079707867691017E-003
        1266   1.0036865637288966E-003
        1267   8.7726875744998886E-004
        1268  -6.0525298313242012E-004
        1272  -1.6737529017182261E-003
        1273   6.8995201972853301E-004
        1274   5.7084603880712284E-004
        1275   5.1921226868591446E-004
        1276   7.7136221710907675E-004
        1277   6.5897726682878014E-004
        1278   5.1314975606480599E-004
        1279   6.1966049099214772E-004
        1280   7.4696364415263565E-004
        1281   6.6287976316322110E-004
        1282   9.8318775229946746E-004
        1283   8.4014702423304707E-004
        1287   6.7368920994687054E-004
        1288   7.9044036830399581E-004
        1289   6.9673631923079619E-004
        1290   8.3042714011239967E-004
        1327   8.6408328385609648E-004
        1328   8.5849566066971091E-004
        1329   9.8252159154051544E-004
        1330   7.0453527061883035E-004
        1331   7.4515139406468897E-004
        1332   1.0360635141200404E-003
        1333   1.1527544838033595E-003
        1334   7.9834422372858165E-004
        1335   5.8601618899999509E-004
        1336   8.0227151753866830E-004
        1337   5.9831277384608545E-004
        1350   9.7501276233105043E-004
        1351   8.9289383594023280E-004
        1352   1.0008258036476889E-003
        1353   6.5755969770308861E-004
        1354   6.8711137273073041E-004
        1355   3.3509746654441976E-004
        1356   1.0232345238809107E-003
        1357   8.2642183069685628E-004
        1358   8.8089455018214248E-004
        1359   1.0555160176574045E-003
        1360   1.0967304927200160E-003
        1361   6.9164432631763962E-004
        1362   5.1543922713657444E-004
        1363   9.4949132071243242E-004
        1364   5.6784984872418516E-004
        1365   9.7071602017879109E-004
        1366   7.9609455270352911E-004
        1369   1.0010767571831448E-003
        1370   8.8701460898044223E-004
        1371   7.8425091477901470E-004
        1374   7.8796202721370982E-004
        1375   8.2438879019619267E-004
        1376   8.9191550168707097E-004
        1377   8.2104017411843623E-004
        1378   5.2045904253881364E-004
        1379   8.1512300703324200E-004
        1380   9.4869879109513774E-004
        1381   7.8593557062389056E-004
        1382   6.5800467445065788E-004
        1390  -2.6974534824414000E-003
        1391  -2.8892222731962116E-003
        1392  -2.9220768792334330E-003
        1395   1.0251759445588276E-003
        1396   7.1821413851149958E-004
        1397   6.0600113691059874E-004
        1398   6.4830920353433675E-004
        1399   7.4209385121598603E-004
        1402   7.4562840419559824E-004
        1403   7.1127942327816956E-004
        1404   6.8658107293572323E-004
        1405   6.1323756929787705E-004
        1406   1.0338350957713269E-003
        1407   7.2118999382370140E-004
        1408   6.1774422778765716E-004
        1413  -1.5593219559723983E-003
        1421  -2.2307834000061789E-003
        1422  -2.4075560916401798E-003
        1425   7.0402781237262064E-004
        1426   7.9072184291241368E-004
        1427   6.6636332853567599E-004
        1428   1.1974937408037950E-003
        1429   9.9348863389515257E-004
        1430   1.0493816361096628E-003
        1431   6.4492446231733779E-004
        1432   6.7447613734498112E-004
        1433   9.1739508138820726E-004
        1434   5.9493285022953896E-004
        1435   9.9451980865533315E-004
        1436   9.8550955535565412E-004
        1437   1.1645634313926269E-003
        1454   9.6465878705588061E-004
        1455   9.8175067404807645E-004
        1456  -1.7909095507546945E-003
        1457  -1.9063200265083153E-003
        1458  -2.1758163097845423E-003
        1459  -2.7116774003923946E-003
        1460  -2.1559930240223958E-003
        1461  -1.8374001818341880E-003
        1462   6.4414501534097908E-004
        1463   8.0527903554185310E-004
        1464   7.7277867118751540E-004
        1465   7.7388839228956913E-004
        1466   6.9854144112375992E-004
        1467   7.2376242023302056E-004
        1468   8.3275983369812136E-004
        1491   2.2728092326201353E-004
        1492   5.3987232155683752E-004
        1493   5.2213237542687971E-004
        1494   6.8724235959888107E-004
        1495   7.0498230572883899E-004
        1496   6.9839878674579853E-004
        1497   5.6304549834919381E-004
        1498   5.8452331762989568E-004
        1499   6.6908197501129184E-004
        1500   7.3940718740889253E-004
        1506   5.6722048067634888E-004
        1507   6.6651346196181763E-004
        1508   6.9855685514689440E-004
        1509   5.8939426877438147E-004
        1510   5.8753062848637975E-004
        1511   1.1004809621830544E-003
        1512   1.0082060725061326E-003
        1519   8.3308595036794830E-004
        1520   5.4316122147912986E-004
        1521   5.4919976951761261E-004
        1522   8.7100611614936206E-004
        1523   9.5986734471674049E-004
        1524   3.3585020173943197E-004
        1525   1.9202726340121837E-004
        1531   5.8580368968049487E-004
        1532   5.4854019481877367E-004
        1533   6.5517090117896408E-004
        1534   7.6924005913995880E-004
        1535   4.7289458698217995E-004
        1536   7.2866178571261630E-004
        1537   6.7797574791551027E-004
        1538   8.1914335577426458E-004
        1539   5.4152419699621604E-004
        1540   1.0293601362744540E-003
        1541   7.8185548664179460E-004
        1542   5.7244118103485521E-004
        1543   1.0758380550793592E-003
        1544   1.0801339323442808E-003
        1545   8.9629518169090816E-004
        1546   9.2844813423421707E-004
        1547   9.4317793060573886E-004
        1548   7.7022208828447358E-004
        1549   6.7091473235252215E-004
        1550   8.7722677433291663E-004
        1551   6.6724423063816254E-004
        1552   6.8566466639568375E-004
        1553   1.8151343771395829E-004
        1554   4.5782992503122283E-004
        1555   8.2006130127538265E-004
        1556   4.5475705068571531E-004
        1557   4.5397749262835737E-004
        1558   5.2468001651163768E-004
        1575  -1.2584993895446469E-003
        1586  -9.8475077390452049E-004
        1608   2.4414062500000000E-004
        1625  -2.6226250962238088E-003
        1626  -2.1428905704563130E-003
        1627  -2.5266018703513173E-003
        1634   3.5077133136019074E-004
        1635   8.3864739707275660E-004
        1636   9.2746849920580785E-004
        1637   9.7567187855647508E-004
        1675   6.0450725886716805E-004
        1676   5.7980557209165299E-004
        1677   5.6705443758255645E-004
        1678   6.3347996946790759E-004
        1679   5.6096917002173858E-004
        1680   3.5806365369615671E-004
        1681   7.1410727989283066E-004
        1682   8.4634490369615660E-004
        1683   6.6004264067066529E-004
        1684   8.4394835916043519E-004
        1685   8.8566810229380845E-004
        1686   1.0273536696569577E-003
        1687   7.4137079127201469E-004
        1688   7.1641790782755543E-004
        1689   7.6882762823728048E-004
        1690   6.0614384412232625E-004
        1691   5.5528503707843145E-004
        1692   7.0355767786908503E-004
        1693   6.7673771838739510E-004
        1694   6.3341307293542960E-004
        1695   7.1109183946101466E-004
        1696   6.5370766107055508E-004
        1699   6.4099494149242990E-004
        1707   4.8360885569883981E-004
        1708   6.5412897269820824E-004
        1709   4.8828125000000000E-004
        1710   9.7618598296376113E-004
        1711   3.5012995822421636E-004
        1712   7.1155461030559077E-004
        1754   1.9149046712045939E-004
        1841  -2.7493887301942984E-003
        1842  -2.1765084867060012E-003
        1843  -2.2356231474123028E-003
        1844  -2.1148316238495442E-003
        1845  -1.9455420644451128E-003
        1846  -1.8512677687994572E-003
        1881  -2.1627240588463709E-003
        1887   4.3563109212045874E-004
        1975  -2.0038174617803451E-003
        1976  -2.2367576864081554E-003
        1977  -2.0843267441475401E-003
        1978  -2.2748952196199319E-003
        1979  -1.9540553384207256E-003
        1980  -2.4788559041179969E-003
        1981  -2.0725661621322560E-003
        1982  -2.5690360583984916E-003
        1983  -3.0164560929808906E-003
        1984  -3.0858663284466254E-003
        1985  -2.5721647277330700E-003
        1986  -2.7991145123792854E-003
        2000  -1.4648437500000009E-003
        2001  -2.3930686595593892E-003
        2002  -2.7233431395446480E-003
        2016  -2.9935497488403897E-003
        2017  -1.9107902999415316E-003
        2018  -2.3521361631354751E-003
        2019  -2.7193811309661701E-003
        2023  -9.6848007646807620E-004
        2024  -1.7727464868979954E-003
        2025  -2.1730183544042339E-003
        2026  -2.9839480419469361E-003
        2027  -2.5124782524956206E-003
        2028  -2.1179721605415593E-003
        2029  -2.8580711468593209E-003
        2030  -2.6787339687950528E-003
        2031  -2.3919978422005327E-003
        2032  -2.4695956046856178E-003
        2035  -1.4749946342598819E-003
        2037  -1.3574143297645058E-003
        2039  -1.5632731089811165E-003
        2040  -1.9219567069664160E-003
        2041  -1.6658593730132871E-003
        2042  -2.5501372932133582E-003
        2043  -3.0477940704828638E-003
        2057  -6.9308834079073083E-004
        2106  -1.4478626332274950E-003
        2128  -1.4648437500000009E-003
        2211  -2.4510798873925059E-003
        2212  -2.7858555203287318E-003
        2213  -2.0550600061321140E-003
        2214  -2.2116471857236840E-003
        2215  -3.1306285651686067E-003
        2216  -2.3578869918457518E-003
        2217  -2.9975565548959393E-003
        2218  -2.1138695406964971E-003
        2224  -2.2952196559469628E-003
        2225  -2.9004056538956750E-003
        2226  -2.5880444832103210E-003
        2227  -2.6869302250286001E-003
        2228  -2.2604572405761840E-003
        2229  -1.7397974970923555E-003
        2230  -1.7469964058693598E-003
        2231  -2.2481087474151723E-003
        2232  -2.0284047238167350E-003
        2233  -1.9555610924028876E-003
        2234  -2.7885939193980753E-003
        2235  -1.9981757389942499E-003
        2236  -1.9367853934613636E-003
        2237  -1.8201558506271978E-003
        2238  -2.3124357387152897E-003
        2239  -2.9285765848040667E-003
        2240  -2.2859235195556000E-003
        2241  -2.5925382389248189E-003
        2242  -3.2688018094108144E-003
        2243  -2.6615949167478892E-003
        2244  -2.6491505729602034E-003
        2245  -2.5669545579435700E-003
        2246  -2.5519618864183829E-003
        2247  -2.3746137557091882E-003
        2248  -3.1252047162011127E-003
        2249  -2.7706447295051300E-003
        2250  -2.9078576348271993E-003
        2251  -2.3449895620624083E-003
        2252  -2.1895668883434340E-003
        2253  -2.3899442562234541E-003
        2257  -2.3337998591321505E-003
        2258  -2.4523106828436784E-003
        2259  -1.5715850773676337E-003
        2260  -3.3487419761283003E-003
        2261  -3.1074852480893794E-003
        2262  -2.4457541135666449E-003
        2263  -2.6050118491528435E-003
        2267  -2.6515391468371367E-003
        2268  -2.4323798213174777E-003
        2269  -3.2630719601381476E-003
        2270  -1.7907044178436429E-003
        2271  -1.8349259450056582E-003
        2272  -2.0863105727863744E-003
        2273  -1.8152438717574289E-003
        2274  -2.6447245585217469E-003
        2275  -2.8106815045246137E-003
        2276  -2.3701704986221683E-003
        2277  -2.8561165928973134E-003
        2278  -2.2296397167420375E-003
        2279  -2.3021411903426563E-003
        2280  -2.5465113003623808E-003
        2284  -2.2652580300461418E-003
        2285  -2.9821524375321273E-003
        2286  -2.6058652028336919E-003
        2287  -2.3672743189767777E-003
        2288  -2.6797587807214657E-003
        2289  -2.1591628604113633E-003
        2290  -2.7712261478885117E-003
        2291  -2.6267716569848320E-003
        2292  -2.5222781840449353E-003
        2293  -2.1585076694092317E-003
        2294  -2.0031500460506689E-003
        2295  -2.8868294519364406E-003
        2296  -2.4577337819872438E-003
        2297  -1.9204939170791890E-003
        2298  -1.9417344839865564E-003
        2299  -1.9257558765517326E-003
        2300  -2.0166927695426423E-003
        2301  -1.8799880587987555E-003
        2302  -2.3865006892850632E-003
        2303  -1.9192667397888092E-003
        2304  -1.7039266227781848E-003
        2305  -2.0798758760618278E-003
        2306  -1.6223354431408978E-003
        2307  -2.0177076629609800E-003
        2308  -2.0376217028159910E-003
        2309  -1.8490898788662490E-003
        2310  -2.4501127105094325E-003
        2311  -2.0741660984418481E-003
        2312  -9.3080238405490094E-004
        2313  -1.8025360225336308E-003
        2314  -1.9381173617169696E-003
        2315  -1.7618046525162926E-003
        2318  -2.5580254470033165E-003
        2319  -2.1236577572510164E-003
        2320  -2.4524007875838974E-003
        2321  -2.1748347625492586E-003
        2322  -1.7595737697687094E-003
        2323  -1.4820179319768373E-003
        2324  -2.5842809741217949E-003
        2325  -2.1191222209277598E-003
        2326  -2.0910136320721772E-003
        2327  -2.5852086690692469E-003
        2328  -2.7497135902899263E-003
        2329  -1.4648437500000009E-003
        2330  -2.9296875000000013E-003
        2331  -2.1506927718578841E-003
        2332  -2.3875162644683978E-003
        2333  -2.0663675124935350E-003
        2334  -1.7654906638246478E-003
        2335  -1.6101169339174911E-003
        2336  -1.8361928782058992E-003
        2337  -2.3892799657098500E-003
        2338  -2.4366362586728959E-003
        2339  -1.5223475244740725E-003
        2340  -1.9330688920575182E-003
        2341  -2.0297060344283612E-003
        2342  -2.4803084236062873E-003
        2343  -1.9408816680138419E-003
        2344  -2.0410562863525774E-003
        2345  -5.4243704204866327E-004
        2346  -1.3628163426819321E-003
        2347  -1.3381904146993117E-003
        2348  -1.8135321403241903E-003
        2349  -2.1835416269265573E-003
        2350  -2.9291403358801360E-003
        2351  -2.5948154996090224E-003
        2352  -2.3304529336690130E-003
        2353  -2.7788027258472524E-003
        2354  -2.4283186150598646E-003
        2355  -2.9137150357519499E-003
        2356  -2.2175448785987780E-003
        2357  -1.8390078548291926E-003
        2358  -3.1043053916829234E-003
        2359  -2.3383878424027022E-003
        2360  -2.4981572133887576E-003
        2361  -2.5351990637188311E-003
        2362  -2.3720030392834824E-003
        2363  -1.9589161273983395E-003
        2364  -1.3488404601546067E-003
        2365  -2.5564027997287187E-003
        2366  -2.3452283024367354E-003
        2367  -2.5419384065278462E-003
        2368  -2.4811471059585206E-003
        2369  -1.9524649784483515E-003
        2370  -2.2842285532448745E-003
        2371  -2.6959301057886630E-003
        2372  -2.2677164831277409E-003
        2373  -2.0994434619185710E-003
        2374  -8.9871169793939178E-004
        2379  -2.2665091987887709E-003
        2380  -1.7712016714567023E-003
        2381  -2.1119060927462284E-003
        2382  -1.7676798871220523E-003
        2383  -2.6427994621454837E-003
        2384  -1.9043774836883720E-003
        2392  -1.7902938066702014E-003
        2393  -1.9742501720319294E-003
        2394  -2.2168282934831663E-003
        2409  -1.1121812749211161E-003
        2410  -2.8934136557458787E-003
        2431  -7.3242187500000043E-004
        2468  -1.4622427883588538E-003
        2494  -1.8354547267937929E-003
        2497  -2.4285648383150604E-003
        2498  -1.6609212149923298E-003
        2499  -2.1052491409231963E-003
        2500  -1.6855471429749460E-003
        2514  -1.4234536814978708E-003
        2515  -7.1172684074893551E-004
        2516  -9.5950299850871819E-004
        2523  -1.9369601529361550E-003
        2524  -7.3242187500000043E-004
        2571  -7.1172684074893551E-004
time   1.000000E+30
