1 10211 !  dim ndata
time    -1.0e-30 
1269 
353 2.4682933333146932e-05
410 3.2146522957059425e-05
411 7.404879999944093e-05
412 4.190227704238151e-05
470 3.172908122382867e-05
471 6.36668833142727e-05
472 7.722235247972358e-05
473 8.872143435223118e-05
474 2.9573811450743733e-05
530 3.1520360357213236e-05
531 6.304072071442651e-05
532 6.934564319552601e-05
533 7.927873977266714e-05
534 8.827261424420395e-05
535 4.6819157309849703e-05
591 3.2553368480340626e-05
592 6.304072071442645e-05
593 6.934564319552606e-05
594 7.565056567662557e-05
595 7.927873977266734e-05
596 8.290691386870874e-05
597 5.7059842704304216e-05
653 3.461938472659557e-05
654 6.613974508380882e-05
655 6.93456431955262e-05
656 7.565056567662563e-05
657 7.565056567662555e-05
658 7.927873977266723e-05
659 8.290691386870881e-05
660 8.290691386870855e-05
661 4.145345693435419e-05
720 3.680709514685936e-05
721 7.252033508358682e-05
722 7.570228860929787e-05
723 8.039482467334738e-05
724 8.039482467334731e-05
725 8.039482467334726e-05
726 6.833642606435282e-05
727 8.290691386870864e-05
728 8.290691386870862e-05
729 8.290691386870857e-05
730 2.7635637956236197e-05
732 1.8494040019511616e-05
791 3.7900950356991284e-05
792 7.580190071398242e-05
793 8.057229607073714e-05
794 8.524088754878042e-05
795 8.513908367006888e-05
796 8.513908367006896e-05
797 8.427708148603716e-05
798 8.316099658535682e-05
799 8.29069138687085e-05
800 8.290691386870873e-05
801 4.1453456934354406e-05
802 5.548212005853486e-05
803 5.5482120058534886e-05
852 4.322146379006204e-05
853 5.386249065620379e-05
854 1.7954163552067957e-05
864 7.580190071398247e-05
865 8.057229607073698e-05
866 8.534269142749186e-05
867 8.524088754878042e-05
868 8.513908367006888e-05
869 8.427708148603719e-05
870 8.341507930200535e-05
871 8.316099658535677e-05
872 8.290691386870861e-05
873 7.844153697337763e-05
874 0.00011096424011706966
875 7.855218970561042e-05
876 6.234616449988091e-05
879 4.156410966658732e-05
885 6.103515625e-05
926 9.176344101319509e-05
927 5.386249065620383e-05
938 8.057229607073715e-05
939 8.534269142749165e-05
940 8.534269142749186e-05
941 8.524088754878042e-05
942 8.427708148603705e-05
943 8.341507930200545e-05
944 8.341507930200532e-05
945 8.316099658535685e-05
946 9.693557699288914e-05
947 0.00011782828455841557
948 0.00012469232899976176
949 0.00012469232899976195
950 0.00012207031249999999
952 6.234616449988091e-05
953 6.103515625e-05
954 0.00012207031249999999
955 0.00012207031249999999
958 6.103515625e-05
1000 6.0833844727087086e-05
1012 9.073809316806579e-05
1013 9.073809316806576e-05
1014 9.073809316806586e-05
1015 8.75246473019642e-05
1016 8.112314317073834e-05
1017 8.112314317073846e-05
1018 8.112314317073826e-05
1019 0.00011923456707214168
1020 0.0001402293775330623
1021 0.00010579311296201951
1022 0.0001402293775330625
1023 0.00010579311296201936
1024 0.00014022937753306228
1025 0.00010579311296201964
1026 8.200749683169397e-05
1027 7.042888595235812e-05
1028 0.00012202324787047021
1029 0.0001016938839969801
1030 6.103515625e-05
1031 2.0345052083333332e-05
1073 4.806674745431988e-05
1086 9.613349490863975e-05
1087 9.613349490863985e-05
1088 9.62099111863741e-05
1089 8.755876725178976e-05
1090 7.883120703947139e-05
1091 7.88312070394714e-05
1092 7.88312070394712e-05
1093 0.00011729881655291699
1094 8.926340998660385e-05
1095 0.00015576642606636307
1096 8.951591342403874e-05
1097 0.00015576642606636285
1098 8.951591342403918e-05
1099 0.00012264116974520112
1101 0.00010549354489505452
1102 8.901090654916864e-05
1103 0.00012197618324094028
1104 6.098809162047008e-05
1149 3.204449830287988e-05
1163 4.80667474543199e-05
1164 8.018766203493418e-05
1165 9.62863274641083e-05
1166 8.75587672517898e-05
1167 7.883120703947136e-05
1168 7.883120703947127e-05
1169 7.883120703947118e-05
1170 0.00011729881655291711
1171 8.926340998660348e-05
1172 0.00015576642606636285
1173 8.951591342403918e-05
1174 0.00012264116974520112
1175 8.901090654916834e-05
1178 0.00010549354489505452
1179 8.901090654916878e-05
1180 8.250533008383331e-05
1181 0.00012197618324094028
1182 4.06587277469801e-05
1186 1.5126119809496524e-05
1244 4.814316373205409e-05
1246 9.62863274641082e-05
1247 9.628632746410807e-05
1248 8.75587672517897e-05
1249 7.883120703947124e-05
1250 7.883120703947128e-05
1251 7.883120703947124e-05
1252 0.00011729881655291703
1253 8.92634099866037e-05
1254 0.00012264116974520112
1255 8.250533008383296e-05
1256 7.59997536184979e-05
1259 7.59997536184979e-05
1260 7.59997536184979e-05
1261 0.00010549354489505439
1262 8.250533008383324e-05
1263 6.0988091620470074e-05
1265 2.2689179714244787e-05
1266 4.537835942848936e-05
1267 4.5378359428489574e-05
1269 2.2689179714244787e-05
1313 1.6047721244017984e-05
1330 4.8143163732054034e-05
1332 6.93059022470433e-05
1333 0.00011163137927702187
1334 0.00010847713589323563
1335 0.00010835073227377773
1336 0.00010835073227377779
1337 0.00010835073227377779
1338 0.00011908782562694636
1339 8.176612158727594e-05
1340 8.176612158727617e-05
1341 8.176612158727623e-05
1342 5.3647585234734815e-05
1343 8.171345763381921e-05
1346 8.171345763381921e-05
1347 8.171345763381921e-05
1348 6.240233417629108e-05
1350 1.5126119809496451e-05
1351 2.268917971424464e-05
1352 4.014037184815639e-05
1353 7.155514762935681e-05
1354 7.155514762935683e-05
1355 7.1555147629357e-05
1356 7.374728840994372e-05
1379 7.436660627869237e-05
1421 6.348821554496793e-05
1422 0.00012952190815413982
1423 0.00013496882136321395
1424 0.00013787025750808428
1425 0.00013787025750808428
1426 0.00011270137353206917
1427 8.753248955605409e-05
1428 8.753248955605452e-05
1429 4.376624477802733e-05
1430 3.5463053292358274e-05
1431 7.917663411692867e-05
1432 8.742716164914089e-05
1435 8.742716164914089e-05
1436 4.371358082457039e-05
1440 4.8865967915112217e-05
1441 9.773193583022438e-05
1442 9.773193583022428e-05
1443 9.773193583022428e-05
1444 0.00012418607923689402
1445 0.00014873321255738474
1446 0.0001496867176004743
1473 7.436660627869237e-05
1474 0.00014873321255738474
1514 4.317396938471332e-05
1515 6.6033692609172e-05
1516 6.796798337241878e-05
1517 6.893512875404215e-05
1518 7.513424902137946e-05
1519 4.3766244778027045e-05
1520 2.917749651868484e-05
1522 1.1821017764119429e-05
1523 3.5463053292358274e-05
1524 4.096340498049979e-05
1525 4.371358082457056e-05
1528 2.9142387216380355e-05
1532 4.8865967915112264e-05
1533 9.773193583022447e-05
1534 9.773193583022438e-05
1535 9.773193583022428e-05
1536 0.00012418607923689385
1537 0.0001506402226435638
1538 0.00011467438517352577
1539 0.00014873321255738474
1540 0.00014968671760047457
1570 7.436660627869237e-05
1571 0.00011467438517352599
1572 8.061555778966721e-05
1628 4.886596791511217e-05
1629 9.773193583022449e-05
1630 9.77319358302244e-05
1631 9.773193583022437e-05
1632 0.00012418607923689388
1633 0.0001506402226435634
1634 0.0001506402226435642
1635 8.061555778966733e-05
1636 8.061555778966695e-05
1637 0.00011467438517352555
1638 0.00014968671760047468
1671 5.2187189497192874e-05
1672 8.219496221288618e-05
1673 8.21949622128861e-05
1674 8.219496221288604e-05
1693 3.734563257045456e-05
1695 1.7628362327675216e-05
1729 0.00011203689771136353
1730 0.00011203689771136351
1731 0.00011203689771136356
1732 0.00013842142151988037
1733 0.00013117270451370772
1734 0.00013117270451370766
1735 0.00013117270451370823
1736 7.016873921809931e-05
1737 8.061555778966748e-05
1738 8.061555778966739e-05
1739 8.06155577896668e-05
1740 0.00010971416858473097
1777 4.188718331805258e-05
1778 8.377436663610494e-05
1779 8.588892159134129e-05
1780 8.377436663610471e-05
1799 6.317092979625128e-05
1800 5.288508698302571e-05
1801 5.28850869830256e-05
1832 0.0001263418595925027
1833 0.00012634185959250273
1834 0.00011789724132571753
1835 8.800347654657789e-05
1836 0.00012431497608191675
1837 0.00012318869441945687
1838 0.00011170518638385155
1839 0.00011170518638385196
1840 9.884023036405189e-05
1841 8.430951716812271e-05
1842 8.061555778966754e-05
1843 8.061555778966721e-05
1844 8.329541606695913e-05
1885 8.800347654657773e-05
1886 4.188718331805258e-05
1887 8.377436663610494e-05
1888 8.588892159134111e-05
1907 9.842765445160185e-05
1908 0.00010577017396605137
1909 4.972094933952834e-05
1937 0.0001263418595925027
1938 0.0001178972413257173
1939 0.00010945262305893212
1940 8.800347654657753e-05
1941 8.80034765465777e-05
1942 0.00012431497608191648
1943 0.00013692476577998144
1944 0.00012318869441945666
1945 0.00011170518638385163
1946 9.884023036405174e-05
1947 8.597527434425152e-05
1948 8.430951716812253e-05
1949 8.061555778966748e-05
1950 8.329541606695944e-05
1998 8.800347654657751e-05
1999 8.800347654657757e-05
2000 4.188718331805258e-05
2001 8.588892159134122e-05
2020 0.00011605601677927704
2021 9.627776103555926e-05
2022 4.3392674052533604e-05
2049 0.00011789724132571742
2050 0.00010945262305893212
2051 0.00010945262305893188
2052 8.800347654657707e-05
2053 8.800347654657735e-05
2054 8.80034765465777e-05
2055 0.00012431497608191648
2056 0.00013692476577998144
2057 0.00013692476577998144
2058 0.00012318869441945639
2059 9.88402303640517e-05
2060 8.597527434425176e-05
2061 8.597527434425188e-05
2062 8.430951716812265e-05
2063 8.329541606695965e-05
2115 0.00011011181877276823
2116 8.807512527294161e-05
2117 0.00011011181877276769
2118 5.066633403027343e-05
2141 7.139166745375888e-05
2142 4.339267405253355e-05
2143 1.4464224684177858e-05
2169 5.472631152946606e-05
2170 5.472631152946606e-05
2171 5.472631152946581e-05
2172 6.987454595356953e-05
2173 9.951181908794072e-05
2174 9.951181908794148e-05
2175 9.951181908794156e-05
2176 9.529665404697817e-05
2177 0.00012814699306985347
2178 0.0001082521230098992
2179 6.846238288999069e-05
2180 4.106289813981878e-05
2181 0.00010189037587915548
2182 0.00010189037587915544
2183 0.00010189037587915544
2184 0.00012227106643929728
2235 6.611008049947932e-05
2236 6.611008049947934e-05
2237 6.611008049947891e-05
2238 6.611008049947891e-05
2291 5.551008081465194e-05
2292 0.00011102016162930459
2293 0.00011102016162930516
2294 0.00011161172949252922
2296 0.00011858734888689233
2297 0.00011936922035972548
2298 5.968461017986281e-05
2300 0.00011780547741405896
2301 0.00011780547741405875
2302 0.00012790431548511378
2303 0.00012510322545596116
2357 2.2036693499826308e-05
2359 2.20366934998263e-05
2411 5.551008081465201e-05
2412 0.00011102016162930459
2413 0.00011161172949252922
2414 0.00011220329735575331
2417 9.86924788269379e-05
2418 5.968461017986281e-05
2419 1.9894870059954313e-05
2420 0.00011780547741405852
2421 0.00010490378989241888
2422 0.00013800315355616877
2423 0.00010210269986326626
2532 5.551008081465201e-05
2533 0.00011161172949252895
2534 0.00011220329735575331
2535 0.00011220329735575347
2539 5.8902738707029384e-05
2541 5.8902738707029384e-05
2542 6.900157677808448e-05
2543 6.900157677808443e-05
2544 5.610164867787665e-05
2658 4.955133502424614e-05
2659 9.314392425808624e-05
2660 6.844907387127992e-05
2661 5.6101648677876764e-05
2666 1.9634246235676545e-05
2668 2.3000525592694838e-05
2670 1.870054955929222e-05
2790 3.704227558020959e-05
2791 3.704227558020956e-05
2922 1.2347425193403112e-05
3136 2.0345052083333332e-05
3142 3.656736546534687e-05
3270 6.103515625e-05
3271 6.103515625e-05
3276 4.685512128026273e-05
3277 0.0001097020963960406
3278 6.284697511577787e-05
3389 9.371024256052556e-05
3407 4.0942035638750484e-05
3408 5.954719213198508e-05
3409 8.088422029399502e-05
3410 0.00012207031249999999
3411 6.103515625e-05
3413 2.239999043674177e-05
3414 3.359998565511267e-05
3415 6.925511171700448e-05
3416 6.780411298552209e-05
3417 6.284697511577789e-05
3418 2.0948991705259297e-05
3530 9.371024256052543e-05
3531 9.371024256052564e-05
3548 6.103515625e-05
3550 6.327891478426636e-05
3551 0.00012282610691625144
3552 0.00012058234838198508
3553 0.00012207031249999999
3554 0.00012207031249999999
3555 3.359998565511274e-05
3556 6.719997131022542e-05
3557 6.719997131022553e-05
3558 8.045510693537512e-05
3559 4.685512128026279e-05
3675 9.082323562399248e-05
3676 9.082323562399316e-05
3677 9.082323562399317e-05
3693 4.171153154929749e-05
3694 7.151792677167485e-05
3695 6.522435668693289e-05
3696 0.00012207031249999999
3697 8.631732828168849e-05
3698 0.0001285032714711994
3699 0.00010337359203439483
3700 0.00012207031249999999
3701 0.00012207031249999999
3702 9.248346781502455e-05
3703 9.248346781502461e-05
3704 9.248346781502423e-05
3705 7.582519268767114e-05
3706 4.682524791907061e-05
3828 8.813698896772761e-05
3829 8.793622868746e-05
3830 8.793622868746052e-05
3831 9.362062247694892e-05
3848 5.9910237960960155e-05
3849 0.00012513459464789304
3850 0.00011991863840991183
3851 0.00013044871337386608
3852 0.00012207031249999999
3853 0.00013044871337386608
3854 0.00012625951293693304
3855 0.00012207031249999999
3856 0.00011776696431982368
3857 0.00011776696431982368
3858 0.00010305235678390949
3859 4.965250813321863e-05
3984 8.813698896772768e-05
3985 8.833774924799606e-05
3986 8.793622868746006e-05
3987 9.362062247694888e-05
3988 9.930501626643728e-05
4004 5.813870770794695e-05
4005 1.9379569235982466e-05
4006 9.866937643292478e-05
4007 0.00011982047592192015
4008 0.00012513459464789318
4009 0.00011991863840991183
4010 0.00013044871337386608
4011 0.00012207031249999999
4012 0.00012625951293693304
4013 0.00011776696431982368
4014 0.00010305235678391006
4015 4.965250813321862e-05
4140 8.813698896772767e-05
4141 8.83377492479961e-05
4142 8.833774924799645e-05
4143 9.362062247694834e-05
4144 9.930501626643687e-05
4145 9.93050162664369e-05
4162 0.00011627741541589457
4163 5.8138707707947026e-05
4164 0.00011804894566890768
4165 0.00011982047592192015
4166 0.00011982047592192026
4167 0.00012513459464789332
4168 0.00011991863840991183
4169 0.00012625951293693304
4170 0.00010305235678391006
4171 4.9652508133218375e-05
4299 8.0438692410124e-05
4300 9.593216468871112e-05
4301 9.59321646887115e-05
4302 9.59321646887118e-05
4303 0.00010141579819793165
4304 0.0001014157981979317
4305 0.00010141579819793168
4321 5.407789564007087e-05
4322 5.81387077079476e-05
4325 3.8759138471964925e-05
4326 0.0001040949792122649
4327 0.00010409497921226518
4328 0.00010409497921226545
4329 0.00014795449391066877
4330 4.9874003984726114e-05
4464 0.0001035265801294266
4465 0.00010352658012942636
4466 0.00010352658012942674
4467 0.00011045663279889777
4468 0.0001035265801294269
4469 0.0001035265801294269
4470 9.996950382096018e-05
4486 4.418474125130461e-05
4490 8.836948250260952e-05
4491 8.836948250261038e-05
4492 0.00010287808398548941
4493 4.82062137562468e-05
4535 6.704452206293912e-05
4629 0.00011738668546836839
4630 0.00010352658012942659
4631 0.00010352658012942647
4632 0.00011045663279889739
4633 0.00010352658012942696
4634 9.996950382096022e-05
4635 9.641242751249354e-05
4651 2.9456494167536505e-05
4654 4.418474125130519e-05
4655 6.85853893236596e-05
4656 3.213747583749785e-05
4679 6.402966446305078e-05
4680 5.79999492632748e-05
4681 5.063508888839516e-05
4682 4.695265870095529e-05
4683 0.00013408904412587802
4684 6.275875232731938e-05
4685 5.418721285608035e-05
4686 1.806240428536004e-05
4695 0.00013408904412587802
4696 0.00011874325888745307
4717 3.1301772467303756e-05
4790 5.86933427341842e-05
4791 0.00011738668546836752
4792 0.00010352658012942675
4793 0.00011045663279889704
4794 9.996950382096018e-05
4795 9.641242751249341e-05
4796 4.8206213756246704e-05
4837 0.00012504447132621362
4838 0.00010495260796423018
4839 9.390531740191058e-05
4840 9.390531740191115e-05
4841 0.00011874325888745281
4842 0.00010339747364902785
4843 0.00012123173491901925
4844 5.418721285608036e-05
4851 0.00011874325888745292
4852 0.00010339747364902801
4853 0.00010339747364902807
4876 4.69526587009556e-05
4948 3.912889515612251e-05
4949 5.869334273418362e-05
4950 7.014204553995265e-05
4951 4.82062137562467e-05
4952 3.21374758374978e-05
4991 0.00011283686670235568
4992 9.074543962915436e-05
4993 9.074543962915465e-05
4994 9.074543962915474e-05
4995 0.00012272068915169943
4996 0.00012272068915169965
4997 0.00012272068915169965
4998 9.68015509321903e-05
4999 6.44904234115648e-05
5000 2.14968078038549e-05
5003 0.00010468249446598623
5004 0.00010468249446598607
5005 0.00010468249446598637
5006 9.916514904919884e-05
5029 1.749581708050058e-05
5030 5.248745124150162e-05
5031 6.691678732673057e-05
5145 0.00011481473325538477
5146 8.758556185639799e-05
5147 8.758556185639805e-05
5148 0.00010131025203773516
5149 0.0001420439046543713
5150 0.00014204390465437112
5151 0.00014204390465437063
5152 0.00011747418105303692
5153 6.449042341156471e-05
5156 0.00010596751528294408
5157 0.00010596751528294448
5158 0.00010375280566871244
5159 0.00012179100035442518
5181 5.2487451241501536e-05
5182 0.0001100049223510378
5183 0.0001150349422190722
5293 0.00011481473325538493
5294 8.758556185639805e-05
5295 0.00011503494221907218
5296 0.0001013102520377351
5297 0.00014204390465437112
5298 0.000142043904654371
5299 0.00014204390465437068
5300 9.597737324918184e-05
5301 6.449042341156471e-05
5302 2.14968078038549e-05
5303 0.00010596751528294432
5304 0.00010375280566871244
5305 0.00010153809605448003
5306 0.00012179100035442558
5308 1.974907634111065e-05
5322 4.201216535425637e-05
5325 1.7495817080500544e-05
5326 9.15161757998199e-05
5327 5.248745124150166e-05
5328 0.00011503494221907214
5329 9.250910527053725e-05
5435 6.799740938056777e-05
5436 0.00011481473325538453
5437 9.151617579982016e-05
5438 0.0001013102520377353
5439 0.00014204390465437098
5440 0.00014204390465437087
5441 0.00014204390465437087
5442 0.000117474181053037
5443 6.44904234115648e-05
5444 0.0001037528056687123
5445 0.00012179100035442568
5446 0.00010153809605448005
5447 0.00010153809605448032
5448 5.924722902333191e-05
5449 5.924722902333191e-05
5450 5.9247229023331885e-05
5460 6.678926703943748e-05
5461 0.00012603649606276912
5465 6.799740938056775e-05
5466 6.799740938056777e-05
5467 5.248745124150166e-05
5468 9.151617579982019e-05
5469 0.0001100049223510378
5571 6.677775988211657e-05
5572 6.677775988211615e-05
5573 6.677775988211669e-05
5574 0.00012031500681907993
5575 0.00012183505621020206
5576 0.00012183505621020168
5577 0.00012183505621020201
5578 0.0001127726722410302
5579 0.00011248581176603081
5580 0.00010093992315350978
5581 0.00011248581176603074
5582 0.00011248581176603093
5583 0.00010835802390402247
5584 8.860894756291187e-05
5585 0.00010835802390402247
5590 2.5596939184573957e-05
5591 4.5106330503631636e-05
5592 6.736941951677783e-05
5593 0.00011189559754306921
5594 0.00010059889611524581
5599 5.896786706395978e-05
5600 7.250957158118254e-05
5601 7.250957158118238e-05
5602 7.250957158118267e-05
5603 8.277447985509624e-05
5604 6.580894563306746e-05
5605 4.387263042204507e-05
5701 7.16149744188636e-05
5702 6.941343657589766e-05
5703 6.555811038366484e-05
5704 6.555811038366484e-05
5705 8.359215907484937e-05
5706 0.00010162620776603268
5707 0.00010162620776603301
5708 8.431191298805225e-05
5709 6.849890148429705e-05
5710 0.00011082755861948138
5711 0.00012343352747758176
5712 9.671685611805163e-05
5713 0.00012343352747758147
5714 9.82215897613812e-05
5715 9.82215897613812e-05
5716 8.554753127570541e-05
5720 8.154306689864587e-05
5721 3.168448705009054e-05
5722 7.679081755372237e-05
5723 9.02126610072637e-05
5724 9.021266100726338e-05
5725 9.021266100726301e-05
5731 7.34914599256975e-05
5732 7.702173378179731e-05
5733 7.702173378179728e-05
5734 0.0001043198125239661
5735 0.00013161789126613522
5736 6.580894563306804e-05
5833 6.996118606959765e-05
5834 7.161497441886378e-05
5835 7.326876276812945e-05
5836 6.941343657589754e-05
5837 6.555811038366454e-05
5838 8.359215907484891e-05
5839 0.00010162620776603272
5840 8.43119129880518e-05
5841 6.69976182100713e-05
5842 6.849890148429735e-05
5843 7.000018475852298e-05
5844 0.00011082755861948132
5845 0.0001234335274775818
5846 9.671685611805237e-05
5847 9.82215897613812e-05
5848 8.55475312757054e-05
5849 7.28734727900292e-05
5852 8.154306689864563e-05
5853 1.0561495683363514e-05
5854 9.021266100726296e-05
5855 3.168448705009064e-05
5856 5.56678261869956e-05
5857 9.021266100726335e-05
5858 9.02126610072635e-05
5863 1.6812582864789726e-05
5864 2.52188742971843e-05
5865 7.34914599256975e-05
5866 7.702173378179731e-05
5867 0.00010431981252396639
5868 0.00013161789126613609
5869 6.068521328683451e-05
5967 6.996118606959765e-05
5968 6.996118606959768e-05
5969 7.161497441886395e-05
5970 7.326876276812964e-05
5971 7.326876276812964e-05
5972 6.941343657589735e-05
5973 8.359215907484863e-05
5974 8.431191298805157e-05
5975 6.699761821007075e-05
5976 6.699761821007128e-05
5977 6.849890148429695e-05
5978 7.000018475852306e-05
5979 7.000018475852351e-05
5980 0.00011082755861948124
5981 9.671685611805239e-05
5982 8.554753127570542e-05
5983 7.287347279002912e-05
5984 7.287347279002876e-05
5986 8.154306689864627e-05
5988 9.021266100726318e-05
5990 9.021266100726381e-05
5992 4.510633050363148e-05
5993 9.021266100726338e-05
5998 2.52188742971843e-05
5999 5.043774859436917e-05
6000 5.04377485943683e-05
6001 7.34914599256975e-05
6002 0.0001043198125239667
6003 9.102781993025177e-05
6103 7.542785745226926e-05
6104 7.542785745226899e-05
6105 7.54278574522687e-05
6106 6.49987607108578e-05
6107 8.050534184597354e-05
6108 8.050534184597358e-05
6109 8.050534184597369e-05
6110 7.855025417336463e-05
6111 7.155326159927121e-05
6112 7.155326159927116e-05
6113 7.15532615992713e-05
6114 6.580705293536398e-05
6115 9.060621539729186e-05
6116 9.060621539729193e-05
6117 9.060621539729155e-05
6118 0.00010224219016125674
6119 0.00010529279646699699
6120 0.00010529279646699673
6121 0.00010529279646699692
6122 0.00011616848587775015
6124 0.00010317892896968802
6126 0.000103178928969688
6128 0.00010317892896968784
6130 4.942841982443955e-05
6133 1.3170831953605858e-05
6134 3.951249586081759e-05
6135 3.32800351928766e-05
6136 6.032760971781238e-05
6137 6.032760971781261e-05
6138 6.032760971781215e-05
6139 0.00011874845000712181
6240 0.00010347723014285121
6241 8.089452883494087e-05
6242 8.089452883494e-05
6243 7.951034725180029e-05
6244 8.293404329623886e-05
6245 8.774192092381748e-05
6246 8.774192092381751e-05
6247 8.192541295614427e-05
6248 7.610890498847128e-05
6249 7.610890498847139e-05
6250 7.33161343037651e-05
6251 9.086780482755978e-05
6252 0.00011121224603606058
6253 0.00011121224603606058
6254 0.00012446218309001262
6255 0.00013771212014396467
6256 0.00013771212014396488
6257 0.00014265167415235133
6258 0.00014003373219656485
6259 0.00012431071658225182
6261 0.00011614519693211239
6263 0.00011614519693211256
6265 5.80725984660561e-05
6269 3.951249586081733e-05
6270 7.462123128144551e-05
6271 7.021747084125603e-05
6272 7.021747084125621e-05
6273 8.824884002256498e-05
6274 0.00011617007032731759
6363 0.00012605993145076155
6374 0.00010347723014285121
6375 8.089452883494087e-05
6376 7.951034725180027e-05
6377 7.812616566866045e-05
6378 8.293404329623875e-05
6379 8.774192092381769e-05
6380 8.192541295614385e-05
6381 7.610890498847074e-05
6382 7.331613430376486e-05
6383 7.052336361905928e-05
6384 9.086780482756033e-05
6385 0.00011121224603606058
6386 0.00012446218309001262
6387 0.00013771212014396494
6388 0.00014265167415235047
6389 0.00014759122816073702
6390 0.00014003373219656433
6391 0.00013247623623239137
6392 8.287381105483454e-05
6394 5.807259846605629e-05
6396 3.8715065644037526e-05
6401 3.6576655567357707e-05
6402 3.510873542062807e-05
6403 5.8832560015043326e-05
6404 0.0001062802092038736
6405 9.845670212667198e-05
6491 0.00012605993145076155
6492 0.00012605993145076155
6504 0.00010347723014285121
6505 7.951034725180049e-05
6506 7.812616566866023e-05
6507 7.812616566866058e-05
6508 8.293404329623929e-05
6509 8.19254129561443e-05
6510 7.331613430376502e-05
6511 7.052336361905945e-05
6512 7.052336361906027e-05
6513 9.086780482756043e-05
6514 0.00012446218309001287
6515 0.00014265167415235112
6516 0.00014759122816073583
6517 0.00014759122816073637
6518 0.00014003373219656414
6519 0.00013247623623239193
6520 6.623811811619561e-05
6530 5.3140104601936795e-05
6531 5.3140104601936795e-05
6532 6.302996572538106e-05
6615 6.302996572538106e-05
6616 8.653543747878441e-05
6617 0.0001335463809855917
6630 0.00013497815282248932
6631 0.00010604262327707527
6632 0.00010604262327707588
6633 0.00010604262327707622
6634 9.754166319607715e-05
6635 0.00010465695335501045
6636 0.00010465695335501006
6637 0.00010465695335500964
6638 0.00012346442335935552
6639 0.00014127413363304315
6640 0.00014127413363304304
6641 0.00014127413363304304
6642 8.917238410907631e-05
6643 6.623811811619606e-05
6644 4.4158745410797425e-05
6653 1.77133682006456e-05
6655 2.1009988575127214e-05
6736 0.00012489818978733076
6739 7.051641526021092e-05
6740 0.00013044285688202533
6754 0.00013195128860826136
6755 0.00013395908088549045
6756 0.00013395908088549132
6757 0.00013637481198822634
6758 0.00013879054309096024
6759 0.0001387905430909599
6760 0.00013687379109815498
6761 0.00013495703910535025
6762 0.00013495703910534998
6763 0.00012748342013066513
6764 6.000490057799079e-05
6768 0.00012994349633103312
6859 8.494722870612171e-05
6860 5.9926441621814335e-05
6863 4.3480952294008444e-05
6864 0.00012994349633103396
6879 0.00013195128860826136
6880 0.00013395908088549045
6881 0.0001363748119882255
6882 0.00013879054309096062
6883 0.00013687379109815536
6884 0.00013495703910534998
6885 0.00010748178660466897
6886 6.000490057799075e-05
6887 2.0001633525997135e-05
6890 0.00012994349633103312
6891 8.9927632221485e-05
6981 6.49717481655167e-05
6988 6.49717481655167e-05
6989 3.743382608395187e-05
7005 0.00013195128860826136
7006 0.00013637481198822585
7007 0.0001368737910981555
7008 0.00012748342013066592
7009 6.00049005779909e-05
7013 0.00010240557424946827
7014 7.486765216790407e-05
7015 3.743382608395187e-05
7105 2.1657249388505374e-05
7114 1.2477942027983849e-05
7132 0.00012208793545611976
7133 6.0004900577990806e-05
7134 2.0001633525996786e-05
7137 3.743382608395187e-05
7138 2.4955884055968026e-05
8935 -5.8724746756592695e-05
8936 -0.00017617424026977814
8937 -0.0001151527033339235
8967 -0.00016928386973199245
9018 -0.00017617424026977814
9019 -0.0003454581100017705
9045 -0.00035943294003487977
9046 -0.00024657702688021815
9047 -0.00019014907030288816
9053 -0.00010282714068903382
9100 -0.0002758377754473063
9101 -0.00029190614603726093
9102 -0.00029190614603726093
9103 -0.00029190614603726093
9104 -0.00017243675462908216
9126 -0.00037253170480097567
9127 -0.00038029814060577474
9128 -0.0003802981406057752
9129 -0.00030848142206710066
9135 -0.0001183323517642125
9137 -0.00036476526899617675
9138 -0.00036476526899617675
9139 -0.00029967261988133454
9162 -0.00022540411784998494
9180 -0.00010952351153917261
9181 -0.0002190470230783452
9182 -0.0002190470230783452
9183 -0.00021763764400591112
9184 -0.0002162282649334763
9205 -0.00037253170480097453
9206 -0.00038029814060577165
9207 -0.000308481422067098
9208 -0.00023666470352842465
9210 -3.502357228187846e-05
9214 -0.0001183323517642123
9215 -0.0003647652689961771
9216 -0.0002996726198813342
9217 -0.00023457997076649234
9237 -0.00022540411784998393
9238 -0.0002162282649334748
9254 -0.00010952351153917261
9255 -0.0002190470230783452
9256 -0.00021763764400591112
9257 -0.0002162282649334763
9258 -0.0002871792757442731
9278 -0.00037253170480097366
9279 -0.0003084814220670961
9280 -0.00023666470352842265
9281 -0.0002366647035284248
9283 -0.00010507071684563563
9284 -0.00010507071684563501
9286 -0.00011833235176421318
9287 -0.00029967261988133475
9288 -0.00023457997076649102
9289 -0.00023457997076649102
9306 -0.0002254041178499822
9307 -0.00028717927574427315
9308 -0.00035813028655507206
9319 -0.00035813028655507173
9321 -0.00035813028655507173
9324 -0.00010952351153917261
9325 -0.00021763764400591112
9326 -0.00028717927574427413
9345 -0.0002876873543525547
9346 -0.0002470601680385871
9347 -0.0002470601680385879
9348 -0.00024706016803858853
9349 -0.0001989365316231318
9350 -0.00023396010390501007
9351 -0.000304007248468767
9352 -0.00023862909269914732
9353 -0.00024347019021809981
9354 -0.0002434701902181001
9355 -0.00024347019021810074
9356 -6.631217720771023e-05
9369 -0.0003561415952560543
9370 -0.00037047414091922115
9371 -0.0003704741409192227
9372 -0.00037047414091922174
9381 -0.00017590164109891377
9383 -0.0002416893265236095
9385 -0.0002416893265236095
9387 -0.0002416893265236095
9388 -0.00015310899017650687
9406 -0.00025490802110923137
9407 -0.00025745563254875255
9408 -0.00025745563254875206
9409 -0.0002935476778644625
9410 -0.00019893653162313165
9411 -0.0003978730632462632
9412 -0.0003978730632462632
9413 -0.00036375639321321824
9414 -0.00025236040966971203
9415 -0.00025236040966971295
9416 -0.00027851532123903696
9430 -0.0003463663221641041
9431 -0.00038544020340160916
9432 -0.00038281799528337246
9433 -0.0003828179952833722
9434 -0.00028601559677313176
9443 -0.00015723078237752012
9445 -0.0001252483664921477
9447 -0.0001252483664921477
9448 -6.262418324607386e-05
9464 -0.00025490802110923305
9465 -0.00025745563254875255
9466 -0.0002935476778644635
9467 -0.000329639723180173
9468 -0.00019893653162313184
9469 -0.00039787306324626275
9470 -0.00036375639321321884
9471 -0.0002523604096697134
9472 -0.0002785153212390379
9473 -0.0003046702328083621
9488 -0.0003463663221641035
9489 -0.0003880624115198466
9490 -0.00018921319826289257
9491 -0.0003854402034016094
9492 -0.0003828179952833722
9493 -0.00028601559677313176
9502 -0.00015723078237752012
9504 -0.0001252483664921477
9505 -6.262418324607386e-05
9519 -0.00025490802110923283
9520 -0.0002935476778644634
9521 -0.0003296397231801734
9522 -0.00032963972318017347
9523 -0.0001989365316231315
9524 -0.0003637563932132184
9525 -0.00027851532123903777
9526 -0.000304670232808363
9527 -0.00030467023280836313
9543 -0.00034636632216410526
9544 -0.0003880624115198466
9545 -0.00038806241151984587
9546 -0.00018921319826289257
9547 -0.00018921319826289257
9548 -0.0003854402034016087
9549 -0.00028601559677313176
9558 -0.00015723078237752012
9559 -6.262418324607386e-05
9571 -0.00027525426049798956
9572 -0.0002808621690350176
9573 -0.00028086216903501634
9574 -0.0002808621690350176
9575 -0.00019521816180273854
9576 -0.00028999259134972086
9577 -0.00028999259134972026
9578 -0.0002899925913497212
9579 -0.00010585578475006732
9580 -7.057052316671114e-05
9595 -0.0002919582470791137
9596 -0.0003652014123102645
9597 -0.00036520141231026357
9598 -0.00036520141231026395
9599 -0.0003024008706053049
9600 -0.0003024008706053049
9601 -0.0003024008706053049
9602 -0.00035487836317801136
9610 -0.00022714776566575486
9620 -0.0002536997823904702
9621 -0.0002320846148898605
9622 -0.0002320846148898605
9623 -0.00022189809219499797
9624 -0.00027531494989107826
9625 -0.00027531494989107826
9626 -0.0002524631753531841
9627 -0.00021171156950013223
9628 -0.00010585578475006591
9642 -0.00022068073757735158
9643 -0.0002770452437200486
9644 -0.00034234041310068274
9645 -0.0003423404131006829
9646 -0.0003767940155271191
9647 -0.0003164182431458859
9648 -0.00036190218753287925
9649 -0.00041558854294771716
9650 -0.00041558854294771716
9651 -0.0004134180804506361
9658 -0.0001623103270868653
9667 -0.00025369978239047014
9668 -0.0002320846148898597
9669 -0.00022189809219499623
9670 -0.0002753149498910784
9671 -0.00025246317535318176
9672 -0.00022961140081528716
9673 -0.00021171156950013317
9674 -0.00012061974828665464
9687 -0.0002206807375773508
9688 -0.00021175007433941366
9689 -0.00027704524372004774
9690 -0.0003423404131006818
9691 -0.0003767940155271185
9692 -0.0004112476179535552
9693 -0.0003246206541737306
9694 -0.0003164182431458859
9695 -0.0003082158321180412
9696 -0.0003619021875328782
9697 -0.0004155885429477163
9698 -0.0004134180804506361
9704 -0.00010820688472457687
9712 -0.00025369978239046955
9713 -0.00022189809219499664
9714 -0.0002524631753531826
9715 -0.00022961140081528605
9716 -0.00022961140081528643
9717 -0.00025600346010989466
9718 -0.00015014767535982714
9730 -0.00022068073757735003
9731 -0.00021175007433941358
9732 -0.00021175007433941366
9733 -0.00027704524372004595
9734 -0.000376794015527117
9735 -0.0004112476179535553
9736 -0.0004112476179535561
9737 -0.0003246206541737306
9738 -0.0001623103270868653
9739 -0.0003164182431458859
9740 -0.0003082158321180412
9741 -0.00030821583211803916
9742 -0.0003619021875328773
9743 -0.0004134180804506372
9755 -0.0003179758325122906
9756 -0.0002573624435080317
9757 -0.00025736244350803213
9758 -0.000257362443508032
9759 -0.00033700948688830445
9760 -0.00011233649562943515
9771 -0.00020912249828226764
9772 -0.00022618649232351552
9773 -0.00022618649232351417
9774 -0.00022618649232351498
9775 -0.00029114540702006184
9776 -0.0003668888744976158
9777 -0.00036688887449761495
9778 -0.0003668888744976161
9779 -0.00010547274771529531
9780 -0.0001623103270868653
9781 -0.00010820688472457687
9783 -0.0001541079160590206
9784 -0.00018399261675633828
9785 -0.0002437620181509756
9786 -0.00038768835283619127
9796 -0.00032941855462886735
9797 -0.00028511348620077715
9798 -0.0002851134862007775
9799 -0.0002863753021156439
9800 -0.0001868618115284788
9812 -0.00026413001416906605
9813 -0.00024062291030761687
9814 -0.00024062291030761535
9815 -0.0002295021028425221
9816 -0.000270455713209551
9817 -0.0003225301310416753
9818 -0.00032253013104167487
9819 -0.00031973900625041076
9825 -0.0003446198943861196
9826 -8.965410209195607e-05
9827 -0.00027580005574850264
9836 -0.0002048440136098815
9837 -0.00028511348620077715
9838 -0.0002863753021156435
9839 -0.00028763711803051167
9852 -0.00026413001416906616
9853 -0.00024062291030761614
9854 -0.0002295021028425212
9855 -0.00021838129537742634
9856 -0.00027045571320955046
9857 -0.00032253013104167487
9858 -0.00031973900625040995
9859 -0.0003169478814591458
9865 -0.00016769794503856438
9866 -0.00018614595365654596
9867 -9.19333519161678e-05
9875 -0.00014255674310038793
9876 -0.0002863753021156429
9877 -0.0002876371180305092
9878 -0.00028763711803051064
9891 -0.00026413001416906453
9892 -0.00022950210284252212
9893 -0.00021838129537742745
9894 -0.00021838129537742745
9895 -0.00027045571320955127
9896 -0.00031973900625040957
9897 -0.0003169478814591454
9898 -0.00015847394072957268
9913 -9.545843403854742e-05
9914 -0.00014381855901525407
9915 -0.00019014995938763127
9916 -0.0002828127601323872
9929 -0.00031608931645303004
9930 -0.00022835440944002412
9931 -0.0002283544094400233
9932 -0.0002283544094400233
9933 -0.00021804875745611675
9934 -0.0002645267974074897
9935 -0.0001410002460456877
9952 -0.0001389942011171317
9953 -0.0002958451836900377
9965 -0.0003167893246328659
9966 -0.00027910210381126973
9967 -0.0002383275235026181
9968 -0.00023832752350261822
9969 -0.00022521661842922608
9970 -0.00010605285667791754
9986 -9.861506123001223e-05
9987 -0.00015685098257290506
9998 -0.00015890922223094105
9999 -0.00031987668411991883
10000 -0.0002791021038112679
10001 -0.00023832752350261838
10002 -0.00015451471397728164
10029 -0.0001599383420599591
10030 -0.0003198766841199182
10031 -0.00027910210381126746
10032 -0.0001191637617513092
10057 -0.00010662556137330605
10058 -0.00015993834205995866
10059 -9.303403460375559e-05
time  1.0e+30 
