         303 ! # of nodes 
        1728           2 ! # of edges , # of node for edges
   6.2500000000000000E-002  0.22916666666666666        0.0000000000000000     
  0.49631077167335108       0.13134582267265260        0.0000000000000000     
  0.22318672839506173       0.34625771604938271        0.0000000000000000     
   6.2500000000000000E-002  0.64583333333333326        0.0000000000000000     
   6.2500000000000000E-002  0.77083333333333326        0.0000000000000000     
  0.19528729513485610       0.97395833333333326        0.0000000000000000     
  0.25801508069294010       0.94675427633977594        0.0000000000000000     
  0.38500721139754290       0.80275763118759014        0.0000000000000000     
  0.71875000000000000       0.28125000000000000        0.0000000000000000     
  0.97916666666666663       0.43750000000000000        0.0000000000000000     
  0.54348618664845483       0.15754548178748234        0.0000000000000000     
  0.20718834436264469        5.3093682916975929E-002   0.0000000000000000     
  0.86506482849666821       0.79240098869491282        0.0000000000000000     
  0.64930555555555547       0.43750000000000000        0.0000000000000000     
  0.51186770726914532       0.96248257569340601        0.0000000000000000     
  0.65007148692810457       0.54632182734204782        0.0000000000000000     
  0.93750000000000000       0.60416666666666663        0.0000000000000000     
   4.5138888888888881E-002  0.90656565656565657        0.0000000000000000     
  0.10416666666666666       0.43750000000000000        0.0000000000000000     
  0.57321400886504892       0.64431089873006719        0.0000000000000000     
  0.15625000000000000       0.20833333333333331        0.0000000000000000     
   6.2500000000000000E-002  0.52083333333333326        0.0000000000000000     
  0.18750000000000000       0.72916666666666663        0.0000000000000000     
   2.0833333333333332E-002  0.81250000000000000        0.0000000000000000     
   6.2500000000000000E-002  0.39583333333333331        0.0000000000000000     
  0.20562401329376440       0.87121341432202293        0.0000000000000000     
   4.5138888888888881E-002  0.85763888888888884        0.0000000000000000     
  0.18442234848484845       0.56036931818181812        0.0000000000000000     
  0.10416666666666666       0.68750000000000000        0.0000000000000000     
  0.23591979742616312       0.20930643376113847        0.0000000000000000     
  0.12422839506172841       0.11612654320987655        0.0000000000000000     
   6.2500000000000000E-002  0.27083333333333331        0.0000000000000000     
  0.14583333333333331       0.31250000000000000        0.0000000000000000     
  0.19783671815890827       0.82590073328853908        0.0000000000000000     
  0.46210108664801886       0.85462090619632569        0.0000000000000000     
  0.15729305478576663       0.94924611935059622        0.0000000000000000     
   6.2500000000000000E-002  0.98642676767676751        0.0000000000000000     
  0.11532738095238095       0.80481150793650791        0.0000000000000000     
  0.16845376907148091       0.89989096062043750        0.0000000000000000     
   2.0833333333333332E-002  0.56250000000000000        0.0000000000000000     
   6.2500000000000000E-002  0.60416666666666663        0.0000000000000000     
  0.10416666666666666       0.56250000000000000        0.0000000000000000     
  0.22172251670055187       0.64896998136315220        0.0000000000000000     
  0.57454275247316100       0.33834081046874931        0.0000000000000000     
  0.18663194444444442       0.51909722222222221        0.0000000000000000     
  0.52419988439256993       0.92511845150116723        0.0000000000000000     
  0.11458333333333333       0.19791666666666666        0.0000000000000000     
   9.7222222222222224E-002  0.15277777777777779        0.0000000000000000     
   2.0833333333333332E-002  0.18750000000000000        0.0000000000000000     
  0.27026863561596831       0.10571645149664222        0.0000000000000000     
   4.5138888888888895E-002  0.14236111111111110        0.0000000000000000     
  0.26351550485647185        5.2660017735503731E-002   0.0000000000000000     
  0.11033950617283950        3.9421997755331090E-002   0.0000000000000000     
   2.0833333333333332E-002   5.5239898989898985E-002   0.0000000000000000     
  0.17283950617283950        2.5848765432098769E-002   0.0000000000000000     
  0.17593834436264469       0.10517701625030926        0.0000000000000000     
  0.42364171717901034        6.9555919507693326E-002   0.0000000000000000     
  0.20466979742616312       0.17805643376113847        0.0000000000000000     
  0.46461647028320219       0.21591033916830921        0.0000000000000000     
  0.31250000000000000       0.23875520637732994        0.0000000000000000     
  0.38892248825501818       0.20076209035981513        0.0000000000000000     
   9.2978395061728406E-002   7.7616442199775537E-002   0.0000000000000000     
  0.18750000000000000       0.23958333333333331        0.0000000000000000     
  0.35093699250213550       0.20721091065332875        0.0000000000000000     
  0.31250000000000000        2.5415100250626571E-002   0.0000000000000000     
  0.31602345659496528       0.13026057162109719        0.0000000000000000     
  0.39810158538845208        3.8181123082644639E-002   0.0000000000000000     
  0.58637470711777284       0.27363490331839047        0.0000000000000000     
  0.27758646409282978       0.20847830680513507        0.0000000000000000     
  0.31602345659496528       0.17693401108113388        0.0000000000000000     
  0.45935896087677419       0.16014430884615619        0.0000000000000000     
  0.68750000000000000        1.5135602952433991E-002   0.0000000000000000     
  0.41446262004557638       0.14880355345153048        0.0000000000000000     
  0.50370767218927637       0.23640552306955009        0.0000000000000000     
  0.35320524455725427       0.10626163163045690        0.0000000000000000     
   2.0833333333333332E-002  0.94476010101010088        0.0000000000000000     
  0.35643491872178545        5.4472594021124754E-002   0.0000000000000000     
  0.39957870968114584       0.11222132780487903        0.0000000000000000     
  0.43750000000000000        9.1236293121464661E-003   0.0000000000000000     
  0.46304013179055820        4.0498425737195157E-002   0.0000000000000000     
   2.0833333333333332E-002  0.31250000000000000        0.0000000000000000     
   6.2500000000000000E-002  0.35416666666666663        0.0000000000000000     
  0.10416666666666666       0.31250000000000000        0.0000000000000000     
  0.15699404761904762       0.79595716023635721        0.0000000000000000     
  0.25719108456613410       0.89336451605862444        0.0000000000000000     
   9.7966269841269840E-002  0.84995039682539675        0.0000000000000000     
  0.28231883148353193       0.54329630061859402        0.0000000000000000     
  0.29189445222475063       0.97279594300644256        0.0000000000000000     
  0.10783909298424385       0.96171455369403047        0.0000000000000000     
  0.12247202949218035       0.88773818284265960        0.0000000000000000     
   2.0833333333333332E-002  0.68750000000000000        0.0000000000000000     
   6.2500000000000000E-002  0.72916666666666663        0.0000000000000000     
  0.21614583333333331       0.43923611111111116        0.0000000000000000     
  0.14930555555555555       0.42013888888888890        0.0000000000000000     
  0.31250000000000000       0.76555642185845785        0.0000000000000000     
  0.30369688075622314       0.87184545019098370        0.0000000000000000     
  0.27000933720652731       0.79549999491063961        0.0000000000000000     
  0.48887963052935568       0.82155932447851510        0.0000000000000000     
  0.40957355829837483       0.95349952640820956        0.0000000000000000     
  0.30346909519813914       0.83127259570966550        0.0000000000000000     
  0.34806006124559197       0.90241108129893011        0.0000000000000000     
  0.42446168108370463       0.91183285974154293        0.0000000000000000     
  0.33543363658731346       0.94997181383323748        0.0000000000000000     
  0.35603918436256282       0.97717587082679480        0.0000000000000000     
  0.18750000000000000       0.76197898563318267        0.0000000000000000     
  0.22834267053986068       0.79192255868536443        0.0000000000000000     
  0.34595975799161183       0.80132902265748385        0.0000000000000000     
  0.38355373180617108       0.88794847162582080        0.0000000000000000     
  0.21818530228263500       0.13238468457934896        0.0000000000000000     
  0.32388117283950618       0.33140432098765432        0.0000000000000000     
  0.18750000000000000       0.27083333333333331        0.0000000000000000     
  0.64542373850086832        4.4826351299340657E-002   0.0000000000000000     
  0.35937500000000000       0.43750000000000000        0.0000000000000000     
  0.17013888888888890       0.35763888888888890        0.0000000000000000     
  0.24054783950617287       0.30111882716049382        0.0000000000000000     
  0.24402006172839508       0.38792438271604945        0.0000000000000000     
  0.58474325848265640       0.12410643713043118        0.0000000000000000     
   2.0833333333333332E-002  0.43750000000000000        0.0000000000000000     
   6.2500000000000000E-002  0.47916666666666663        0.0000000000000000     
  0.24042516821570337       0.69276732984800060        0.0000000000000000     
   9.0477981873132746E-002  0.92352010924958594        0.0000000000000000     
  0.33254031533633005       0.65110066318133408        0.0000000000000000     
  0.16879734848484845       0.64370265151515149        0.0000000000000000     
  0.14583333333333331       0.68750000000000000        0.0000000000000000     
  0.14796401515151514       0.58120265151515149        0.0000000000000000     
  0.48316017425983954       0.49332819864444299        0.0000000000000000     
  0.32919383148353193       0.52246296728526076        0.0000000000000000     
  0.23734751670055187       0.60730331469648557        0.0000000000000000     
  0.28314442808381629       0.58860066318133408        0.0000000000000000     
  0.29087364866966336       0.69276732984800060        0.0000000000000000     
  0.23873151605986345       0.52072685617414960        0.0000000000000000     
  0.28647457161541900       0.45996296728526076        0.0000000000000000     
  0.36042759320144624       0.56250000000000000        0.0000000000000000     
  0.33001942808381629       0.60943399651466734        0.0000000000000000     
  0.36294848045396000       0.68750000000000000        0.0000000000000000     
  0.32128181378729337       0.72916666666666663        0.0000000000000000     
  0.40102444565148582       0.68750000000000000        0.0000000000000000     
  0.62850794440521751       0.78234986941317142        0.0000000000000000     
   4.5138888888888895E-002   9.3434343434343425E-002   0.0000000000000000     
   6.2500000000000000E-002   1.3573232323232324E-002   0.0000000000000000     
  0.32814123828208563       0.48079630061859407        0.0000000000000000     
  0.28742283950617287       0.40528549382716045        0.0000000000000000     
  0.28221450617283950       0.28973765432098764        0.0000000000000000     
  0.32908950617283950       0.38445216049382713        0.0000000000000000     
  0.31250000000000000       0.25945216049382713        0.0000000000000000     
  0.35416666666666663       0.30111882716049382        0.0000000000000000     
  0.42852710948267125       0.36409480314100795        0.0000000000000000     
  0.46090523239075021       0.75475678200408702        0.0000000000000000     
  0.38686044281600457       0.31250000000000000        0.0000000000000000     
  0.42294980361653556       0.23611387949768470        0.0000000000000000     
  0.54562557775795206       0.20683915186222679        0.0000000000000000     
  0.46206949369400241       0.30048163721595100        0.0000000000000000     
  0.43750253861162103       0.41072887076011499        0.0000000000000000     
  0.64583333333333326       0.29166666666666663        0.0000000000000000     
  0.52860555582581814       0.43991333675201150        0.0000000000000000     
  0.60794792017759947       0.43750000000000000        0.0000000000000000     
  0.61346467612548272       0.31250000000000000        0.0000000000000000     
  0.54441140968101165       0.36910228027642394        0.0000000000000000     
  0.50645241520362128       0.28244987386767484        0.0000000000000000     
  0.41765808401299076       0.27464082674720169        0.0000000000000000     
  0.54745278346545123       0.29947571378713977        0.0000000000000000     
  0.47293851916368285       0.34826894694309063        0.0000000000000000     
  0.82874319504611216        8.1751777633929185E-002   0.0000000000000000     
  0.63747717122296643       0.14152134988089371        0.0000000000000000     
  0.49631077167335108        6.8216029668694750E-002   0.0000000000000000     
  0.53327063988279289        5.0328050423712467E-002   0.0000000000000000     
  0.66933788595643606       0.22092281266077524        0.0000000000000000     
  0.63788676605543138       0.19516393486732037        0.0000000000000000     
  0.57452771171699457        8.0018798770619140E-002   0.0000000000000000     
  0.58729224442461869       0.22704269219160228        0.0000000000000000     
  0.76347391618468130        4.9995447682127832E-002   0.0000000000000000     
  0.77018690898345155       0.35739878841607564        0.0000000000000000     
  0.68240220730865231       0.11781394395519143        0.0000000000000000     
  0.93617448019419602        6.6102710683537458E-002   0.0000000000000000     
  0.79486099098420127       0.22779399086781463        0.0000000000000000     
  0.67973098801888288        7.8693400913516842E-002   0.0000000000000000     
  0.72767279312531863       0.14925051980943274        0.0000000000000000     
  0.71419887694063733       0.19871680352858989        0.0000000000000000     
  0.85156250000000000       0.31510416666666663        0.0000000000000000     
  0.68055555555555547       0.38541666666666663        0.0000000000000000     
  0.75781250000000000       0.30468750000000000        0.0000000000000000     
  0.72180724951801456        4.9002652566610183E-002   0.0000000000000000     
  0.76019137096547440       0.13666104048199082        0.0000000000000000     
  0.80462731649357200       0.15935240728597583        0.0000000000000000     
  0.73236099098420127       0.22779399086781463        0.0000000000000000     
  0.67437704248366004       0.48382182734204787        0.0000000000000000     
  0.67708333333333326       0.32291666666666663        0.0000000000000000     
  0.73459663120567376       0.39646128841607564        0.0000000000000000     
  0.93750000000000000       0.47916666666666663        0.0000000000000000     
  0.89583333333333326       0.31250000000000000        0.0000000000000000     
  0.72705092105437763       0.48161053658302011        0.0000000000000000     
  0.24393984939319679       0.47906018950748291        0.0000000000000000     
  0.82773452238052658       0.51437884775446130        0.0000000000000000     
  0.83683462194318481       0.40687795508274227        0.0000000000000000     
  0.74441203216548879       0.52646007362005709        0.0000000000000000     
  0.80989583333333326       0.27343750000000000        0.0000000000000000     
  0.82227024231678492       0.36781545508274227        0.0000000000000000     
  0.75602050977639135       0.44633333099038108        0.0000000000000000     
  0.71575374222975185       0.56902500880094575        0.0000000000000000     
  0.80617516718056925       0.44633333099038108        0.0000000000000000     
  0.83493459932019731       0.59729742735721081        0.0000000000000000     
  0.84423149516333496       0.82851509838042514        0.0000000000000000     
  0.50041907403676222       0.71896761593708880        0.0000000000000000     
  0.86612687962639989       0.43750000000000000        0.0000000000000000     
  0.83546742486378434       0.47695537590763881        0.0000000000000000     
  0.56250000000000000        1.3486817180066413E-002   0.0000000000000000     
  0.60375707183420169        4.3177565526973084E-002   0.0000000000000000     
  0.77138954414536909       0.64189426659891602        0.0000000000000000     
  0.68750000000000000       0.73344156663295312        0.0000000000000000     
  0.66984892196831392       0.64879521105481408        0.0000000000000000     
  0.75055621081203583       0.60341047030261963        0.0000000000000000     
  0.67408707556308523       0.58667547176390877        0.0000000000000000     
  0.89583333333333326       0.56250000000000000        0.0000000000000000     
  0.17447916666666666       0.46006944444444448        0.0000000000000000     
  0.85416666666666663       0.68750000000000000        0.0000000000000000     
  0.39989533418287271       0.84442429785425688        0.0000000000000000     
  0.41923856572408358       0.74615169705523088        0.0000000000000000     
  0.44199713243081568       0.55340464277512635        0.0000000000000000     
  0.58206923945716071       0.75248421821867262        0.0000000000000000     
  0.48350762522874058       0.63731074643596164        0.0000000000000000     
  0.59939462838527646       0.68952919765489940        0.0000000000000000     
  0.74957603526204908       0.84413893882741275        0.0000000000000000     
  0.75000000000000000       0.71260823329961975        0.0000000000000000     
  0.55241902745767457       0.48743783293184473        0.0000000000000000     
  0.56628125351093284       0.40576146980767464        0.0000000000000000     
  0.58096618544496215       0.59556766706267572        0.0000000000000000     
  0.42635491141563486       0.64086237869412721        0.0000000000000000     
  0.59009472514278927       0.49495263265417455        0.0000000000000000     
  0.43750253861162103       0.50084299836677282        0.0000000000000000     
  0.39583587194495440       0.44246740095244036        0.0000000000000000     
  0.48316017425983954       0.44488073770445191        0.0000000000000000     
  0.51590512118320131       0.66514423206340045        0.0000000000000000     
  0.53929951877829552       0.57060993114367486        0.0000000000000000     
  0.52780444061340837       0.52498009701284387        0.0000000000000000     
  0.60714680496518980       0.55745263265417455        0.0000000000000000     
  0.40033046576414899       0.57836237869412721        0.0000000000000000     
  0.49914984624392145       0.59151967718362741        0.0000000000000000     
  0.89124319504611216       0.20587262387418548        0.0000000000000000     
  0.77783037998127302        9.1662114348794482E-002   0.0000000000000000     
  0.64583333333333326       0.69177489996628649        0.0000000000000000     
  0.93750000000000000       0.35416666666666663        0.0000000000000000     
  0.73234892196831392       0.66962854438814734        0.0000000000000000     
  0.78606785571385995       0.53839505145816491        0.0000000000000000     
  0.81250000000000000       0.72916666666666663        0.0000000000000000     
  0.83070728884372169       0.64320728884372169        0.0000000000000000     
  0.85839397714314236       0.55825680518015575        0.0000000000000000     
  0.79326793265353079       0.57964696439424790        0.0000000000000000     
  0.97916666666666663       0.68750000000000000        0.0000000000000000     
  0.88991767524030829       0.12266112710169866        0.0000000000000000     
  0.77152939141464572       0.94460044809050869        0.0000000000000000     
  0.95833333333333326       0.25348087412269094        0.0000000000000000     
  0.81250000000000000        1.6128398067951639E-002   0.0000000000000000     
  0.85605339791618706        4.0085110967262527E-002   0.0000000000000000     
  0.91855339791618706        2.3956712899310884E-002   0.0000000000000000     
  0.97595441561134222        8.3812664450893221E-002   0.0000000000000000     
  0.97916666666666663       0.31250000000000000        0.0000000000000000     
  0.91666666666666663       0.25348087412269094        0.0000000000000000     
  0.93750000000000000       0.39583333333333331        0.0000000000000000     
  0.89583333333333326       0.43750000000000000        0.0000000000000000     
  0.53667345486197549       0.82586264798705744        0.0000000000000000     
  0.62632118543330439       0.85539345249167076        0.0000000000000000     
  0.44936770726914538       0.97632365558141476        0.0000000000000000     
  0.47658800717789984       0.89729286472250946        0.0000000000000000     
  0.54040257279049408       0.76108930316752876        0.0000000000000000     
  0.64934127773855088       0.81699919753002492        0.0000000000000000     
  0.81250000000000000       0.76204793843981333        0.0000000000000000     
  0.64541253751837024       0.94548232777570096        0.0000000000000000     
  0.68750000000000000       0.76106151551606482        0.0000000000000000     
  0.60197990769475340       0.95228135725636831        0.0000000000000000     
  0.70833333333333326       0.79571084363291833        0.0000000000000000     
  0.95833333333333326       0.73881952708574394        0.0000000000000000     
  0.73050866508566581       0.94346822956873622        0.0000000000000000     
  0.57264541815151138       0.91491723306412975        0.0000000000000000     
  0.56250000000000000       0.98615892011199113        0.0000000000000000     
  0.57615336255672900       0.86671333351591184        0.0000000000000000     
  0.66624587085170361       0.89679832255922109        0.0000000000000000     
  0.70967533175233255       0.89478422435225635        0.0000000000000000     
  0.68926596315695010       0.97935989063132356        0.0000000000000000     
  0.75000000000000000       0.79669726655666673        0.0000000000000000     
  0.84094606113862602       0.90699741975411041        0.0000000000000000     
  0.93750000000000000       0.64583333333333326        0.0000000000000000     
  0.89583333333333326       0.68750000000000000        0.0000000000000000     
  0.97916666666666663       0.56250000000000000        0.0000000000000000     
  0.93750000000000000       0.52083333333333326        0.0000000000000000     
  0.83193751936364679       0.20101907395264251        0.0000000000000000     
  0.84498639009222443       0.12218179598413875        0.0000000000000000     
  0.97916666666666663       0.19098087412269094        0.0000000000000000     
  0.95512108227800896       0.14979353857358416        0.0000000000000000     
  0.90886427732412112       0.16468528832507870        0.0000000000000000     
  0.94839816183000158       0.83167257734084343        0.0000000000000000     
  0.79124270192871571       0.84560372039607157        0.0000000000000000     
  0.81362002281926327       0.98049210915309626        0.0000000000000000     
  0.86177939447195939       0.95421664340193146        0.0000000000000000     
  0.90673149516333496       0.79000591067417680        0.0000000000000000     
  0.79236272474797897       0.89738122444268775        0.0000000000000000     
  0.91132111733053933       0.95289120091550195        0.0000000000000000     
  0.91666666666666663       0.73881952708574394        0.0000000000000000     
  0.97916666666666663       0.80131952708574394        0.0000000000000000     
  0.87155753348269771       0.87352502752278050        0.0000000000000000     
  0.95739324084117805       0.88451971692176612        0.0000000000000000     
  0.92221927916054081       0.89991091783726818        0.0000000000000000     
  0.98816174567784310       0.93750000000000000        0.0000000000000000     
  0.94649507901117647       0.97916666666666663        0.0000000000000000     
           1          21           1
           1          32           2
           1          33           3
           1          47           4
           1          48           5
           1          49           6
           1          51           7
           1          63           8
           1          81           9
           1          83          10
           1         111          11
           2          11          12
           2          57          13
           2          59          14
           2          71          15
           2          73          16
           2          74          17
           2          78          18
           2          80          19
           2         117          20
           2         151          21
           2         165          22
           2         166          23
           2         169          24
           3          33          25
           3          93          26
           3          94          27
           3         110          28
           3         111          29
           3         114          30
           3         115          31
           3         116          32
           3         142          33
           3         143          34
           3         144          35
           3         214          36
           4          29          37
           4          40          38
           4          41          39
           4          42          40
           4          91          41
           4          92          42
           4         123          43
           4         124          44
           4         125          45
           5          23          46
           5          24          47
           5          27          48
           5          29          49
           5          38          50
           5          84          51
           5          86          52
           5          91          53
           5          92          54
           5         105          55
           5         124          56
           6           7          57
           6          26          58
           6          36          59
           6          37          60
           6          39          61
           6          85          62
           6          88          63
           6          89          64
           7          26          65
           7          36          66
           7          39          67
           7          85          68
           7          88          69
           7          96          70
           7         101          71
           7         103          72
           8          35          73
           8          95          74
           8          96          75
           8          98          76
           8         100          77
           8         101          78
           8         107          79
           8         108          80
           8         135          81
           8         136          82
           8         137          83
           8         148          84
           8         216          85
           8         217          86
           9         154          87
           9         167          88
           9         172          89
           9         175          90
           9         178          91
           9         180          92
           9         181          93
           9         185          94
           9         187          95
           9         188          96
           9         196          97
          10         189          98
          10         241          99
          10         256         100
          10         258         101
          10         259         102
          10         283         103
          10         284         104
          11          59         105
          11          71         106
          11          74         107
          11         117         108
          11         151         109
          11         164         110
          11         165         111
          11         166         112
          11         168         113
          11         169         114
          11         170         115
          12          31         116
          12          50         117
          12          52         118
          12          53         119
          12          55         120
          12          56         121
          12          62         122
          12          65         123
          12         109         124
          13         202         125
          13         215         126
          13         222         127
          13         244         128
          13         266         129
          13         279         130
          13         282         131
          13         290         132
          13         291         133
          13         294         134
          13         297         135
          13         299         136
          13         300         137
          13         301         138
          14          16         139
          14          44         140
          14         154         141
          14         156         142
          14         157         143
          14         158         144
          14         180         145
          14         186         146
          14         187         147
          14         188         148
          14         191         149
          14         198         150
          14         225         151
          14         228         152
          14         235         153
          15          46         154
          15          99         155
          15         102         156
          15         262         157
          15         263         158
          15         269         159
          15         273         160
          15         274         161
          16          20         162
          16         156         163
          16         186         164
          16         191         165
          16         195         166
          16         199         167
          16         210         168
          16         212         169
          16         221         170
          16         226         171
          16         228         172
          16         235         173
          16         240         174
          17         201         175
          17         213         176
          17         215         177
          17         245         178
          17         246         179
          17         248         180
          17         281         181
          17         282         182
          17         283         183
          17         284         184
          18          24         185
          18          27         186
          18          37         187
          18          76         188
          18          86         189
          18          89         190
          18          90         191
          18         121         192
          19          22         193
          19          25         194
          19          28         195
          19          33         196
          19          42         197
          19          45         198
          19          82         199
          19          83         200
          19          94         201
          19         114         202
          19         118         203
          19         119         204
          19         125         205
          19         214         206
          20         203         207
          20         210         208
          20         212         209
          20         219         210
          20         220         211
          20         221         212
          20         226         213
          20         232         214
          20         233         215
          20         235         216
          20         237         217
          20         240         218
          20         264         219
          21          30         220
          21          31         221
          21          32         222
          21          33         223
          21          47         224
          21          48         225
          21          56         226
          21          58         227
          21          63         228
          21          83         229
          21         109         230
          21         111         231
          22          28         232
          22          40         233
          22          41         234
          22          42         235
          22          45         236
          22          94         237
          22         118         238
          22         119         239
          22         125         240
          22         214         241
          23          29         242
          23          38         243
          23          43         244
          23          84         245
          23          92         246
          23          95         247
          23          97         248
          23         105         249
          23         106         250
          23         120         251
          23         123         252
          23         124         253
          23         130         254
          23         136         255
          24          27         256
          24          38         257
          24          76         258
          24          86         259
          24          91         260
          24          92         261
          25          33         262
          25          81         263
          25          82         264
          25          83         265
          25          94         266
          25         114         267
          25         118         268
          25         119         269
          26          34         270
          26          36         271
          26          38         272
          26          39         273
          26          84         274
          26          85         275
          26          86         276
          26          90         277
          26          96         278
          26          97         279
          26         100         280
          26         106         281
          27          38         282
          27          76         283
          27          86         284
          27          90         285
          27         121         286
          28          42         287
          28          43         288
          28          45         289
          28          87         290
          28          94         291
          28         119         292
          28         123         293
          28         125         294
          28         128         295
          28         129         296
          28         131         297
          28         214         298
          29          38         299
          29          41         300
          29          42         301
          29          84         302
          29          91         303
          29          92         304
          29         105         305
          29         123         306
          29         124         307
          29         125         308
          30          50         309
          30          58         310
          30          60         311
          30          63         312
          30          66         313
          30          69         314
          30          70         315
          30         109         316
          30         111         317
          30         115         318
          30         143         319
          30         145         320
          31          47         321
          31          48         322
          31          51         323
          31          53         324
          31          55         325
          31          56         326
          31          58         327
          31          62         328
          31         109         329
          31         139         330
          32          33         331
          32          47         332
          32          49         333
          32          63         334
          32          81         335
          32          82         336
          32          83         337
          32         111         338
          33          47         339
          33          63         340
          33          82         341
          33          83         342
          33          94         343
          33         111         344
          33         114         345
          33         115         346
          34          38         347
          34          39         348
          34          84         349
          34          85         350
          34          86         351
          34          90         352
          34          96         353
          34          97         354
          34         100         355
          34         105         356
          34         106         357
          35          46         358
          35          98         359
          35         102         360
          35         108         361
          35         148         362
          35         216         363
          35         217         364
          35         260         365
          35         263         366
          35         273         367
          35         275         368
          36          37         369
          36          39         370
          36          85         371
          36          89         372
          36          90         373
          36         121         374
          37          76         375
          37          89         376
          37         121         377
          38          39         378
          38          84         379
          38          86         380
          38          90         381
          38          92         382
          38         105         383
          38         124         384
          39          84         385
          39          85         386
          39          86         387
          39          89         388
          39          90         389
          39         121         390
          40          41         391
          40          42         392
          40          91         393
          40         118         394
          40         119         395
          41          42         396
          41          91         397
          41         123         398
          41         124         399
          41         125         400
          42          45         401
          42          94         402
          42         119         403
          42         123         404
          42         124         405
          42         125         406
          42         214         407
          43         120         408
          43         122         409
          43         123         410
          43         124         411
          43         125         412
          43         128         413
          43         129         414
          43         130         415
          43         134         416
          44          68         417
          44         152         418
          44         154         419
          44         156         420
          44         157         421
          44         158         422
          44         159         423
          44         161         424
          44         162         425
          44         180         426
          44         187         427
          44         225         428
          45          87         429
          45          93         430
          45          94         431
          45         119         432
          45         125         433
          45         128         434
          45         129         435
          45         131         436
          45         192         437
          45         214         438
          46          98         439
          46          99         440
          46         102         441
          46         260         442
          46         262         443
          46         263         444
          46         269         445
          46         273         446
          46         274         447
          46         275         448
          47          48         449
          47          49         450
          47          51         451
          47          56         452
          47          58         453
          47          63         454
          47          83         455
          47         109         456
          47         111         457
          48          49         458
          48          51         459
          48          56         460
          48          58         461
          48          62         462
          48         109         463
          48         139         464
          49          51         465
          49          54         466
          49          81         467
          49         139         468
          50          52         469
          50          56         470
          50          58         471
          50          65         472
          50          66         473
          50          69         474
          50          70         475
          50          75         476
          50          77         477
          50         109         478
          51          54         479
          51          62         480
          51         139         481
          52          55         482
          52          56         483
          52          65         484
          52          66         485
          52          75         486
          52          77         487
          52         109         488
          53          54         489
          53          55         490
          53          56         491
          53          62         492
          53         139         493
          53         140         494
          54          62         495
          54         139         496
          54         140         497
          55          56         498
          55          62         499
          55          65         500
          55         140         501
          56          58         502
          56          62         503
          56         109         504
          57          67         505
          57          71         506
          57          73         507
          57          75         508
          57          77         509
          57          78         510
          57          79         511
          57          80         512
          57         165         513
          58          63         514
          58          66         515
          58          69         516
          58          70         517
          58         109         518
          59          61         519
          59          71         520
          59          73         521
          59          74         522
          59         150         523
          59         151         524
          59         152         525
          59         159         526
          59         160         527
          60          61         528
          60          63         529
          60          64         530
          60          69         531
          60          70         532
          60         111         533
          60         115         534
          60         143         535
          60         145         536
          60         146         537
          60         149         538
          60         150         539
          60         160         540
          61          64         541
          61          66         542
          61          70         543
          61          71         544
          61          73         545
          61          75         546
          61          78         547
          61         145         548
          61         146         549
          61         149         550
          61         150         551
          61         160         552
          62         139         553
          62         140         554
          63          69         555
          63          83         556
          63         111         557
          63         115         558
          63         143         559
          63         145         560
          64          66         561
          64          69         562
          64          70         563
          64          73         564
          64          75         565
          64          78         566
          64         145         567
          64         146         568
          64         149         569
          64         150         570
          64         160         571
          65          66         572
          65          67         573
          65          75         574
          65          77         575
          65          79         576
          66          69         577
          66          70         578
          66          73         579
          66          75         580
          66          77         581
          66          78         582
          66         109         583
          67          75         584
          67          77         585
          67          78         586
          67          79         587
          67          80         588
          68          74         589
          68         151         590
          68         154         591
          68         157         592
          68         159         593
          68         161         594
          68         167         595
          68         168         596
          68         170         597
          69          70         598
          69         109         599
          69         111         600
          69         115         601
          69         143         602
          69         145         603
          70          73         604
          70          75         605
          70          78         606
          70         109         607
          71          73         608
          71          74         609
          71          78         610
          71          80         611
          71         150         612
          71         151         613
          71         165         614
          72         112         615
          72         171         616
          72         176         617
          72         182         618
          72         206         619
          72         207         620
          72         252         621
          73          75         622
          73          78         623
          73          80         624
          73         150         625
          73         165         626
          74         150         627
          74         151         628
          74         152         629
          74         159         630
          74         160         631
          74         161         632
          74         170         633
          75          77         634
          75          78         635
          76          89         636
          76         121         637
          77          78         638
          77          79         639
          78          80         640
          78         165         641
          79          80         642
          79         165         643
          79         166         644
          79         206         645
          80         165         646
          80         166         647
          80         206         648
          81          82         649
          81          83         650
          81         118         651
          82          83         652
          82          94         653
          82         114         654
          82         118         655
          83          94         656
          83         111         657
          83         114         658
          84          86         659
          84          90         660
          84          92         661
          84         105         662
          84         106         663
          84         124         664
          85          88         665
          85          96         666
          85          97         667
          85         100         668
          85         101         669
          85         103         670
          85         106         671
          86          90         672
          86         121         673
          87         127         674
          87         128         675
          87         129         676
          87         131         677
          87         132         678
          87         133         679
          87         134         680
          87         141         681
          87         192         682
          88          96         683
          88         101         684
          88         103         685
          88         104         686
          89          90         687
          89         121         688
          90         121         689
          91          92         690
          92         105         691
          92         124         692
          93          94         693
          93         114         694
          93         116         695
          93         131         696
          93         132         697
          93         142         698
          93         192         699
          93         214         700
          94         114         701
          94         116         702
          94         119         703
          94         125         704
          94         214         705
          95          97         706
          95         100         707
          95         105         708
          95         106         709
          95         107         710
          95         120         711
          95         130         712
          95         135         713
          95         136         714
          95         137         715
          95         217         716
          96          97         717
          96         100         718
          96         101         719
          96         103         720
          96         106         721
          96         107         722
          96         108         723
          96         216         724
          97         100         725
          97         105         726
          97         106         727
          97         107         728
          97         120         729
          97         130         730
          97         136         731
          98         148         732
          98         203         733
          98         216         734
          98         217         735
          98         260         736
          98         263         737
          98         264         738
          98         273         739
          98         275         740
          99         101         741
          99         102         742
          99         103         743
          99         104         744
          99         108         745
          99         262         746
          99         263         747
         100         101         748
         100         106         749
         100         107         750
         100         108         751
         100         216         752
         101         102         753
         101         103         754
         101         104         755
         101         107         756
         101         108         757
         101         216         758
         102         103         759
         102         104         760
         102         108         761
         102         216         762
         102         262         763
         102         263         764
         103         104         765
         103         108         766
         104         108         767
         104         262         768
         105         106         769
         105         120         770
         105         124         771
         105         130         772
         105         136         773
         106         120         774
         106         130         775
         106         136         776
         107         108         777
         107         135         778
         107         136         779
         107         137         780
         107         216         781
         107         217         782
         108         216         783
         108         263         784
         110         113         785
         110         115         786
         110         116         787
         110         142         788
         110         143         789
         110         144         790
         110         145         791
         110         146         792
         110         147         793
         110         149         794
         110         153         795
         110         230         796
         111         114         797
         111         115         798
         111         143         799
         111         145         800
         112         117         801
         112         164         802
         112         169         803
         112         173         804
         112         176         805
         112         182         806
         112         206         807
         112         207         808
         113         127         809
         113         132         810
         113         133         811
         113         141         812
         113         142         813
         113         144         814
         113         146         815
         113         147         816
         113         149         817
         113         153         818
         113         218         819
         113         229         820
         113         230         821
         113         236         822
         114         115         823
         114         116         824
         114         214         825
         115         116         826
         115         142         827
         115         143         828
         115         144         829
         115         145         830
         116         132         831
         116         142         832
         116         143         833
         116         144         834
         116         192         835
         116         214         836
         117         151         837
         117         164         838
         117         165         839
         117         166         840
         117         168         841
         117         169         842
         117         170         843
         117         173         844
         117         176         845
         117         207         846
         118         119         847
         119         125         848
         119         214         849
         120         122         850
         120         123         851
         120         124         852
         120         128         853
         120         129         854
         120         130         855
         120         134         856
         120         136         857
         122         128         858
         122         129         859
         122         130         860
         122         133         861
         122         134         862
         122         135         863
         122         136         864
         122         137         865
         122         227         866
         122         236         867
         123         124         868
         123         125         869
         123         128         870
         124         125         871
         125         128         872
         125         214         873
         126         153         874
         126         155         875
         126         218         876
         126         224         877
         126         229         878
         126         230         879
         126         231         880
         126         233         881
         126         234         882
         126         237         883
         127         129         884
         127         131         885
         127         132         886
         127         133         887
         127         134         888
         127         141         889
         127         192         890
         127         218         891
         127         229         892
         127         230         893
         127         236         894
         128         129         895
         128         130         896
         128         131         897
         128         134         898
         129         130         899
         129         131         900
         129         133         901
         129         134         902
         130         134         903
         130         135         904
         130         136         905
         131         132         906
         131         141         907
         131         192         908
         131         214         909
         132         141         910
         132         142         911
         132         144         912
         132         192         913
         133         134         914
         133         135         915
         133         137         916
         133         141         917
         133         218         918
         133         227         919
         133         229         920
         133         230         921
         133         236         922
         134         135         923
         134         137         924
         134         227         925
         134         236         926
         135         136         927
         135         137         928
         135         217         929
         135         227         930
         135         236         931
         136         137         932
         136         217         933
         137         148         934
         137         203         935
         137         217         936
         137         220         937
         137         227         938
         137         232         939
         137         236         940
         138         209         941
         138         219         942
         138         221         943
         138         240         944
         138         260         945
         138         261         946
         138         264         947
         138         265         948
         138         268         949
         138         270         950
         138         275         951
         139         140         952
         141         142         953
         141         144         954
         141         192         955
         141         218         956
         141         229         957
         141         230         958
         141         236         959
         142         143         960
         142         144         961
         142         192         962
         143         144         963
         143         145         964
         143         146         965
         144         146         966
         144         147         967
         144         149         968
         144         153         969
         144         230         970
         145         146         971
         145         149         972
         145         150         973
         145         160         974
         146         147         975
         146         149         976
         146         150         977
         146         153         978
         146         160         979
         146         230         980
         147         149         981
         147         152         982
         147         153         983
         147         155         984
         147         158         985
         147         160         986
         147         162         987
         147         225         988
         147         230         989
         147         231         990
         148         203         991
         148         216         992
         148         217         993
         148         220         994
         148         227         995
         148         232         996
         148         260         997
         148         264         998
         149         150         999
         149         152        1000
         149         153        1001
         149         160        1002
         149         162        1003
         149         230        1004
         150         152        1005
         150         159        1006
         150         160        1007
         151         159        1008
         151         161        1009
         151         164        1010
         151         168        1011
         151         170        1012
         152         158        1013
         152         159        1014
         152         160        1015
         152         161        1016
         152         162        1017
         153         155        1018
         153         158        1019
         153         162        1020
         153         225        1021
         153         229        1022
         153         230        1023
         153         231        1024
         154         156        1025
         154         157        1026
         154         158        1027
         154         167        1028
         154         168        1029
         154         170        1030
         154         178        1031
         154         180        1032
         154         185        1033
         154         187        1034
         154         225        1035
         155         156        1036
         155         158        1037
         155         162        1038
         155         224        1039
         155         225        1040
         155         228        1041
         155         231        1042
         155         234        1043
         156         157        1044
         156         158        1045
         156         180        1046
         156         186        1047
         156         187        1048
         156         224        1049
         156         225        1050
         156         228        1051
         156         235        1052
         157         158        1053
         157         161        1054
         157         167        1055
         157         168        1056
         157         170        1057
         157         180        1058
         157         187        1059
         157         225        1060
         158         159        1061
         158         161        1062
         158         162        1063
         158         180        1064
         158         187        1065
         158         225        1066
         158         231        1067
         159         160        1068
         159         161        1069
         159         162        1070
         159         170        1071
         160         162        1072
         161         162        1073
         161         170        1074
         162         225        1075
         162         231        1076
         163         171        1077
         163         174        1078
         163         183        1079
         163         184        1080
         163         239        1081
         163         249        1082
         163         252        1083
         163         253        1084
         163         254        1085
         163         286        1086
         164         167        1087
         164         168        1088
         164         169        1089
         164         170        1090
         164         173        1091
         164         176        1092
         164         177        1093
         164         178        1094
         164         207        1095
         165         166        1096
         165         169        1097
         165         206        1098
         166         169        1099
         166         206        1100
         166         207        1101
         167         168        1102
         167         170        1103
         167         173        1104
         167         177        1105
         167         178        1106
         167         185        1107
         167         187        1108
         168         170        1109
         168         173        1110
         168         177        1111
         168         178        1112
         169         173        1113
         169         176        1114
         169         206        1115
         169         207        1116
         171         173        1117
         171         176        1118
         171         177        1119
         171         182        1120
         171         183        1121
         171         239        1122
         171         252        1123
         171         253        1124
         172         179        1125
         172         180        1126
         172         181        1127
         172         187        1128
         172         188        1129
         172         194        1130
         172         196        1131
         172         197        1132
         172         198        1133
         172         200        1134
         173         176        1135
         173         177        1136
         173         178        1137
         173         182        1138
         173         183        1139
         173         207        1140
         173         239        1141
         174         249        1142
         174         253        1143
         174         254        1144
         174         255        1145
         174         286        1146
         174         288        1147
         174         289        1148
         175         177        1149
         175         178        1150
         175         179        1151
         175         181        1152
         175         183        1153
         175         184        1154
         175         185        1155
         175         190        1156
         175         196        1157
         175         238        1158
         175         257        1159
         175         285        1160
         176         177        1161
         176         182        1162
         176         183        1163
         176         207        1164
         176         239        1165
         177         178        1166
         177         182        1167
         177         183        1168
         177         184        1169
         177         185        1170
         177         239        1171
         177         285        1172
         178         183        1173
         178         184        1174
         178         185        1175
         178         187        1176
         178         285        1177
         179         181        1178
         179         190        1179
         179         194        1180
         179         196        1181
         179         197        1182
         179         204        1183
         179         238        1184
         179         241        1185
         179         257        1186
         179         258        1187
         179         259        1188
         179         285        1189
         180         181        1190
         180         186        1191
         180         187        1192
         180         188        1193
         180         191        1194
         180         198        1195
         180         225        1196
         181         185        1197
         181         187        1198
         181         188        1199
         181         196        1200
         181         197        1201
         182         183        1202
         182         239        1203
         182         252        1204
         183         184        1205
         183         185        1206
         183         239        1207
         183         285        1208
         183         286        1209
         184         185        1210
         184         238        1211
         184         239        1212
         184         249        1213
         184         285        1214
         184         286        1215
         184         289        1216
         185         187        1217
         185         196        1218
         185         285        1219
         186         188        1220
         186         191        1221
         186         195        1222
         186         198        1223
         186         199        1224
         186         212        1225
         186         228        1226
         186         235        1227
         187         188        1228
         187         225        1229
         188         191        1230
         188         194        1231
         188         197        1232
         188         198        1233
         188         200        1234
         189         193        1235
         189         204        1236
         189         205        1237
         189         213        1238
         189         246        1239
         189         258        1240
         189         259        1241
         189         283        1242
         189         284        1243
         190         194        1244
         190         196        1245
         190         197        1246
         190         204        1247
         190         238        1248
         190         241        1249
         190         251        1250
         190         256        1251
         190         257        1252
         190         258        1253
         190         259        1254
         190         285        1255
         191         193        1256
         191         195        1257
         191         198        1258
         191         199        1259
         191         200        1260
         191         205        1261
         191         212        1262
         191         243        1263
         192         214        1264
         193         195        1265
         193         198        1266
         193         200        1267
         193         201        1268
         193         204        1269
         193         205        1270
         193         213        1271
         193         243        1272
         193         246        1273
         193         247        1274
         193         259        1275
         193         284        1276
         194         197        1277
         194         198        1278
         194         200        1279
         194         204        1280
         194         205        1281
         194         241        1282
         194         258        1283
         194         259        1284
         195         198        1285
         195         199        1286
         195         200        1287
         195         205        1288
         195         211        1289
         195         212        1290
         195         243        1291
         195         247        1292
         196         197        1293
         196         238        1294
         196         257        1295
         196         285        1296
         197         198        1297
         197         200        1298
         197         204        1299
         197         241        1300
         197         258        1301
         197         259        1302
         198         200        1303
         198         205        1304
         198         243        1305
         199         208        1306
         199         210        1307
         199         211        1308
         199         212        1309
         199         242        1310
         199         243        1311
         199         247        1312
         200         204        1313
         200         205        1314
         200         243        1315
         201         208        1316
         201         211        1317
         201         213        1318
         201         215        1319
         201         243        1320
         201         245        1321
         201         246        1322
         201         247        1323
         201         281        1324
         201         282        1325
         202         222        1326
         202         266        1327
         202         279        1328
         202         280        1329
         202         290        1330
         202         291        1331
         202         294        1332
         202         295        1333
         202         299        1334
         202         300        1335
         202         301        1336
         203         217        1337
         203         219        1338
         203         220        1339
         203         221        1340
         203         227        1341
         203         232        1342
         203         260        1343
         203         264        1344
         204         205        1345
         204         213        1346
         204         241        1347
         204         246        1348
         204         258        1349
         204         259        1350
         204         284        1351
         205         213        1352
         205         243        1353
         205         246        1354
         205         259        1355
         205         284        1356
         206         207        1357
         208         210        1358
         208         211        1359
         208         212        1360
         208         215        1361
         208         223        1362
         208         242        1363
         208         244        1364
         208         245        1365
         208         247        1366
         209         210        1367
         209         219        1368
         209         221        1369
         209         223        1370
         209         240        1371
         209         242        1372
         209         244        1373
         209         266        1374
         209         268        1375
         209         270        1376
         209         279        1377
         210         211        1378
         210         212        1379
         210         221        1380
         210         223        1381
         210         226        1382
         210         235        1383
         210         240        1384
         210         242        1385
         211         212        1386
         211         242        1387
         211         243        1388
         211         245        1389
         211         247        1390
         212         221        1391
         212         226        1392
         212         235        1393
         212         240        1394
         212         242        1395
         213         215        1396
         213         245        1397
         213         246        1398
         213         259        1399
         213         281        1400
         213         282        1401
         213         283        1402
         213         284        1403
         215         223        1404
         215         242        1405
         215         244        1406
         215         245        1407
         215         246        1408
         215         266        1409
         215         281        1410
         215         282        1411
         215         294        1412
         215         297        1413
         216         217        1414
         216         263        1415
         217         220        1416
         217         227        1417
         217         232        1418
         218         220        1419
         218         227        1420
         218         229        1421
         218         230        1422
         218         233        1423
         218         234        1424
         218         236        1425
         218         237        1426
         219         221        1427
         219         232        1428
         219         240        1429
         219         260        1430
         219         261        1431
         219         264        1432
         219         265        1433
         219         268        1434
         219         275        1435
         220         226        1436
         220         227        1437
         220         232        1438
         220         233        1439
         220         236        1440
         220         237        1441
         221         226        1442
         221         232        1443
         221         235        1444
         221         240        1445
         221         264        1446
         221         268        1447
         222         250        1448
         222         261        1449
         222         265        1450
         222         266        1451
         222         270        1452
         222         272        1453
         222         276        1454
         222         277        1455
         222         279        1456
         222         291        1457
         222         295        1458
         223         240        1459
         223         242        1460
         223         244        1461
         223         245        1462
         223         266        1463
         223         268        1464
         223         270        1465
         223         279        1466
         224         225        1467
         224         226        1468
         224         228        1469
         224         231        1470
         224         233        1471
         224         234        1472
         224         235        1473
         225         228        1474
         225         231        1475
         226         228        1476
         226         232        1477
         226         233        1478
         226         234        1479
         226         235        1480
         226         237        1481
         226         240        1482
         227         232        1483
         227         236        1484
         227         237        1485
         228         233        1486
         228         234        1487
         228         235        1488
         229         230        1489
         229         231        1490
         229         233        1491
         229         234        1492
         229         236        1493
         229         237        1494
         230         231        1495
         230         236        1496
         231         234        1497
         232         233        1498
         232         237        1499
         232         264        1500
         233         234        1501
         233         235        1502
         233         237        1503
         234         235        1504
         234         237        1505
         235         240        1506
         236         237        1507
         238         249        1508
         238         251        1509
         238         257        1510
         238         285        1511
         238         286        1512
         238         287        1513
         238         288        1514
         238         289        1515
         239         252        1516
         239         253        1517
         239         286        1518
         240         242        1519
         240         268        1520
         241         251        1521
         241         256        1522
         241         257        1523
         241         258        1524
         241         259        1525
         242         244        1526
         242         245        1527
         243         246        1528
         243         247        1529
         244         245        1530
         244         266        1531
         244         268        1532
         244         270        1533
         244         279        1534
         244         282        1535
         244         294        1536
         244         297        1537
         245         246        1538
         245         247        1539
         245         281        1540
         245         282        1541
         246         247        1542
         246         259        1543
         246         281        1544
         246         282        1545
         246         284        1546
         248         271        1547
         248         281        1548
         248         282        1549
         248         283        1550
         248         297        1551
         248         298        1552
         249         253        1553
         249         254        1554
         249         255        1555
         249         285        1556
         249         286        1557
         249         288        1558
         249         289        1559
         250         272        1560
         250         277        1561
         250         278        1562
         250         280        1563
         250         291        1564
         250         292        1565
         250         293        1566
         250         295        1567
         251         256        1568
         251         257        1569
         251         287        1570
         251         288        1571
         251         289        1572
         252         253        1573
         252         254        1574
         253         254        1575
         253         286        1576
         254         255        1577
         254         286        1578
         255         287        1579
         255         288        1580
         255         289        1581
         256         257        1582
         256         258        1583
         256         287        1584
         257         285        1585
         257         287        1586
         257         288        1587
         257         289        1588
         258         259        1589
         259         284        1590
         260         261        1591
         260         263        1592
         260         264        1593
         260         265        1594
         260         273        1595
         260         275        1596
         261         264        1597
         261         265        1598
         261         267        1599
         261         269        1600
         261         270        1601
         261         273        1602
         261         275        1603
         261         276        1604
         261         277        1605
         261         279        1606
         262         263        1607
         262         274        1608
         263         273        1609
         263         275        1610
         264         265        1611
         264         275        1612
         265         268        1613
         265         270        1614
         265         275        1615
         265         276        1616
         265         277        1617
         265         279        1618
         266         268        1619
         266         270        1620
         266         279        1621
         266         282        1622
         266         291        1623
         266         294        1624
         266         297        1625
         267         269        1626
         267         272        1627
         267         273        1628
         267         274        1629
         267         275        1630
         267         276        1631
         267         277        1632
         267         278        1633
         268         270        1634
         268         279        1635
         269         273        1636
         269         274        1637
         269         275        1638
         269         276        1639
         269         278        1640
         270         276        1641
         270         277        1642
         270         279        1643
         271         281        1644
         271         282        1645
         271         290        1646
         271         294        1647
         271         297        1648
         271         298        1649
         272         276        1650
         272         277        1651
         272         278        1652
         272         291        1653
         272         292        1654
         272         295        1655
         273         274        1656
         273         275        1657
         273         276        1658
         274         278        1659
         275         276        1660
         276         277        1661
         276         278        1662
         276         279        1663
         277         278        1664
         277         279        1665
         277         291        1666
         277         295        1667
         278         292        1668
         279         291        1669
         280         291        1670
         280         292        1671
         280         293        1672
         280         295        1673
         280         296        1674
         280         299        1675
         280         301        1676
         281         282        1677
         281         283        1678
         281         297        1679
         282         294        1680
         282         297        1681
         283         284        1682
         285         286        1683
         285         289        1684
         286         289        1685
         287         288        1686
         287         289        1687
         288         289        1688
         290         294        1689
         290         297        1690
         290         298        1691
         290         299        1692
         290         300        1693
         290         301        1694
         290         302        1695
         291         295        1696
         291         299        1697
         292         293        1698
         292         295        1699
         292         296        1700
         292         303        1701
         293         295        1702
         293         296        1703
         293         299        1704
         293         301        1705
         293         303        1706
         294         297        1707
         294         298        1708
         294         299        1709
         294         300        1710
         294         301        1711
         295         299        1712
         296         299        1713
         296         300        1714
         296         301        1715
         296         302        1716
         296         303        1717
         297         298        1718
         298         300        1719
         298         302        1720
         299         300        1721
         299         301        1722
         300         301        1723
         300         302        1724
         300         303        1725
         301         302        1726
         301         303        1727
         302         303        1728
