1 303 !  dim ndata
time    0.0 
111 
3 0.19637345679012347
9 0.3125
14 0.45138888888888906
16 0.44985702614379086
20 0.5
23 0.125
28 0.11884469696969696
33 0.041666666666666685
43 0.19344503340110375
44 0.5
45 0.12326388888888884
68 0.5
87 0.31463766296706386
93 0.18229166666666669
94 0.048611111111111105
110 0.39776234567901236
111 0.125
113 0.46875
114 0.09027777777777785
115 0.23109567901234573
116 0.23804012345679015
120 0.23085033643140673
122 0.4150806306726601
123 0.08759469696969696
124 0.041666666666666685
125 0.04592803030303033
126 0.5
127 0.40838766296706386
128 0.22469503340110375
129 0.3162888561676326
130 0.33174729733932684
131 0.2274630321197269
132 0.322949143230838
133 0.4708551864028925
134 0.4100388561676326
135 0.47589696090792
136 0.39256362757458674
137 0.5
141 0.4062824765641714
142 0.32484567901234573
143 0.3144290123456791
144 0.4081790123456791
145 0.375
146 0.45833333333333337
147 0.5
149 0.5
152 0.5
153 0.5
154 0.45833333333333326
155 0.5
156 0.5
157 0.5
158 0.5
159 0.5
160 0.5
161 0.5
162 0.5
172 0.2096261820330969
179 0.046875
180 0.38888888888888906
181 0.234375
186 0.4012459150326799
187 0.39583333333333326
188 0.2808067375886525
191 0.2958981578912445
192 0.2378796987863936
193 0.09453095523894661
194 0.07633075611363016
195 0.2611759356690222
196 0.13020833333333326
197 0.10545951536643017
198 0.2379589804472173
199 0.3184925155404963
200 0.13764966563886127
201 0.08013080135960515
203 0.5
204 0.017746240747199993
205 0.0790651502724311
208 0.2072209117092616
209 0.375
210 0.41030215606337195
211 0.24888757837592834
212 0.40182584887382955
214 0.09895833333333331
215 0.04166666666666674
217 0.5
218 0.5
220 0.5
221 0.5
223 0.25
224 0.5
225 0.5
226 0.5
227 0.5
228 0.5
229 0.5
230 0.5
231 0.5
232 0.5
233 0.5
234 0.5
235 0.5
236 0.5
237 0.5
240 0.45833333333333326
242 0.28530215606337195
243 0.1778642885722801
244 0.125
245 0.08858542231255662
246 0.03321204571371528
247 0.1634641346929382
time 1e+30
