        1062        5036  ! # of filtered nodes, # number of original nodes 
          29
          30
          31
          32
          33
          34
          35
          36
          53
          61
          62
          63
          64
          77
          78
          79
          80
          89
          90
          91
          92
          97
          98
          99
         100
         101
         102
         104
         270
         271
         272
         469
         470
         472
         545
         546
         547
         548
         561
         562
         563
         564
         570
         571
         572
         581
         585
         586
         587
         588
         589
         590
         591
         592
         597
         598
         599
         600
         601
         602
         603
         604
         605
         606
         607
         608
         609
         610
         611
         612
         613
         614
         615
         616
         617
         618
         619
         620
         626
         634
         635
         636
         637
         649
         655
         657
         658
         659
         660
         661
         662
         663
         664
         670
         671
         673
         674
         675
         676
         681
         682
         684
         685
         686
         687
         688
         689
         690
         691
         692
         694
         701
         702
         703
         704
         705
         706
         708
         717
         718
         719
         720
         721
         722
         723
         724
         729
         730
         731
         732
         737
         738
         739
         740
         741
         742
         744
         745
         749
         750
         751
         752
         753
         754
         755
         756
         758
         759
         760
         777
         778
         779
         780
         781
         782
         783
         784
         857
         858
         859
         860
         861
         862
         863
         864
         866
         873
         874
         875
         876
         877
         878
         879
         880
         885
         886
         887
         888
         889
         890
         891
         892
         893
         894
         896
         905
         909
         910
         911
         912
         913
         914
         915
         916
         917
         918
         919
         920
         921
         922
         923
         924
         929
         930
         931
         932
         933
         934
         935
         936
         937
         938
         939
         940
         941
         942
         943
         944
         945
         946
         947
         948
         949
         950
         951
         952
         953
         956
         957
         958
         959
         960
         962
         965
         966
         968
         969
         970
         971
         972
         973
         974
         975
         976
         989
         990
         991
         992
         993
         994
         995
         996
         997
         998
         999
        1000
        1001
        1002
        1003
        1004
        1005
        1007
        1008
        1009
        1010
        1011
        1012
        1013
        1014
        1015
        1016
        1018
        1021
        1022
        1023
        1024
        1025
        1026
        1027
        1028
        1029
        1030
        1031
        1032
        1033
        1034
        1035
        1036
        1037
        1038
        1039
        1040
        1041
        1042
        1043
        1044
        1047
        1049
        1050
        1051
        1052
        1053
        1054
        1056
        1057
        1061
        1062
        1063
        1064
        1065
        1066
        1067
        1068
        1069
        1070
        1071
        1072
        1073
        1074
        1076
        1077
        1078
        1079
        1080
        1081
        1082
        1083
        1084
        1085
        1086
        1087
        1088
        1089
        1090
        1091
        1092
        1093
        1094
        1095
        1096
        1097
        1098
        1099
        1100
        1101
        1102
        1103
        1104
        1110
        1111
        1112
        1113
        1114
        1115
        1116
        1117
        1118
        1119
        1120
        1121
        1122
        1123
        1124
        1125
        1126
        1127
        1128
        1133
        1134
        1136
        1143
        1155
        1165
        1166
        1167
        1168
        1177
        1178
        1179
        1180
        1185
        1186
        1187
        1188
        1189
        1190
        1191
        1192
        1197
        1217
        1218
        1219
        1220
        1221
        1222
        1223
        1224
        1225
        1226
        1227
        1228
        1229
        1230
        1231
        1232
        1233
        1234
        1235
        1236
        1237
        1238
        1239
        1240
        1241
        1242
        1243
        1244
        1245
        1246
        1247
        1248
        1249
        1250
        1251
        1252
        1253
        1254
        1256
        1257
        1258
        1259
        1260
        1265
        1273
        1274
        1275
        1276
        1293
        1294
        1295
        1296
        1333
        1334
        1335
        1336
        1337
        1338
        1339
        1340
        1341
        1342
        1343
        1344
        1345
        1346
        1347
        1348
        1349
        1350
        1351
        1352
        1353
        1354
        1355
        1356
        1361
        1362
        1363
        1364
        1365
        1366
        1368
        1369
        1370
        1371
        1372
        1377
        1378
        1379
        1380
        1382
        1385
        1386
        1387
        1388
        1389
        1390
        1391
        1392
        1401
        1402
        1403
        1404
        1405
        1406
        1407
        1408
        1413
        1415
        1421
        1423
        1424
        1481
        1484
        1498
        1499
        1500
        1509
        1510
        1511
        1512
        1513
        1514
        1515
        1516
        1517
        1518
        1520
        1521
        1522
        1523
        1524
        1525
        1527
        1528
        1529
        1530
        1531
        1532
        1553
        1554
        1555
        1556
        1557
        1561
        1562
        1563
        1564
        1565
        1566
        1567
        1568
        1569
        1570
        1571
        1572
        1573
        1574
        1576
        1582
        1584
        1617
        1619
        1625
        1626
        1627
        1628
        1630
        1633
        1634
        1690
        1691
        1692
        1699
        1717
        1721
        1724
        1817
        1818
        1819
        1820
        1821
        1822
        1823
        1824
        1825
        1827
        1828
        1833
        1845
        1846
        1847
        1848
        1850
        1853
        1857
        1859
        1860
        1862
        1863
        1864
        1874
        1877
        1878
        1879
        1880
        1885
        1886
        1887
        1888
        1889
        1890
        1891
        1892
        1893
        1894
        1895
        1896
        1897
        1905
        1906
        1909
        1911
        1912
        1913
        1914
        1915
        1916
        1929
        1930
        1931
        1932
        1933
        1934
        1936
        1978
        1979
        1980
        1981
        1982
        1983
        1984
        1985
        1986
        1987
        1988
        1989
        1990
        1991
        1992
        1997
        2033
        2035
        2036
        2166
        2167
        2168
        2170
        2171
        2172
        2174
        2261
        2262
        2263
        2264
        2281
        2282
        2283
        2284
        2285
        2286
        2287
        2288
        2290
        2293
        2294
        2295
        2296
        2297
        2298
        2299
        2300
        2317
        2318
        2319
        2320
        2333
        2334
        2345
        2346
        2347
        2348
        2349
        2350
        2351
        2352
        2358
        2405
        2467
        2585
        2586
        2587
        2588
        2713
        2714
        2716
        2717
        2718
        2719
        2720
        2722
        2725
        2726
        2727
        2728
        2729
        2730
        2731
        2732
        2885
        2886
        2887
        2888
        3197
        3198
        3199
        3200
        3201
        3202
        3203
        3204
        3205
        3206
        3207
        3208
        3349
        3350
        3351
        3352
        3353
        3354
        3355
        3356
        3358
        3360
        3361
        3362
        3363
        3364
        3369
        3370
        3371
        3372
        3373
        3374
        3375
        3376
        3381
        3382
        3383
        3384
        3385
        3386
        3387
        3388
        3389
        3390
        3391
        3392
        3393
        3394
        3395
        3396
        3397
        3398
        3399
        3400
        3401
        3402
        3403
        3404
        3405
        3406
        3407
        3408
        3413
        3414
        3415
        3416
        3417
        3418
        3419
        3420
        3421
        3422
        3423
        3424
        3437
        3438
        3439
        3440
        3441
        3442
        3443
        3444
        3453
        3454
        3455
        3456
        3457
        3458
        3459
        3460
        3461
        3462
        3463
        3464
        3485
        3486
        3487
        3488
        3489
        3490
        3491
        3492
        3493
        3494
        3495
        3496
        3497
        3498
        3499
        3500
        3505
        3506
        3507
        3508
        3513
        3514
        3515
        3516
        3517
        3518
        3519
        3520
        3521
        3522
        3523
        3524
        3533
        3534
        3535
        3536
        3541
        3553
        3554
        3555
        3556
        3557
        3558
        3559
        3560
        3561
        3562
        3563
        3564
        3573
        3574
        3609
        3610
        3611
        3612
        3626
        3627
        3628
        3633
        3634
        3635
        3636
        3641
        3642
        3643
        3644
        3645
        3735
        3749
        3752
        3837
        3838
        3839
        3840
        3885
        3886
        3887
        3888
        3893
        3894
        3895
        3896
        3897
        3898
        3899
        3900
        3901
        3902
        3903
        3904
        3905
        3906
        3907
        3908
        3909
        3910
        3911
        3912
        3913
        3914
        3915
        3916
        3917
        3918
        3919
        3920
        3929
        3930
        3931
        3932
        3933
        3934
        3935
        3936
        3941
        3942
        3943
        3944
        3949
        3957
        3958
        3960
        3961
        3962
        3963
        3964
        3965
        3966
        3967
        3968
        3969
        3970
        3971
        3972
        3973
        3974
        3975
        3976
        3977
        3978
        3979
        3980
        3985
        3986
        3987
        3988
        3989
        3990
        3991
        3992
        3993
        3994
        3995
        3996
        3997
        3998
        3999
        4000
        4001
        4002
        4003
        4004
        4005
        4006
        4007
        4008
        4009
        4010
        4011
        4012
        4017
        4018
        4019
        4020
        4021
        4022
        4023
        4024
        4025
        4027
        4028
        4029
        4030
        4031
        4032
        4033
        4034
        4035
        4036
        4037
        4038
        4039
        4040
        4041
        4045
        4046
        4047
        4048
        4061
        4062
        4063
        4064
        4065
        4066
        4067
        4068
        4073
        4074
        4075
        4076
        4077
        4078
        4079
        4080
        4085
        4086
        4087
        4088
        4093
        4105
        4107
        4108
        4109
        4110
        4111
        4112
        4231
        4301
        4302
        4303
        4304
        4305
        4306
        4307
        4308
        4617
        4618
        4619
        4620
        4625
        4626
        4627
        4628
        4629
        4630
        4631
        4632
        4633
        4634
        4635
        4636
        4641
        4643
        4644
        4653
