         403        4076  ! # of filtered nodes, # number of original nodes 
           9
          10
          12
          55
         109
         111
         112
         141
         143
         144
         209
         210
         211
         212
         351
         366
         367
         368
         379
         383
         437
         438
         439
         440
         537
         539
         540
         541
         544
         545
         547
         548
         602
         629
         645
         646
         648
         649
         650
         651
         652
         659
         661
         711
         733
         734
         736
         742
         744
         745
         762
         763
         764
         769
         770
         771
         772
         773
         778
         793
         795
         796
         797
         799
         800
         803
         806
         809
         811
         812
         823
         826
         827
         828
         833
         834
         836
         838
         841
         842
         844
         847
         849
         850
         852
         859
         862
         865
         867
         869
         870
         873
         875
         876
         881
         883
         884
         885
         886
         898
         900
         902
         904
        1057
        1061
        1069
        1070
        1071
        1072
        1074
        1075
        1076
        1082
        1083
        1084
        1085
        1086
        1088
        1101
        1102
        1104
        1110
        1115
        1118
        1125
        1129
        1153
        1154
        1156
        1162
        1169
        1182
        1189
        1190
        1192
        1209
        1210
        1211
        1212
        1213
        1214
        1216
        1271
        1275
        1277
        1283
        1285
        1286
        1287
        1288
        1291
        1325
        1362
        1368
        1373
        1375
        1378
        1381
        1383
        1384
        1447
        1466
        1467
        1468
        1479
        1493
        1501
        1502
        1504
        1509
        1518
        1554
        1555
        1556
        1558
        1559
        1560
        1581
        1582
        1583
        1584
        1586
        1587
        1588
        1621
        1627
        1642
        1643
        1644
        1645
        1654
        1655
        1656
        1659
        1674
        1686
        1687
        1688
        1697
        1700
        1709
        1711
        1733
        1734
        1735
        1736
        1763
        1767
        1768
        1777
        1782
        1783
        1784
        1787
        1794
        1799
        1806
        1842
        1849
        1850
        1852
        1854
        1859
        1865
        1866
        1868
        1869
        1872
        1882
        1883
        1884
        1902
        1904
        1905
        1906
        1907
        1908
        1909
        1912
        1917
        1918
        1920
        1933
        1934
        1936
        1942
        1954
        1982
        2001
        2022
        2042
        2043
        2044
        2117
        2118
        2120
        2121
        2122
        2124
        2137
        2145
        2146
        2153
        2158
        2165
        2167
        2168
        2338
        2339
        2355
        2365
        2367
        2368
        2370
        2371
        2372
        2378
        2379
        2380
        2382
        2383
        2384
        2386
        2497
        2498
        2499
        2500
        2505
        2513
        2515
        2517
        2519
        2520
        2539
        2546
        2547
        2548
        2553
        2554
        2555
        2556
        2557
        2559
        2567
        2568
        2582
        2588
        2606
        2607
        2608
        2609
        2613
        2614
        2616
        2818
        2822
        2823
        2824
        2825
        2830
        2831
        2832
        2835
        2845
        2846
        2853
        2855
        2857
        2858
        2859
        2860
        2869
        2879
        2881
        2894
        2895
        2896
        2897
        2898
        2900
        2905
        2913
        2917
        2918
        2920
        2921
        2925
        2928
        2938
        2939
        2940
        2942
        2943
        2951
        2954
        2955
        2956
        2957
        2959
        2960
        2967
        2982
        2983
        2984
        3058
        3059
        3060
        3069
        3070
        3071
        3072
        3073
        3075
        3076
        3079
        3081
        3082
        3084
        3098
        3101
        3103
        3104
        3105
        3107
        3117
        3121
        3122
        3123
        3124
        3126
        3144
        3154
        3155
        3156
        3165
        3167
        3168
        3173
        3178
        3183
        3386
        3397
        3398
