         178
         180
         197
         351
         356
         367
         368
         373
         377
         455
         459
         514
         607
         609
         636
         858
         860
         869
        1096
        1099
        1412
        1416
        1418
        1559
        1561
        1562
        1564
        1566
        1634
        1638
        3562
        3567
        3572
        3648
        3722
        3811
        3814
        4031
        4223
        4224
        4482
        4546
        4669
        4694
        4696
        5144
        5159
        5184
        5196
        5210
        5212
        5396
        5430
        5704
        5705
        5722
        5725
        5777
        5781
        5785
        5787
        5874
        5879
        5915
        5920
        6005
        6019
        6020
        6112
        6116
        6125
        6136
        6167
        6172
        6372
        6376
        6391
        6484
        6485
        6552
        6558
        6561
        6572
        6579
        6928
        6934
        6973
        6978
        6986
        7017
        7027
        7029
        7033
        7035
        7062
        7069
        7083
        7113
        7118
        7122
        7182
        7209
        7216
        7225
        7334
        7337
        7352
        7357
        7386
        7420
        7444
        7450
        7458
        7524
        7528
        7540
        7552
        7565
        7566
        7570
        7573
        7580
        7595
        7612
        7622
        7678
        7735
        7744
        7750
        7781
        7789
        7844
        7878
        7883
        7888
        7972
        7986
        7987
        8021
        8042
        8073
        8075
        8093
        8146
        8175
        8190
