           1        1472
 time 0.0
        1472
           1   1.0423380327450411     
           2  0.95426155375997945     
           3   1.0255046087770578     
           4   1.0473887169357865     
           5  0.16676083128884417     
           6  0.15837732328998544     
           7   5.7758624979327211E-002
           8  0.15646877467053341     
           9  0.11238418561620470     
          10   3.5341063279442267E-002
          11  -2.3637544007923564E-002
          12   1.4382243311423520E-002
          13  0.45683130464580218     
          14  0.43321061593645988     
          15  0.57679848225804398     
          16  0.51433326027356274     
          17 -0.69829052581718110     
          18 -0.63999954395311343     
          19 -0.78381722563088740     
          20 -0.67463885112621980     
          21  0.31458279122459970     
          22  0.21176288347656741     
          23  0.25298825685503079     
          24  0.26242377292818408     
          25  0.47142044183922893     
          26  0.55306313947513386     
          27  0.74558266201925116     
          28  0.43816432250865006     
          29  0.67044629302643499     
          30  0.56913216482381046     
          31  0.49581031437372836     
          32  0.59613737870459493     
          33  0.51095861834367406     
          34  0.66022904899794177     
          35  0.36795641811156793     
          36  0.45649543641276979     
          37  0.83272635704967335     
          38  0.75307431118654700     
          39  0.83421631971021337     
          40  0.82905495329491519     
          41  0.81606025412835281     
          42   1.0785578485359308     
          43  0.92041176783765366     
          44   1.0767387412309137     
          45   1.0324032734343958     
          46   1.1389495970736938     
          47  0.50472282934101143     
          48  0.45454522115676060     
          49  0.48132750105992772     
          50  0.81193486012856120     
          51  0.77593706082749325     
          52  0.88203870294402797     
          53  0.72933269720436034     
          54   1.2945284402306154     
          55  0.72731107589802846     
          56  0.59372092605465621     
          57  0.50995254245834076     
          58  0.60659778547313714     
          59  0.64231832475199802     
          60  0.50554555077186347     
          61  0.66043912064462207     
          62  0.61317704410850637     
          63  0.92274520772735336     
          64  0.93001174067391479     
          65  0.82703338683853556     
          66  0.97743004296724512     
          67  0.70606296466845797     
          68  0.72564379598958784     
          69  0.66978890527364476     
          70  0.64113378951456590     
          71  0.26904999970596682     
          72  0.58894159141573088     
          73  0.39856576795548182     
          74  0.44235156575290985     
          75  0.51816395920476566     
          76  0.76431052090230245     
          77  0.56214506536450104     
          78  0.64500569528369744     
          79  0.56835907513149220     
          80  0.88801958559750660     
          81  0.89355915595882662     
          82  0.88443413157152340     
          83  0.91365243816057617     
          84  0.82053558993181253     
          85  0.99833259333978552     
          86  0.92199462316406966     
          87  0.90459876374081860     
          88  0.42968847014837136     
          89  0.39274131138792151     
          90  0.42603075041355776     
          91  0.75256827119092928     
          92  0.84841688548859462     
          93  0.75757716823397081     
          94  0.81061852515059718     
          95  0.68626846795587004     
          96  0.64852348459562648     
          97  0.72209088762820850     
          98  0.68368017760117805     
          99  0.55601594399101117     
         100  0.45325751706448858     
         101  0.46069396689020320     
         102  0.48092365801989556     
         103  0.49600533390789714     
         104  0.35492713253530250     
         105  0.58882398508964728     
         106  0.54442529788612581     
         107  0.45441798910424658     
         108  0.58594631269865727     
         109  0.42916586533921303     
         110  0.49533114849263715     
         111  0.27368732896589892     
         112  0.38151813264867862     
         113  0.36729463133328005     
         114  0.34810372042884707     
         115   9.1017909792063395E-002
         116  0.20339554313513636     
         117  0.14470685552625159     
         118  0.14980650533036441     
         119  0.23530060061548061     
         120  0.39002938381959157     
         121  0.28371563322770044     
         122  0.36133666177872248     
         123  0.22132114420632937     
         124  0.17048024651561333     
         125   9.1740396116094067E-002
         126  0.16169498355387402     
         127  -2.0854932859190004E-002
         128  0.56398325583648412     
         129  0.28969827920001162     
         130  0.33435138349161103     
         131  0.31893353256998858     
         132  0.19152908907824473     
         133  0.23710544706411124     
         134  0.21032895610337654     
         135  0.20988641384193985     
         136  0.18773533950418433     
         137  0.50735126017236154     
         138   2.5912293960638773E-002
         139   9.7304668174554881E-002
         140 -0.31180299436661296     
         141 -0.17265093236278509     
         142 -0.22863391628962040     
         143 -0.27234362341461427     
         144  0.13549749962901095     
         145 -0.12776369061054763     
         146  -3.2909432852119613E-002
         147  -1.5403259710671300E-002
         148  -5.6011094747223746E-002
         149  0.24351011253688004     
         150  0.18543935697587868     
         151  0.23784104724397981     
         152  0.20716887826176528     
         153  0.28991023916882874     
         154  0.37540396664403386     
         155  0.27715928867126544     
         156  0.31210931690744587     
         157  0.10690364771775832     
         158   3.6084019947563925E-002
         159   3.5731983020141751E-002
         160   7.0002656394768686E-002
         161  0.44689107190789984     
         162  0.59223743786417848     
         163  0.65853723236050155     
         164  0.56054472114677312     
         165  0.51236579436398488     
         166  0.49869517136721231     
         167  0.48444962338224634     
         168   8.4902318582758207E-002
         169  0.19721549860057852     
         170   4.8146507012709082E-002
         171  0.13246867293893069     
         172  0.56194928999866633     
         173  0.44825197231359992     
         174  0.47646249595877671     
         175  0.48601770665281546     
         176 -0.16052321828213117     
         177 -0.14888597765419787     
         178 -0.26072759112165805     
         179 -0.20568141024243752     
         180   8.4106283054242864E-003
         181  -9.7874721690159899E-002
         182  -5.4547409873286809E-002
         183  -2.0132835064867349E-002
         184   2.9682446972497289E-002
         185  0.12236389397538956     
         186   9.2797453903652877E-002
         187   7.5387640639477740E-002
         188  -5.4985836626834726E-002
         189  -8.2619890090507186E-002
         190  -1.3526817874110954E-002
         191   3.6529806421351348E-002
         192  -2.3836613822148967E-002
         193  -4.7480257602061912E-002
         194 -0.12517414768121971     
         195 -0.15048741561879095     
         196  -9.9788262985673268E-002
         197 -0.28139024485061015     
         198 -0.30802959439190347     
         199 -0.28162858557194076     
         200 -0.38501784096772512     
         201 -0.24762172227085469     
         202 -0.31627643906723163     
         203 -0.27647551272441229     
         204  -9.3521568345511299E-002
         205 -0.12538112887460692     
         206 -0.17281767260936570     
         207  -8.7353283641478333E-002
         208 -0.19712884349279022     
         209 -0.17367017918928307     
         210 -0.23654057328509079     
         211 -0.19707409189105884     
         212 -0.11309608163281686     
         213 -0.22458716185989316     
         214 -0.21053188072632531     
         215 -0.18040498339044966     
         216 -0.27078987717069547     
         217 -0.30315102113946812     
         218 -0.35659505263973029     
         219 -0.33313464277241139     
         220  -1.0155872259033083     
         221  -8.6616568214771095E-002
         222 -0.15591455783030334     
         223 -0.11496498012167812     
         224 -0.59152317566811019     
         225 -0.86748858208329027     
         226 -0.66517836575850142     
         227 -0.69536177789696130     
         228 -0.30855135135499301     
         229 -0.19410296775005276     
         230 -0.39172997264312137     
         231 -0.30021754524770905     
         232 -0.25302238628782497     
         233 -0.20925142924907625     
         234 -0.23227313054617121     
         235 -0.18371558631919196     
         236  -8.1655439918421543E-003
         237   8.6852139361777755E-002
         238   3.1421880942478018E-002
         239  0.77874172979289780     
         240  0.63737152965125965     
         241  0.81527636454059516     
         242  0.73046732798091762     
         243  0.75918792726466922     
         244  0.80569722144412947     
         245  0.72270231392544737     
         246  0.75607025243699211     
         247  -6.8625728668944203E-002
         248  -3.3940492502650146E-002
         249   2.0455962564745762E-002
         250  -2.9825699401228502E-002
         251  -7.6282766413067582E-002
         252 -0.19640937183271823     
         253   8.9226007005243468E-002
         254  0.20730223630581987     
         255  0.24948093793208584     
         256  0.18097555003673244     
         257 -0.48284084707753960     
         258 -0.41927343120987592     
         259 -0.43121774269325491     
         260 -0.46501865107246138     
         261 -0.17046978067394233     
         262 -0.24815125733983157     
         263 -0.20031720292961702     
         264 -0.21736763568431955     
         265   9.6480266502470727E-002
         266  0.23603154765877002     
         267  0.15337789458802878     
         268  0.16267715546047398     
         269  0.87736278107420129     
         270  0.77448424018272777     
         271  0.80859531529356155     
         272  0.83485450610388190     
         273   8.0096146480897149E-002
         274  -1.5999705331055398E-002
         275   1.4926868322264315E-002
         276  0.76640653660629743     
         277  0.73732476160958982     
         278  0.77145498024175019     
         279  0.74549741760846855     
         280   5.4092712457059863E-002
         281  -6.9096956347696595E-002
         282  -8.5621799130853691E-003
         283  -3.0480973590005712E-002
         284  -9.2915823283918550E-002
         285  -8.1470180384605587E-002
         286 -0.17340923964935601     
         287 -0.11984818695963254     
         288 -0.11487455179999054     
         289  -3.2032390709945936E-002
         290 -0.20580457741497662     
         291  -8.6542391962836862E-002
         292  -9.4377963822879704E-002
         293  -9.2948195500823089E-002
         294 -0.15330731218095883     
         295 -0.12085161410523598     
         296  0.94543856801875781     
         297  -8.5002084034868058E-002
         298 -0.16146193606395431     
         299   7.7476592156062686E-003
         300 -0.12692348096144360     
         301  0.10331324856255382     
         302  0.17019291486744587     
         303  0.17229884257221720     
         304  0.12430438530050081     
         305   5.1140634608884322E-002
         306  0.13205967731285567     
         307  -5.0596149762724925E-002
         308   9.2290300652307602E-002
         309  0.25918180545115066     
         310  0.22867947673692809     
         311  0.28827100053356425     
         312  0.23890965841596906     
         313   4.5798632182468728E-003
         314  -4.1090659402248902E-002
         315   6.3386862696616737E-003
         316  -1.2813111101755863E-002
         317  0.36838169109720215     
         318  0.60929107181526343     
         319  0.43833490872141723     
         320  0.46433744202429361     
         321  0.31483669846979062     
         322  0.22486241680786059     
         323  0.25873506171636379     
         324  0.27807783788164991     
         325  0.10125638648061105     
         326  0.16565586287446382     
         327   5.3269520708925787E-002
         328   7.9913780863149819E-002
         329  0.36170979595025765     
         330  0.46276638404433545     
         331  0.39444344429570100     
         332  0.43278088295770950     
         333  0.25650680297210959     
         334  0.13009586059821326     
         335  0.33805723242637953     
         336  0.22551610097783670     
         337  0.19526237909008354     
         338  0.10456150751199465     
         339  0.17748083961950653     
         340  0.14751082276784072     
         341  0.23201087779242027     
         342  0.33017174746524608     
         343  0.40365394433998519     
         344  0.31559364680229235     
         345  0.28093700535840838     
         346  0.29854532481588819     
         347  0.49381288652216820     
         348  0.37657111848040314     
         349  0.18374913409181545     
         350  0.26387455671842158     
         351  0.34168919186558422     
         352  0.23334618062304713     
         353  0.72688863101187751     
         354  0.83897493832502068     
         355  0.68868877962209085     
         356  0.75823819297956541     
         357  0.65296958210505540     
         358  0.71501965997709482     
         359  0.69722648764586903     
         360  0.47424874655149074     
         361  0.60717238138471508     
         362  0.32173454685994135     
         363  0.55169522143310168     
         364  0.31571135318847560     
         365  0.39661106155089310     
         366  0.34549774866342670     
         367  0.36341515511245437     
         368  0.67926051335347681     
         369  0.74635922531793664     
         370  0.82420797079798902     
         371  0.77087035690007266     
         372  0.19532603720576663     
         373  0.28360906299520755     
         374  0.15109446415433445     
         375  0.17759278149420307     
         376 -0.26243902388452722     
         377 -0.33287320046539476     
         378 -0.29855203765038979     
         379 -0.31003052125317543     
         380   2.3046252195854124E-002
         381  -4.8289579048055323E-002
         382  -6.2908967722263093E-002
         383  -3.8111995582960745E-002
         384  0.18327524717067201     
         385   8.2226734987361605E-002
         386   3.3406868755426575E-002
         387  0.10996512524546531     
         388  -2.3358248532455932E-002
         389   5.4389492568287484E-002
         390  0.12494901287407303     
         391   2.5771735004883101E-002
         392  0.22480828808127146     
         393  0.37843771723042557     
         394  0.41317644775057916     
         395  0.34282400833446303     
         396  0.48877479334097035     
         397  0.73389630366168268     
         398  0.65157302280630192     
         399  0.65048878198617832     
         400  0.64417610520672819     
         401  0.38928003998686400     
         402  0.70549437102427659     
         403  0.67546726125421852     
         404  0.47831310775307945     
         405  0.51262656454790978     
         406  0.58532281143721698     
         407  0.51765397740468233     
         408  0.42189383535230973     
         409  0.65618576918563576     
         410  0.75905427955457094     
         411  0.72188580475205733     
         412   8.3128540814301322E-002
         413  0.11883266108761813     
         414   2.5926241817233773E-002
         415   9.1370320467840993E-002
         416  -2.2151593294023723E-002
         417   3.1814069389964297E-002
         418  -2.2100043568396784E-002
         419  -1.4719673167269598E-003
         420   3.3022058589614753E-002
         421   9.2509547166346837E-002
         422   9.7242752011615211E-002
         423   5.0434250336037718E-002
         424  0.59889205792481159     
         425  0.55017736049514809     
         426  0.70407665033875411     
         427  0.61142931682808921     
         428  0.41084179410398292     
         429  0.58494263642269428     
         430  0.67111845337987708     
         431  0.48409781017062598     
         432  0.32405211120766136     
         433  0.62656900603733501     
         434  0.53447635161548657     
         435  0.52734493028981544     
         436  0.84813248549473619     
         437  0.93179607146799304     
         438  0.98200212765487138     
         439  0.93936323105592523     
         440   1.2788407648866267     
         441   1.0943667679920670     
         442  0.98932682879328071     
         443   1.0925130516931127     
         444  0.74332186464021666     
         445  0.64464339943546622     
         446  0.87289251781372634     
         447  0.77226881003480363     
         448   1.0004603208334590     
         449   1.2312589899772663     
         450  0.91714866380317939     
         451   1.0507668240178825     
         452  0.78056781688322896     
         453  0.49126608751110795     
         454  0.87878107006029305     
         455  0.83024824170186262     
         456  0.85728189026377710     
         457  0.82471768694735659     
         458  0.84857999662601691     
         459  0.86882548265686610     
         460  0.62598544248557619     
         461  0.55190928959984431     
         462  0.59752357456575544     
         463  0.57681293573475700     
         464  0.39005743916777874     
         465  0.25604683330390021     
         466  0.20667726584105822     
         467  0.29870752416324503     
         468  0.36816522905518190     
         469  0.47984798487833319     
         470  0.52695730231529148     
         471  0.44138592498877616     
         472   5.9810992650616894E-002
         473  0.29185683950842900     
         474   1.3778056717998033E-002
         475  -4.5691563176458928E-002
         476  0.45857379456153458     
         477  0.37050275035152813     
         478  0.53003606712069340     
         479  0.46672317537234209     
         480  0.59401878476494263     
         481  0.52847280260187346     
         482  0.55168865726096905     
         483  0.56594518795957371     
         484  0.99313062614933645     
         485   1.0314795395254044     
         486  0.95595371980873844     
         487  0.99293177153754730     
         488  0.84098944529804021     
         489  0.94295088796355642     
         490  0.91343297036113036     
         491  0.89636277418809096     
         492  0.98028188649449877     
         493  0.72795822433767832     
         494  0.84406374550928109     
         495  0.78652715086733849     
         496   1.1982317451205202     
         497  0.82233883926089746     
         498  0.88819231740996629     
         499  0.89770698140275840     
         500  0.89118351554272190     
         501  0.59019124987846394     
         502  0.69907353162577912     
         503  0.53033870991161691     
         504  0.28009193676175265     
         505  0.22538165806516153     
         506  0.38942179258603099     
         507  0.27557587538611994     
         508  0.20529059653589399     
         509 -0.11332212633099990     
         510  -2.2944456504233449E-002
         511  -8.2761269388914649E-002
         512  0.63130031025102595     
         513  0.57671777917970235     
         514  0.61552597078078575     
         515   1.2143774079140492     
         516   1.1175742680154341     
         517   1.1660765594546405     
         518  0.97383718345067871     
         519   1.0023970274233904     
         520  0.96926931324952126     
         521   1.2219722981961842     
         522   1.2318069540017920     
         523   1.2083088365160302     
         524   1.0681174879758368     
         525   1.1144893275403145     
         526   1.1004409345146169     
         527   1.2045947233697225     
         528   1.0227476567587590     
         529   1.0853946558741792     
         530   1.1368221193074783     
         531  0.92025540113296678     
         532  0.76360964235902495     
         533  0.66211309559623710     
         534  0.57350886263298084     
         535   1.0143835857120145     
         536  0.95194620822363307     
         537  0.61302694193311691     
         538  0.97886129239523478     
         539 -0.43797508356636478     
         540 -0.43746525618873167     
         541 -0.68157649600417214     
         542 -0.50234269283041522     
         543  0.92466777779079279     
         544   1.1150454701039318     
         545  0.66327178081251914     
         546  0.85279346039908555     
         547  0.65735851262468403     
         548  0.72338586795966719     
         549  0.77445593056671014     
         550  0.71390973000637437     
         551 -0.35905646840799882     
         552 -0.52269812646277902     
         553 -0.47397643103795212     
         554 -0.47171273488008542     
         555 -0.32227957899647147     
         556 -0.20296382569203283     
         557 -0.28402370623944184     
         558 -0.27980630182287491     
         559 -0.58083616937149218     
         560 -0.50787634067541410     
         561 -0.45882500225654271     
         562 -0.55386498823088726     
         563 -0.31954661187372374     
         564 -0.40040921890496295     
         565 -0.35954164865877669     
         566 -0.35263484962789965     
         567 -0.47507165490271153     
         568 -0.75074780503390670     
         569 -0.67480701934019716     
         570 -0.62089041924667898     
         571  0.70167657292541008     
         572  0.81462421989064460     
         573  0.73878747382820742     
         574  0.74860977270386786     
         575 -0.42437685881429554     
         576 -0.40902456287844791     
         577 -0.36010744801598288     
         578 -0.42698902506531405     
         579 -0.56065815752821258     
         580 -0.49352150923628990     
         581 -0.47516351985794864     
         582 -0.49713442240795397     
         583  0.24336705995989075     
         584  0.20175767642164444     
         585  0.17482362987781502     
         586  0.14572014239064318     
         587   8.6716712855357689E-002
         588  0.22460759487899984     
         589  0.17881452290276856     
         590  0.17772766651847130     
         591   4.5333047296769180E-002
         592  0.38307776586553927     
         593  0.13207906077421866     
         594  0.21830821454376811     
         595  0.30805716623076990     
         596  0.27052709778519696     
         597  0.19301930811556631     
         598  0.23007070547830161     
         599  -1.8843533820378369E-002
         600  0.41006321592683187     
         601   4.1167466708793773E-002
         602   2.7440683188673275E-002
         603  0.56821791047066528     
         604  0.38305287225212820     
         605  0.46960619651477797     
         606  0.44023715969733085     
         607  0.32562032701151544     
         608  -1.4537711392841693E-002
         609  0.16837202366723172     
         610   7.2405816234380485E-002
         611   1.3812678379199277     
         612   1.2968286726445801     
         613   1.3583286589444583     
         614   1.1781477131730993     
         615   1.3584077986488272     
         616   1.2004804380153355     
         617   1.3797025692581157     
         618   1.3009037330904600     
         619   1.3911912650760121     
         620  0.79124764749698817     
         621  0.69728764675898558     
         622  0.69037002974148476     
         623  0.72945814911343532     
         624  0.36526917730786151     
         625  0.40181791460375055     
         626  0.49992156776294405     
         627  0.41348399486675352     
         628  0.55464391622333375     
         629  0.35136366968519128     
         630  0.72331630636575728     
         631  0.51616502520171892     
         632  0.23932336870461299     
         633  0.19092446268699884     
         634  0.30700150210223892     
         635  0.35016936213395383     
         636  0.25633250955886533     
         637  0.36762921207100474     
         638  0.26457551409132735     
         639  0.30014291093169265     
         640  0.81718997304325791     
         641  0.68004745283534285     
         642  0.80825055759334052     
         643  0.76524994906889310     
         644  0.80653752193545980     
         645  0.66584381080820620     
         646  0.76010589738137546     
         647  0.76026168060046251     
         648  0.27944716914536144     
         649  0.19493083307842116     
         650  0.26369187936704874     
         651  0.28354982583427008     
         652  0.10440284159748878     
         653  0.17026215818038176     
         654  0.14806253928236857     
         655  0.14877116178497685     
         656   1.3576544936427404     
         657   1.2929148429112076     
         658   1.3263787866408463     
         659   1.4502152784524351     
         660   1.1901234217569194     
         661   1.1171456283729062     
         662   1.2745669745454651     
         663   1.0503444950164800     
         664  0.95540525534568943     
         665  0.77099580907947873     
         666  0.98905556086405444     
         667   1.4458432711149920     
         668   1.5534236329951272     
         669   1.1144761256174416     
         670   1.5389669441792824     
         671   1.0563329672429387     
         672   1.1223853783514017     
         673   1.1181483952729556     
         674   1.0720515823987966     
         675  0.80701808131348007     
         676  0.97958697934703087     
         677  0.87736782491091081     
         678  0.83847769105167691     
         679  0.64142091889977826     
         680  0.50562372876766826     
         681  0.44539203504590857     
         682  0.53169117380643893     
         683  0.17047650247141438     
         684  0.13430590148510876     
         685  0.30479554727289215     
         686  0.21009256571526261     
         687   1.0359755828218022     
         688   1.5323112850429197     
         689   1.1018776182792280     
         690   1.2658314092438125     
         691  0.87403798079583239     
         692  0.84339137294324396     
         693  0.92073738856730369     
         694  0.88212286611380875     
         695  0.67340574060852720     
         696   1.0904879117545934     
         697   1.0494331035120847     
         698   1.0548790868571150     
         699   1.1705998892148131     
         700   1.2657863591561562     
         701   1.1797588078264354     
         702   1.1977017321519534     
         703  0.51094546999125046     
         704  0.37362463040829380     
         705  0.47824478366262291     
         706  0.42652481924078256     
         707  0.84883733932206706     
         708  0.80158629510466894     
         709  0.82175531874237118     
         710   1.0843153094509184     
         711   1.1352547759667513     
         712   1.1689783714868063     
         713  0.32693079458646401     
         714  0.28634399320331305     
         715  0.37746610298273808     
         716  0.32243498413079330     
         717  0.16012854703819085     
         718  0.21346971559341399     
         719  0.27367428069902344     
         720  0.22427902071195285     
         721  0.10881717660234286     
         722  0.31349583000590703     
         723  0.30592085392311247     
         724  0.24191612256680375     
         725  0.13861115131285559     
         726  0.11300638308927168     
         727  0.27329013246000833     
         728  0.10929240447019810     
         729   8.8132321978870679E-002
         730  0.19271614167263740     
         731  0.18348897313353904     
         732   8.7427258966755336E-002
         733  0.32297150871010338     
         734  0.45242965343303937     
         735  0.37003237068974337     
         736  0.31896073362654553     
         737  0.37964384272610674     
         738  0.46217873213120092     
         739  0.34272732194815830     
         740  0.35605304715651231     
         741  0.50132171911043355     
         742  0.55009839372504454     
         743  0.99073291507557970     
         744  0.94168457646083781     
         745   1.0020151660732870     
         746  0.92364271059579695     
         747   1.3408853344727394     
         748   1.0023431789158805     
         749   1.0987274905970397     
         750   1.6741166129324996     
         751   1.4868933340636747     
         752   1.7011175867727806     
         753  0.44543883611514035     
         754  0.45056119837138503     
         755  0.26256215207293510     
         756  0.33057794263541707     
         757  0.43211231456466342     
         758  0.40979301495345671     
         759  0.52659014548188032     
         760  0.44312205783932163     
         761  0.59735019165218795     
         762  0.80552185530674947     
         763  0.70494915595076479     
         764  0.70494220678325681     
         765  0.49309626440367976     
         766  0.45086991275761085     
         767  0.41282663869421671     
         768  0.65049507634337833     
         769  0.61561409086964791     
         770  0.77290086631077104     
         771  0.63444821028488030     
         772  0.84989699533613894     
         773  0.77446448884596275     
         774  0.80777917651069475     
         775  0.52665039315873308     
         776  0.62929404774091680     
         777  0.57517657638663411     
         778  0.73827656336194580     
         779  0.70714401068372756     
         780  0.73558930907503184     
         781  0.92280758159454190     
         782   1.1198105657358697     
         783  0.87610188594911020     
         784   1.0252708979299836     
         785  0.93594127154581430     
         786  0.98930566113383100     
         787  0.98832784941013307     
         788   1.6347883751496135     
         789   1.0500235151412234     
         790  0.51600751088811592     
         791  0.51868448081301244     
         792  0.56981930763605226     
         793  0.56836373326748135     
         794  0.66199655801960222     
         795  0.53423294483132311     
         796  0.60877205256281230     
         797  0.62353570148144810     
         798  0.58792376414615843     
         799  0.72138588709208096     
         800  0.64682124358811199     
         801  0.64485872416822121     
         802  0.82322125530369206     
         803  0.81458453584484836     
         804  0.83506535213304844     
         805  0.90261775215338669     
         806  0.95346014329240047     
         807  0.99509942421362119     
         808  0.95956308785698019     
         809  0.77588164481516275     
         810  0.68146423657888444     
         811  0.63662530758720248     
         812  0.72697496850721710     
         813  0.77238150185101950     
         814  0.65310356596401820     
         815  0.75846208081072952     
         816  0.71856887236472466     
         817  0.69446989687070571     
         818  0.77593287656023524     
         819  0.78854288558588637     
         820  0.74970836953095621     
         821  0.70823292701647400     
         822  0.78708326219715397     
         823  0.77735444961882294     
         824  0.74618514978444273     
         825  0.71029777784814319     
         826  0.55631304683610439     
         827  0.59463213385112379     
         828  0.61458650179239738     
         829   1.4687598665555284     
         830  0.77716591168006821     
         831  0.57656157752513593     
         832  0.62132543350667613     
         833  0.65887263403655949     
         834  0.47956568646564141     
         835  0.49959844760880195     
         836  0.39638088646794750     
         837  0.48134286436583951     
         838  0.90894240165522422     
         839  0.84801253625935813     
         840  0.87932998119529460     
         841  0.68468213103147357     
         842  0.80177569655501968     
         843  0.79140274449652204     
         844  0.75739161965623247     
         845  0.82897751680667753     
         846  0.82404232548638434     
         847  0.72009893654569146     
         848  0.79332789469955156     
         849  0.58420698340705202     
         850  0.61835672401951225     
         851  0.72789783228323479     
         852  0.64696241977621294     
         853  0.59418882379563032     
         854  0.81894251732926604     
         855  0.78638201363397275     
         856  0.74112041176059784     
         857  0.87998910889529325     
         858  0.92531027458006399     
         859  0.87541682434403689     
         860  0.65310666735478717     
         861  0.95384437636955066     
         862  0.85948586064587895     
         863  0.47569083148706270     
         864  0.53717507087406879     
         865  0.43473993907553626     
         866  0.56710818894921444     
         867  0.21575521590367558     
         868  0.50539119614938444     
         869  0.36015672954945765     
         870  0.32803823889890510     
         871  0.63785934413337209     
         872  0.64507886688248628     
         873  0.61737617624266394     
         874   1.2148077307930072     
         875   1.2910337902577731     
         876   1.3678450268875562     
         877   1.3049305313954827     
         878  0.85086954668998938     
         879  0.95345906653431911     
         880  0.82686177806867045     
         881  0.87981537701376200     
         882  0.85440446998889763     
         883  0.92424114439262262     
         884   1.2605336883739016     
         885  0.95846652459274062     
         886   1.2112380949069834     
         887   1.7499331740062849     
         888   1.0870426494408385     
         889   1.2449434445234777     
         890  0.95005822974673571     
         891   1.0284380825829107     
         892   1.5025177666779714     
         893   1.6837051077617047     
         894   1.5746908124442272     
         895  0.95215221625489099     
         896  0.59522052509338730     
         897  0.68501363251468095     
         898  0.73631484795191404     
         899  0.47929346600733430     
         900  0.53513612154131496     
         901  0.62069200889527854     
         902  0.52403901999005709     
         903  0.51050529710965753     
         904  0.49711592628795881     
         905  0.53138588268725107     
         906  0.54521364727720101     
         907  0.42235649274631198     
         908  0.37354683393537008     
         909  0.45068950798070362     
         910  0.42796193937637611     
         911  0.56452425932331252     
         912  0.62600360163691204     
         913  0.47788247449162685     
         914  0.63890390715585765     
         915  0.48194775981190624     
         916  0.58652160301766532     
         917   1.0512798628359361     
         918  0.62066758543624634     
         919  0.89811660846421881     
         920  0.84368279439390981     
         921  0.98953867086945380     
         922  0.74682831336628153     
         923  0.59058542177280215     
         924  0.77731080877752412     
         925   1.0061792479362264     
         926  0.87353008368070706     
         927   1.4279887368897251     
         928   1.0507781587795306     
         929  0.87643950492462985     
         930  0.93204446125731655     
         931  0.81588739909621633     
         932  0.84700258349130730     
         933   1.1901186480530210     
         934   1.3385370165392834     
         935   1.2664839806477388     
         936   1.2138374300747818     
         937   1.1431513380091629     
         938   1.1964922907667317     
         939  0.79429344104943578     
         940  0.77142033526153442     
         941  0.71199978705438460     
         942  0.78345099615691238     
         943  0.89945457354552660     
         944  0.84511368815907573     
         945  0.90982131770010666     
         946  0.88145593479357065     
         947   1.1121392067626312     
         948   1.0156709445732703     
         949   1.0492246868769333     
         950   1.0793810704128313     
         951  0.85237384455924126     
         952  0.78502008406021162     
         953  0.78923027532034051     
         954  0.76896297631005162     
         955   1.1478530031150742     
         956   1.0019366756045149     
         957   1.0907006421066594     
         958   1.0170283096002382     
         959  0.97475145049447820     
         960  0.95347915607656519     
         961  0.85057768529480904     
         962  0.93013087176821352     
         963   1.0621317463825215     
         964   1.1002224663623912     
         965   1.1740886440442644     
         966   1.0980868148458738     
         967   1.2371031761290376     
         968  0.86202354481246091     
         969  0.96623147652897134     
         970  0.99536147022781074     
         971  0.91752940814040251     
         972  0.94356322017670824     
         973  0.99544758448048032     
         974  0.93691388375250162     
         975   1.0250167149619334     
         976   1.1866204902855975     
         977   1.0380989421580580     
         978   1.1471297266032656     
         979   1.1494215037300133     
         980   1.0663815768930562     
         981   1.4087025446308039     
         982   1.2111330455761580     
         983   1.1307145947809398     
         984   1.7314255748374068     
         985   1.5974380029679160     
         986   1.3314216065259221     
         987   1.5663345642817037     
         988   1.0207501576967992     
         989   1.2716420430764355     
         990  0.94384258398437637     
         991   1.0989270734834378     
         992  0.95281846035826856     
         993  0.99632095275518229     
         994   1.1737161054183354     
         995   1.1226396380470758     
         996   1.1800749968911843     
         997   1.2459419722553788     
         998   1.5763437087758292     
         999   1.9810932161740100     
        1000   1.9050571469007642     
        1001   1.2212231247431300     
        1002   2.2780885411628486     
        1003   2.1385129319131386     
        1004   1.4577310958578380     
        1005   1.7978919121711645     
        1006   1.0027578135158512     
        1007  0.86535495988028743     
        1008   1.0034045951906472     
        1009  0.97670185352698813     
        1010  0.15149366452274610     
        1011  0.39327046360267098     
        1012  0.40799612343392083     
        1013  0.22241053049916348     
        1014  0.23170739705552804     
        1015  0.22463239401160662     
        1016  0.32768730147351594     
        1017  0.26427917169033738     
        1018 -0.51321807992575963     
        1019 -0.64632609430080468     
        1020 -0.59278720142578523     
        1021 -0.63861173218068235     
        1022 -0.33132897845951836     
        1023 -0.33413252541461103     
        1024 -0.40487723836303185     
        1025 -0.34801883275919460     
        1026  0.34154878866206306     
        1027  0.28290395315770145     
        1028  0.25927749070578687     
        1029  0.29603939182925920     
        1030  0.32984310587704918     
        1031  0.38146305332426528     
        1032  0.30663298409791456     
        1033   1.1825812067012589     
        1034  0.75796202304934190     
        1035  0.77544849568708174     
        1036  0.64393011632264041     
        1037  0.71869349729467114     
        1038   1.1052173197086821     
        1039   1.2208921323529836     
        1040   1.0489865275146675     
        1041   1.1472156342548931     
        1042   1.1647755808161107     
        1043  0.99824561357529751     
        1044   1.1294177035115589     
        1045   1.3349281038744942     
        1046   1.0731598646433700     
        1047   1.1116359410493042     
        1048   1.2292121602841557     
        1049   1.1129143429332915     
        1050   1.1442369616885804     
        1051   1.0754594279282808     
        1052   1.2753291249804011     
        1053   1.1919364203289009     
        1054   1.2561540422664417     
        1055 -0.17234891732125138     
        1056 -0.17895913862542243     
        1057 -0.19085751491885378     
        1058 -0.20220769938170235     
        1059  -7.5545920869064045E-002
        1060 -0.10955558128413181     
        1061 -0.11876933092573594     
        1062  0.10812872970694125     
        1063 -0.40114958488613295     
        1064 -0.54410273487331262     
        1065 -0.52197840030011555     
        1066 -0.51160046078892041     
        1067  0.46388789180104884     
        1068  0.42325382671226863     
        1069  0.54377850225761803     
        1070  0.52005162581274422     
        1071  0.60536823122839178     
        1072 -0.35335728756670254     
        1073 -0.41793280386961251     
        1074 -0.42730976122874620     
        1075 -0.38081197735754563     
        1076 -0.35837953856185656     
        1077 -0.36184358644772796     
        1078 -0.28866583043252764     
        1079 -0.32386509144688080     
        1080 -0.54463908547588424     
        1081 -0.60755785898287828     
        1082 -0.54750538309388075     
        1083 -0.58749664892244913     
        1084 -0.45986789481588908     
        1085 -0.50346461456358005     
        1086 -0.49397780356543874     
        1087 -0.54378492334340356     
        1088 -0.35306405498399168     
        1089 -0.49092405991339222     
        1090 -0.47883063665279174     
        1091 -0.43889737942549434     
        1092 -0.36232032491529603     
        1093 -0.38215292247258936     
        1094 -0.38080956353595014     
        1095 -0.41469927052032185     
        1096 -0.81109164705605308     
        1097 -0.67331095559047249     
        1098 -0.70061873291779009     
        1099 -0.76869126929996190     
        1100 -0.50103446598200441     
        1101 -0.49933220097400183     
        1102 -0.78468062414389306     
        1103 -0.78694987955426987     
        1104 -0.79916284795738701     
        1105  -1.0392667051847437     
        1106 -0.62453138099706773     
        1107 -0.54843082223094008     
        1108 -0.67930104478638431     
        1109 -0.67457393989426906     
        1110 -0.45311734729637637     
        1111 -0.43942782205089032     
        1112 -0.44660718347945932     
        1113 -0.48458068326493531     
        1114 -0.91793708704464483     
        1115 -0.64195811721009466     
        1116 -0.72612219566084812     
        1117 -0.68442285734576302     
        1118 -0.83219807127583234     
        1119 -0.66907657829485523     
        1120  -1.1642147061551438     
        1121 -0.89660491011813581     
        1122 -0.72143876223810854     
        1123 -0.76826420253830252     
        1124 -0.84475221677027501     
        1125 -0.78321298061960443     
        1126 -0.69883886808321694     
        1127 -0.65465405983139180     
        1128 -0.68565219346071959     
        1129 -0.64247198488904100     
        1130 -0.51065694228718395     
        1131 -0.58569212860421749     
        1132 -0.68464315311488599     
        1133 -0.52527112251537789     
        1134 -0.78212791337967658     
        1135 -0.81652402660175816     
        1136 -0.75143886203771426     
        1137 -0.89513824405077513     
        1138 -0.62036502785332992     
        1139 -0.58100562723618177     
        1140 -0.53983861754931739     
        1141 -0.62278193216389677     
        1142 -0.54182582832445281     
        1143 -0.58459706056788252     
        1144 -0.56858944892473073     
        1145 -0.60734285866356241     
        1146 -0.56068330629149243     
        1147 -0.54346406999334529     
        1148 -0.53140999027047409     
        1149 -0.76456140017374219     
        1150 -0.97878952744810066     
        1151 -0.78403906454150540     
        1152 -0.84483316877115000     
        1153 -0.58102846692572230     
        1154 -0.76723437542314088     
        1155 -0.71632673709294159     
        1156 -0.74032047323232419     
        1157 -0.72980729161460201     
        1158 -0.72864777740359121     
        1159 -0.81686221319383978     
        1160 -0.83974937680172324     
        1161 -0.86366879977233402     
        1162 -0.89848678212568034     
        1163 -0.81448160548230231     
        1164 -0.97183787701805813     
        1165 -0.63218816004481171     
        1166 -0.49110914372016384     
        1167 -0.55833490396190066     
        1168 -0.51811697345754737     
        1169 -0.66269743600688646     
        1170 -0.61577636578992301     
        1171 -0.66316037474994149     
        1172 -0.68650154106367356     
        1173 -0.67336551275272527     
        1174 -0.51662301659818066     
        1175 -0.60097088127723741     
        1176 -0.52581279518486834     
        1177 -0.49874159240161320     
        1178 -0.75311349487388568     
        1179 -0.62234734628323307     
        1180 -0.67347228278451288     
        1181 -0.66295205885328767     
        1182 -0.84801786941456703     
        1183 -0.75520231538654459     
        1184 -0.71642686616144202     
        1185 -0.78089519678869934     
        1186 -0.73223756808007578     
        1187 -0.68298753854014771     
        1188 -0.72454710726015337     
        1189 -0.67934400722735688     
        1190 -0.57896017301609071     
        1191 -0.52615305035625881     
        1192 -0.47434260104655163     
        1193 -0.49827403215680804     
        1194 -0.62402503869185955     
        1195 -0.59779103828122349     
        1196 -0.72849078554565949     
        1197 -0.65950537903774442     
        1198 -0.72276118898195352     
        1199 -0.79719334184519242     
        1200 -0.79401623168487989     
        1201 -0.74920010751998722     
        1202 -0.89160852174484384     
        1203 -0.95058615348699027     
        1204 -0.86668883015575271     
        1205 -0.88272087406190780     
        1206 -0.88670201033384377     
        1207 -0.56639051953879604     
        1208 -0.62543356121694016     
        1209 -0.60656612160061152     
        1210 -0.58021585917854368     
        1211 -0.92939569881705653     
        1212 -0.82914662235526992     
        1213 -0.98526658258723954     
        1214 -0.96543478128404359     
        1215 -0.77872006871440436     
        1216 -0.63099336119030169     
        1217 -0.71504312288060490     
        1218 -0.73423086130006709     
        1219 -0.88953048426726022     
        1220 -0.81371003291743360     
        1221 -0.85825458003143185     
        1222 -0.96029292508432051     
        1223 -0.85298090533232240     
        1224 -0.88648492484188623     
        1225 -0.91738691014118678     
        1226 -0.80484803801346638     
        1227 -0.75630769420775812     
        1228 -0.82972904769615785     
        1229 -0.78455431585565216     
        1230 -0.78387213801494471     
        1231 -0.82534467873702400     
        1232 -0.73286827159329071     
        1233 -0.76525691946680363     
        1234 -0.70835485506480644     
        1235 -0.68089397928455520     
        1236 -0.66876793770095022     
        1237 -0.66279597897895903     
        1238 -0.63145140857054050     
        1239 -0.73049496520646806     
        1240 -0.82409386456263056     
        1241 -0.67714835856568001     
        1242 -0.90539121183746663     
        1243  -1.0915310860770797     
        1244 -0.91863614726317666     
        1245 -0.98965908256460444     
        1246 -0.89808524549515567     
        1247 -0.92913233651098925     
        1248 -0.95688229816061787     
        1249 -0.90731188679882113     
        1250 -0.77560338815432417     
        1251 -0.81340315250835660     
        1252  0.52533652429084965     
        1253  0.41670309508885872     
        1254  0.33143626634888640     
        1255  0.42906818264216717     
        1256  0.47426210953810938     
        1257 -0.23046019459703970     
        1258 -0.33652818172206234     
        1259 -0.25339380185612725     
        1260 -0.27173350899501980     
        1261  0.16636313314901330     
        1262 -0.16294436084045300     
        1263  -8.2940510932623626E-002
        1264  -1.9260958231277266E-002
        1265 -0.14033926432604538     
        1266 -0.17106673866809025     
        1267 -0.21288854688941267     
        1268 -0.18035693847989151     
        1269 -0.26597255016951010     
        1270 -0.14504878520264508     
        1271 -0.21548290467953957     
        1272 -0.23014158249037486     
        1273 -0.13751300568843466     
        1274  -6.4668652577692609E-002
        1275  -8.1081883980254815E-002
        1276  -8.5450824022191035E-002
        1277 -0.19752811967884129     
        1278 -0.25972638036534645     
        1279 -0.15432903679519153     
        1280 -0.22135001346568584     
        1281  0.56080240055875841     
        1282  0.50819473818966010     
        1283  0.33706481209078704     
        1284  0.39633430983995138     
        1285 -0.20920883075997104     
        1286 -0.22929277175105733     
        1287 -0.32068409020961997     
        1288 -0.27210067442520003     
        1289 -0.45864357402943412     
        1290 -0.42542913803163562     
        1291 -0.42575359952552561     
        1292 -0.42665634809447539     
        1293 -0.38005857276407295     
        1294 -0.37073347320426808     
        1295 -0.40277230624131838     
        1296 -0.39025602001114834     
        1297 -0.29525938945028446     
        1298 -0.37744140078453964     
        1299 -0.33820752893004580     
        1300 -0.32031449374826854     
        1301  -5.2488639367011147E-002
        1302  -2.1244918163569660E-003
        1303 -0.14121235219721273     
        1304  -8.4192599025556009E-002
        1305  0.15046510435771432     
        1306  0.22210010794065715     
        1307  0.13258790037742521     
        1308  0.19515128999237602     
        1309 -0.31342490370117532     
        1310 -0.41859225032565833     
        1311 -0.49925431978052554     
        1312 -0.48748364237816894     
        1313 -0.29128259644981941     
        1314 -0.28790986914040373     
        1315 -0.22386359874483802     
        1316 -0.26788426776222624     
        1317 -0.16326288369485373     
        1318   2.1776191304340740E-002
        1319  -7.4195269156115309E-002
        1320  -4.9526603578044504E-002
        1321 -0.27342510161931527     
        1322 -0.26146006548511030     
        1323 -0.33456773601092532     
        1324 -0.28195757642045288     
        1325 -0.46928820133498234     
        1326 -0.49948981049142710     
        1327 -0.60322964105096333     
        1328 -0.54882266676179603     
        1329 -0.24870486878523362     
        1330 -0.36357097977610908     
        1331 -0.40433554779258107     
        1332 -0.35888836539899355     
        1333 -0.15390162069237004     
        1334 -0.22792326651802319     
        1335 -0.27462439827153456     
        1336 -0.22459302235567191     
        1337 -0.12511017589825202     
        1338 -0.21985331467141742     
        1339 -0.18132775021817971     
        1340 -0.19848853981694337     
        1341 -0.25288924050222517     
        1342 -0.45057126885816451     
        1343 -0.28214326555239649     
        1344 -0.34442647533885251     
        1345  -4.5174800532067162E-002
        1346 -0.13874039193749177     
        1347 -0.12885933905674035     
        1348  -2.4951879538429762E-003
        1349   2.6261752749382797E-003
        1350 -0.15732324201754425     
        1351 -0.23642448399302715     
        1352  -9.4203794321300244E-002
        1353 -0.49443107188965113     
        1354 -0.45575873776312981     
        1355 -0.56285435679486662     
        1356 -0.53222955708414543     
        1357  -1.4014329748791856E-002
        1358   3.9261539543323933E-002
        1359  0.15696070371630963     
        1360  0.22132075382777902     
        1361  0.19137715000865541     
        1362  0.21509446392781864     
        1363  -3.8590894132601215E-002
        1364  0.13196653004786732     
        1365   9.7357229290112646E-002
        1366   7.6594883044749568E-002
        1367   1.9518078754873838E-002
        1368   7.6945613205246968E-002
        1369 -0.40949274303400746     
        1370 -0.37316177725996608     
        1371 -0.40175076594427017     
        1372 -0.38493106864948617     
        1373  0.27347839606508684     
        1374  0.13817966263021816     
        1375   6.4436589132752964E-002
        1376  0.14800293413034721     
        1377  0.24943724878638521     
        1378  0.30957703241700679     
        1379  0.33614686478741074     
        1380  0.30510529488431676     
        1381  0.29268199033032244     
        1382  0.30300934095495363     
        1383  0.16670000261531184     
        1384  0.24076597011918727     
        1385  0.14314242960476892     
        1386   6.0806631720368320E-002
        1387 -0.15075284139587250     
        1388   8.3875954198363037E-002
        1389 -0.35434746555526714     
        1390 -0.23683133557683836     
        1391 -0.26049715361374326     
        1392 -0.57980483239469671     
        1393 -0.46600829058034920     
        1394 -0.46287126578126447     
        1395 -0.49389772006609434     
        1396 -0.47183941188862399     
        1397 -0.45529489364814119     
        1398 -0.42789836497416056     
        1399 -0.70329964817829782     
        1400 -0.53852321980225371     
        1401 -0.61669158358137399     
        1402 -0.70717265094160431     
        1403 -0.10356715670461893     
        1404  -8.1282308163450279E-002
        1405 -0.17612208338001298     
        1406 -0.13317779829054463     
        1407 -0.47224465175443525     
        1408 -0.36790825836715546     
        1409 -0.42451139453729425     
        1410 -0.39891489155091836     
        1411 -0.35358921825167322     
        1412 -0.30330076814508361     
        1413 -0.25461411046767168     
        1414 -0.32101084741702623     
        1415   7.9667622479339173E-002
        1416  0.13337612788737857     
        1417   7.2311306106518841E-005
        1418   4.9728991683381081E-002
        1419   4.6034719958313056E-002
        1420   6.5755234312170514E-003
        1421 -0.79212781931794085     
        1422 -0.76898776158734872     
        1423 -0.83511531509527459     
        1424 -0.84920073825556386     
        1425 -0.66971560680214659     
        1426 -0.67367628887200515     
        1427 -0.68717187024804793     
        1428 -0.64735430813680250     
        1429 -0.11275533627381913     
        1430 -0.36042366057282699     
        1431 -0.16191535336952967     
        1432  0.51406204585568438     
        1433  0.18446678940101274     
        1434  0.28953626812432026     
        1435  0.23407601986120918     
        1436  0.45259991693856993     
        1437  0.36315409767299561     
        1438  0.36657819161369459     
        1439  0.38287500750040843     
        1440 -0.62711248172288125     
        1441 -0.64322712156189910     
        1442 -0.58298560613874195     
        1443 -0.56756612415954244     
        1444 -0.43749569693632817     
        1445 -0.45658728551641259     
        1446 -0.46862535633983360     
        1447 -0.56603934035705639     
        1448 -0.76774066302449939     
        1449 -0.78849585969795344     
        1450 -0.67215824278695302     
        1451 -0.76863643568061890     
        1452 -0.77212859626787167     
        1453 -0.89237822853823956     
        1454 -0.75180526755033361     
        1455 -0.82095144218043115     
        1456 -0.62936678168682580     
        1457 -0.56274708262707684     
        1458 -0.62913849336475691     
        1459 -0.57056377112867274     
        1460 -0.84153176091407400     
        1461 -0.68779712302925478     
        1462 -0.74679824986794752     
        1463 -0.72907122225657151     
        1464 -0.69606560713199150     
        1465 -0.70378820832744426     
        1466 -0.76519344749279228     
        1467 -0.74409398954598471     
        1468 -0.60587518006555319     
        1469 -0.55762636380132635     
        1470 -0.91691881407714693     
        1471 -0.78301874947460059     
        1472 -0.52937246486833378     
 time 1.0e30
