  0.4544500000E-01
  0.1077770000E+00
  0.1694220000E+00
  0.3219270000E+00
  0.4635820000E+00
  0.6048250000E+00
  0.7355470000E+00
  0.8443010000E+00
  0.9514550000E+00
  0.1059430000E+01
  0.1194044000E+01
  0.1328671000E+01
  0.1508493000E+01
  0.1645645000E+01
  0.1786691000E+01
  0.1970948000E+01
  0.2113255000E+01
  0.2255688000E+01
  0.2372380000E+01
  0.2491086000E+01
  0.2636117000E+01
  0.2779621000E+01
  0.2923480000E+01
  0.3064344000E+01
  0.3205216000E+01
  0.3347877000E+01
  0.3490696000E+01
  0.3632717000E+01
  0.3775944000E+01
  0.3918036000E+01
  0.4061738000E+01
  0.4204328000E+01
  0.4350817000E+01
  0.4473675000E+01
  0.4810536000E+01
  0.4994124000E+01
  0.5176825000E+01
  0.5358189000E+01
  0.5448378000E+01
  0.5585722000E+01
  0.5709532000E+01
  0.5852974000E+01
  0.6059937000E+01
  0.6177989000E+01
  0.6299085000E+01
  0.6423372000E+01
  0.6578300000E+01
  0.6710180000E+01
  0.6838082000E+01
  0.6962864000E+01
  0.7085469000E+01
  0.7220445000E+01
  0.7384644000E+01
  0.7494356000E+01
  0.7607139000E+01
  0.7717903000E+01
  0.7834138000E+01
  0.7933152000E+01
  0.8031028000E+01
  0.8150081000E+01
  0.8288094000E+01
  0.8427374000E+01
  0.8568916000E+01
  0.8710589000E+01
  0.8807831000E+01
  0.8906180000E+01
  0.9001234000E+01
  0.9119014000E+01
  0.9238133000E+01
  0.9354989000E+01
  0.9450478000E+01
  0.9548715000E+01
  0.9648066000E+01
  0.9792646000E+01
  0.9910043000E+01
  0.1002705200E+02
  0.1012543500E+02
  0.1022688900E+02
  0.1032746400E+02
  0.1042740700E+02
  0.1052767200E+02
  0.1062908800E+02
  0.1072689300E+02
  0.1082591000E+02
  0.1092578300E+02
  0.1102460100E+02
  0.1112107000E+02
  0.1121219600E+02
  0.1130790400E+02
  0.1140400400E+02
  0.1149641100E+02
  0.1159134700E+02
  0.1168651000E+02
  0.1178255800E+02
  0.1187695700E+02
  0.1197166000E+02
  0.1206660600E+02
  0.1216451000E+02
  0.1226335200E+02
  0.1236231500E+02
  0.1246321800E+02
  0.1256333800E+02
  0.1266121000E+02
  0.1275959600E+02
  0.1285793400E+02
  0.1295544400E+02
  0.1305046100E+02
  0.1314560300E+02
  0.1324122700E+02
  0.1333780300E+02
  0.1343504000E+02
  0.1353205800E+02
  0.1362674800E+02
  0.1371939800E+02
  0.1381650200E+02
  0.1391319000E+02
  0.1401180600E+02
  0.1410861200E+02
  0.1420601000E+02
  0.1430381400E+02
  0.1440220500E+02
  0.1454577500E+02
  0.1464028400E+02
  0.1473334400E+02
  0.1482481100E+02
  0.1491686800E+02
  0.1501871600E+02
  0.1511966100E+02
  0.1521973800E+02
  0.1531994300E+02
  0.1542101800E+02
  0.1552168200E+02
  0.1562117700E+02
  0.1571909500E+02
  0.1581683400E+02
  0.1591494500E+02
  0.1601195800E+02
  0.1613055400E+02
  0.1624295700E+02
  0.1635711900E+02
  0.1645158500E+02
  0.1654829800E+02
  0.1664740600E+02
  0.1674774900E+02
  0.1682899200E+02
  0.1690830500E+02
  0.1698475400E+02
  0.1706141900E+02
  0.1714132700E+02
  0.1721818200E+02
  0.1729460900E+02
  0.1737178000E+02
  0.1744927100E+02
  0.1752921000E+02
  0.1762988400E+02
  0.1772986200E+02
  0.1782643600E+02
  0.1792301800E+02
  0.1802247000E+02
  0.1812188500E+02
  0.1822056900E+02
  0.1831617200E+02
  0.1839350600E+02
  0.1846898400E+02
  0.1854628100E+02
  0.1862358700E+02
  0.1870109200E+02
  0.1877916900E+02
  0.1885774600E+02
  0.1893647300E+02
  0.1901500900E+02
  0.1909390000E+02
  0.1917208500E+02
  0.1925020900E+02
  0.1932954000E+02
  0.1940591000E+02
  0.1948592500E+02
  0.1956162200E+02
  0.1963902000E+02
  0.1971498800E+02
  0.1979315800E+02
  0.1987223100E+02
  0.1995114900E+02
  0.2003040400E+02
  0.2010876200E+02
  0.2018666100E+02
  0.2026608700E+02
  0.2034376500E+02
  0.2042172200E+02
  0.2049781200E+02
  0.2057306700E+02
  0.2064891500E+02
  0.2072866800E+02
  0.2082777200E+02
  0.2092453600E+02
  0.2102228100E+02
  0.2111477300E+02
  0.2120946200E+02
  0.2130575100E+02
  0.2140142700E+02
  0.2149457800E+02
  0.2157175200E+02
  0.2164860600E+02
  0.2172557200E+02
  0.2180458800E+02
  0.2188166200E+02
  0.2195977000E+02
  0.2203674900E+02
  0.2211373800E+02
  0.2219108100E+02
  0.2226757500E+02
  0.2234472300E+02
  0.2242355200E+02
  0.2250077100E+02
  0.2257733100E+02
  0.2265576900E+02
  0.2273444500E+02
  0.2281254800E+02
  0.2289023000E+02
  0.2296810000E+02
  0.2304745500E+02
  0.2312572500E+02
  0.2320336800E+02
  0.2328065000E+02
  0.2335821000E+02
  0.2343540700E+02
  0.2351168200E+02
  0.2358824800E+02
  0.2366514300E+02
  0.2374185800E+02
  0.2381948000E+02
  0.2390145300E+02
  0.2398318100E+02
  0.2406448500E+02
  0.2414282500E+02
  0.2422047400E+02
  0.2429857000E+02
  0.2437899800E+02
  0.2445942100E+02
  0.2453821000E+02
  0.2461962300E+02
  0.2469970900E+02
  0.2478313800E+02
  0.2486411400E+02
  0.2494534300E+02
  0.2500346700E+02
  0.2506194500E+02
  0.2512299300E+02
  0.2518697800E+02
  0.2524952700E+02
  0.2531060500E+02
  0.2536988900E+02
  0.2542892400E+02
  0.2548722300E+02
  0.2554537800E+02
  0.2560287600E+02
  0.2566047300E+02
  0.2571860900E+02
  0.2577616300E+02
  0.2583349300E+02
  0.2589097300E+02
  0.2594852400E+02
  0.2600604500E+02
  0.2606371100E+02
  0.2612232900E+02
  0.2617998500E+02
  0.2623801800E+02
  0.2629603800E+02
  0.2635381900E+02
  0.2641252700E+02
  0.2647261100E+02
  0.2653275300E+02
  0.2659157600E+02
  0.2665002100E+02
  0.2670857000E+02
  0.2676868200E+02
  0.2682697100E+02
  0.2688509600E+02
  0.2694329000E+02
  0.2700112200E+02
  0.2705919800E+02
  0.2711700300E+02
  0.2717479200E+02
  0.2723321800E+02
  0.2729252800E+02
  0.2735063600E+02
  0.2740877000E+02
  0.2746806400E+02
  0.2753084500E+02
  0.2758942100E+02
  0.2764771200E+02
  0.2770506700E+02
  0.2776223100E+02
  0.2781960500E+02
  0.2787665600E+02
  0.2793408400E+02
  0.2799151100E+02
  0.2804866200E+02
  0.2810687900E+02
  0.2816443600E+02
  0.2822247200E+02
  0.2827979600E+02
  0.2833811200E+02
  0.2839674800E+02
  0.2845420200E+02
  0.2851371500E+02
  0.2857241100E+02
  0.2863017000E+02
  0.2869020800E+02
  0.2874787900E+02
  0.2880502200E+02
  0.2886279600E+02
  0.2892084800E+02
  0.2897825600E+02
  0.2903560800E+02
  0.2909324800E+02
  0.2915091600E+02
  0.2920780900E+02
  0.2926554100E+02
  0.2932344700E+02
  0.2938193600E+02
  0.2943965300E+02
  0.2949754100E+02
  0.2955505400E+02
  0.2961233900E+02
  0.2966976100E+02
  0.2972718700E+02
  0.2978629400E+02
  0.2984490900E+02
  0.2990466300E+02
  0.2996410500E+02
  0.3002167200E+02
  0.3007927600E+02
  0.3013940600E+02
  0.3019912900E+02
  0.3026262800E+02
  0.3032122300E+02
  0.3037943000E+02
  0.3043785200E+02
  0.3049640500E+02
  0.3055586100E+02
  0.3061569600E+02
  0.3067541000E+02
  0.3073413100E+02
  0.3079286900E+02
  0.3085146900E+02
  0.3091454600E+02
  0.3097814200E+02
  0.3103988300E+02
  0.3109962600E+02
  0.3115859800E+02
  0.3121734100E+02
  0.3127647700E+02
  0.3133492200E+02
  0.3139376400E+02
