   0.1000000000E+01
   0.2962962963E+00
   0.8779149520E-01
   0.8779149520E-01
   0.1316872428E+00
   0.1975308642E+00
   0.2962962963E+00
   0.4444444444E+00
   0.6666666667E+00
   0.1000000000E+01
   0.1500000000E+01
   0.1500000000E+01
   0.1500000000E+01
   0.2250000000E+01
   0.2250000000E+01
   0.2250000000E+01
   0.2250000000E+01
   0.2250000000E+01
   0.2250000000E+01
   0.2250000000E+01
   0.2250000000E+01
   0.2250000000E+01
   0.2250000000E+01
   0.2250000000E+01
   0.2250000000E+01
   0.2250000000E+01
   0.2250000000E+01
   0.2250000000E+01
   0.2250000000E+01
   0.2250000000E+01
   0.2250000000E+01
   0.2250000000E+01
   0.2250000000E+01
   0.2250000000E+01
   0.1000000000E+01
   0.1000000000E+01
   0.1000000000E+01
   0.1000000000E+01
   0.1500000000E+01
   0.2250000000E+01
   0.2250000000E+01
   0.2250000000E+01
   0.2250000000E+01
   0.2250000000E+01
   0.2250000000E+01
   0.3375000000E+01
   0.3375000000E+01
   0.3375000000E+01
   0.3375000000E+01
   0.3375000000E+01
   0.3375000000E+01
   0.3375000000E+01
   0.2250000000E+01
   0.2250000000E+01
   0.2250000000E+01
   0.2250000000E+01
   0.3375000000E+01
   0.3375000000E+01
   0.3375000000E+01
   0.3375000000E+01
   0.3375000000E+01
   0.3375000000E+01
   0.3375000000E+01
   0.3375000000E+01
   0.3375000000E+01
   0.3375000000E+01
   0.3375000000E+01
   0.3375000000E+01
   0.3375000000E+01
   0.3375000000E+01
   0.3375000000E+01
   0.3375000000E+01
   0.3375000000E+01
   0.3375000000E+01
   0.3375000000E+01
   0.3375000000E+01
   0.3375000000E+01
   0.3375000000E+01
   0.3375000000E+01
   0.3375000000E+01
   0.3375000000E+01
   0.3375000000E+01
   0.3375000000E+01
   0.3375000000E+01
   0.3375000000E+01
   0.3375000000E+01
   0.3375000000E+01
   0.3375000000E+01
   0.3375000000E+01
   0.3375000000E+01
   0.3375000000E+01
   0.3375000000E+01
   0.3375000000E+01
   0.3375000000E+01
   0.3375000000E+01
   0.3375000000E+01
   0.3375000000E+01
   0.3375000000E+01
   0.3375000000E+01
   0.3375000000E+01
   0.3375000000E+01
   0.3375000000E+01
   0.3375000000E+01
   0.3375000000E+01
   0.3375000000E+01
   0.3375000000E+01
   0.3375000000E+01
   0.3375000000E+01
   0.3375000000E+01
   0.3375000000E+01
   0.3375000000E+01
   0.3375000000E+01
   0.3375000000E+01
   0.3375000000E+01
   0.3375000000E+01
   0.3375000000E+01
   0.3375000000E+01
   0.3375000000E+01
   0.3375000000E+01
   0.3375000000E+01
   0.3375000000E+01
   0.2250000000E+01
   0.2250000000E+01
   0.2250000000E+01
   0.2250000000E+01
   0.3375000000E+01
   0.3375000000E+01
   0.3375000000E+01
   0.3375000000E+01
   0.3375000000E+01
   0.3375000000E+01
   0.3375000000E+01
   0.3375000000E+01
   0.3375000000E+01
   0.3375000000E+01
   0.3375000000E+01
   0.3375000000E+01
   0.3375000000E+01
   0.3375000000E+01
   0.3375000000E+01
   0.3375000000E+01
   0.3375000000E+01
   0.3375000000E+01
   0.3375000000E+01
   0.3375000000E+01
   0.3375000000E+01
   0.3375000000E+01
   0.3375000000E+01
   0.3375000000E+01
   0.3375000000E+01
   0.3375000000E+01
   0.3375000000E+01
   0.3375000000E+01
   0.3375000000E+01
   0.3375000000E+01
   0.3375000000E+01
   0.3375000000E+01
   0.3375000000E+01
   0.3375000000E+01
   0.3375000000E+01
   0.3375000000E+01
   0.3375000000E+01
   0.3375000000E+01
   0.3375000000E+01
   0.3375000000E+01
   0.3375000000E+01
   0.3375000000E+01
   0.3375000000E+01
   0.3375000000E+01
   0.3375000000E+01
   0.3375000000E+01
   0.3375000000E+01
   0.3375000000E+01
   0.3375000000E+01
   0.3375000000E+01
   0.3375000000E+01
   0.3375000000E+01
   0.3375000000E+01
   0.3375000000E+01
   0.3375000000E+01
   0.3375000000E+01
   0.3375000000E+01
   0.3375000000E+01
   0.3375000000E+01
   0.3375000000E+01
   0.3375000000E+01
   0.3375000000E+01
   0.3375000000E+01
   0.3375000000E+01
   0.3375000000E+01
   0.3375000000E+01
   0.3375000000E+01
   0.3375000000E+01
   0.3375000000E+01
   0.3375000000E+01
   0.3375000000E+01
   0.3375000000E+01
   0.3375000000E+01
   0.3375000000E+01
   0.3375000000E+01
   0.3375000000E+01
   0.3375000000E+01
   0.3375000000E+01
   0.3375000000E+01
   0.3375000000E+01
   0.3375000000E+01
   0.3375000000E+01
   0.3375000000E+01
   0.3375000000E+01
   0.3375000000E+01
   0.3375000000E+01
   0.3375000000E+01
   0.3375000000E+01
   0.3375000000E+01
   0.3375000000E+01
   0.3375000000E+01
   0.3375000000E+01
   0.3375000000E+01
   0.3375000000E+01
   0.3375000000E+01
   0.3375000000E+01
   0.3375000000E+01
   0.3375000000E+01
   0.3375000000E+01
   0.3375000000E+01
   0.3375000000E+01
   0.3375000000E+01
   0.3375000000E+01
   0.3375000000E+01
   0.3375000000E+01
   0.3375000000E+01
   0.3375000000E+01
   0.3375000000E+01
   0.3375000000E+01
   0.3375000000E+01
   0.3375000000E+01
   0.3375000000E+01
   0.3375000000E+01
   0.3375000000E+01
   0.3375000000E+01
   0.3375000000E+01
   0.3375000000E+01
   0.3375000000E+01
   0.3375000000E+01
   0.3375000000E+01
   0.3375000000E+01
   0.3375000000E+01
   0.3375000000E+01
   0.3375000000E+01
   0.3375000000E+01
   0.3375000000E+01
   0.3375000000E+01
   0.3375000000E+01
   0.3375000000E+01
   0.3375000000E+01
   0.3375000000E+01
   0.3375000000E+01
   0.3375000000E+01
   0.3375000000E+01
   0.3375000000E+01
   0.3375000000E+01
   0.3375000000E+01
   0.3375000000E+01
   0.3375000000E+01
   0.3375000000E+01
   0.3375000000E+01
   0.3375000000E+01
   0.3375000000E+01
   0.3375000000E+01
   0.3375000000E+01
   0.3375000000E+01
   0.3375000000E+01
   0.3375000000E+01
   0.3375000000E+01
   0.3375000000E+01
   0.3375000000E+01
   0.3375000000E+01
   0.3375000000E+01
   0.3375000000E+01
   0.3375000000E+01
   0.3375000000E+01
   0.3375000000E+01
   0.3375000000E+01
   0.3375000000E+01
   0.3375000000E+01
   0.3375000000E+01
   0.3375000000E+01
   0.3375000000E+01
   0.3375000000E+01
   0.3375000000E+01
   0.3375000000E+01
   0.3375000000E+01
   0.3375000000E+01
   0.3375000000E+01
   0.3375000000E+01
   0.3375000000E+01
   0.3375000000E+01
   0.3375000000E+01
   0.3375000000E+01
   0.3375000000E+01
   0.3375000000E+01
   0.3375000000E+01
   0.3375000000E+01
   0.3375000000E+01
   0.3375000000E+01
   0.3375000000E+01
   0.3375000000E+01
   0.3375000000E+01
   0.3375000000E+01
   0.3375000000E+01
   0.3375000000E+01
   0.3375000000E+01
   0.3375000000E+01
   0.3375000000E+01
   0.3375000000E+01
   0.3375000000E+01
   0.3375000000E+01
   0.3375000000E+01
   0.3375000000E+01
   0.3375000000E+01
   0.3375000000E+01
   0.3375000000E+01
   0.3375000000E+01
   0.3375000000E+01
   0.3375000000E+01
   0.3375000000E+01
   0.3375000000E+01
   0.3375000000E+01
   0.3375000000E+01
   0.3375000000E+01
   0.3375000000E+01
   0.3375000000E+01
   0.3375000000E+01
   0.3375000000E+01
   0.3375000000E+01
   0.3375000000E+01
   0.3375000000E+01
   0.3375000000E+01
   0.3375000000E+01
   0.3375000000E+01
   0.3375000000E+01
   0.3375000000E+01
   0.3375000000E+01
   0.3375000000E+01
   0.3375000000E+01
   0.3375000000E+01
   0.3375000000E+01
   0.3375000000E+01
   0.3375000000E+01
   0.3375000000E+01
   0.3375000000E+01
   0.3375000000E+01
   0.3375000000E+01
   0.3375000000E+01
   0.3375000000E+01
