   0.2879123172E+04
   0.3618813307E+00
   0.2545048943E+00
   0.1904315298E+00
   0.1290287359E+00
   0.7536098649E-01
   0.3249775553E-01
   0.1247389379E-02
   0.1932684429E-01
   0.3113565928E-01
   0.3652333009E-01
   0.3784229782E-01
   0.3779977144E-01
   0.3704153615E-01
   0.3593811561E-01
   0.3473095732E-01
   0.3351183530E-01
   0.3235076725E-01
   0.3131501862E-01
   0.3043030810E-01
   0.2968332336E-01
   0.2904451638E-01
   0.2848972285E-01
   0.2800711298E-01
   0.2759151344E-01
   0.2724082452E-01
   0.2695232531E-01
   0.2671719030E-01
   0.2652285629E-01
   0.2635910704E-01
   0.2621737549E-01
   0.2609036810E-01
   0.2597153288E-01
   0.2585539985E-01
   0.2579917467E-01
   0.2574490783E-01
   0.2569149255E-01
   0.2563827386E-01
   0.2556045064E-01
   0.2544672465E-01
   0.2533513267E-01
   0.2523151380E-01
   0.2513988449E-01
   0.2506242547E-01
   0.2499981381E-01
   0.2493265822E-01
   0.2488119135E-01
   0.2483910486E-01
   0.2480183836E-01
   0.2476782547E-01
   0.2473639068E-01
   0.2470788206E-01
   0.2468996930E-01
   0.2467384081E-01
   0.2465911356E-01
   0.2464546205E-01
   0.2462675597E-01
   0.2460874377E-01
   0.2459096603E-01
   0.2457266104E-01
   0.2455297790E-01
   0.2453069373E-01
   0.2450440105E-01
   0.2447214417E-01
   0.2443140177E-01
   0.2438060244E-01
   0.2432288762E-01
   0.2426844454E-01
   0.2422756564E-01
   0.2420228357E-01
   0.2418826579E-01
   0.2418041621E-01
   0.2417531871E-01
   0.2417128728E-01
   0.2416787809E-01
   0.2416528610E-01
   0.2416347142E-01
   0.2416199656E-01
   0.2416057196E-01
   0.2415905738E-01
   0.2415741209E-01
   0.2415564906E-01
   0.2415380815E-01
   0.2415193520E-01
   0.2415004306E-01
   0.2414808254E-01
   0.2414596295E-01
   0.2414360621E-01
   0.2414101510E-01
   0.2413831439E-01
   0.2413566603E-01
   0.2413313810E-01
   0.2413076580E-01
   0.2412868821E-01
   0.2412704030E-01
   0.2412577274E-01
   0.2412472410E-01
   0.2412375854E-01
   0.2412279880E-01
   0.2412180392E-01
   0.2412073894E-01
   0.2411954159E-01
   0.2411808577E-01
   0.2411616249E-01
   0.2411350895E-01
   0.2410987342E-01
   0.2410506337E-01
   0.2409897308E-01
   0.2409166194E-01
   0.2408352450E-01
   0.2407538685E-01
   0.2406822437E-01
   0.2406264408E-01
   0.2405865209E-01
   0.2405582034E-01
   0.2405367170E-01
   0.2405189473E-01
   0.2405036334E-01
   0.2404916535E-01
   0.2404859313E-01
   0.2404897348E-01
   0.2404949489E-01
   0.2405017627E-01
   0.2405066397E-01
   0.2405081771E-01
   0.2405062220E-01
   0.2405007275E-01
   0.2404944486E-01
   0.2404882523E-01
   0.2404821412E-01
   0.2404758249E-01
   0.2404688959E-01
   0.2404608222E-01
   0.2404508485E-01
   0.2404378510E-01
   0.2404203005E-01
   0.2403969485E-01
   0.2403689843E-01
   0.2403412822E-01
   0.2403186269E-01
   0.2403022048E-01
   0.2402909515E-01
   0.2402834419E-01
   0.2402783799E-01
   0.2402748346E-01
   0.2402722368E-01
   0.2402702474E-01
   0.2402686605E-01
   0.2402673508E-01
   0.2402662444E-01
   0.2402653023E-01
   0.2402645089E-01
   0.2402638644E-01
   0.2402633740E-01
   0.2402630252E-01
   0.2402627326E-01
   0.2402622667E-01
   0.2402613430E-01
   0.2402599471E-01
   0.2402583784E-01
   0.2402569217E-01
   0.2402556728E-01
   0.2402545989E-01
   0.2402536351E-01
   0.2402527300E-01
   0.2402518541E-01
   0.2402509941E-01
   0.2402501459E-01
   0.2402493098E-01
   0.2402484876E-01
   0.2402476814E-01
   0.2402468927E-01
   0.2402461224E-01
   0.2402453707E-01
   0.2402446370E-01
   0.2402439201E-01
   0.2402432182E-01
   0.2402425292E-01
   0.2402418504E-01
   0.2402411786E-01
   0.2402405100E-01
   0.2402398405E-01
   0.2402391649E-01
   0.2402384774E-01
   0.2402377706E-01
   0.2402370357E-01
   0.2402362612E-01
   0.2402354323E-01
   0.2402345290E-01
   0.2402335239E-01
   0.2402323788E-01
   0.2402310396E-01
   0.2402294337E-01
   0.2402274805E-01
   0.2402251517E-01
   0.2402226024E-01
   0.2402202051E-01
   0.2402183178E-01
   0.2402170632E-01
   0.2402163400E-01
   0.2402159609E-01
   0.2402157631E-01
   0.2402156442E-01
   0.2402155522E-01
   0.2402154657E-01
   0.2402153781E-01
   0.2402152885E-01
   0.2402151982E-01
   0.2402151083E-01
   0.2402150200E-01
   0.2402149339E-01
   0.2402148504E-01
   0.2402147697E-01
   0.2402146920E-01
   0.2402146173E-01
   0.2402145455E-01
   0.2402144766E-01
   0.2402144104E-01
   0.2402143470E-01
   0.2402142862E-01
   0.2402142279E-01
   0.2402141719E-01
   0.2402141183E-01
   0.2402140669E-01
   0.2402140175E-01
   0.2402139702E-01
   0.2402139249E-01
   0.2402138814E-01
   0.2402138396E-01
   0.2402137996E-01
   0.2402137612E-01
   0.2402137244E-01
   0.2402136890E-01
   0.2402136551E-01
   0.2402136225E-01
   0.2402135913E-01
   0.2402135613E-01
   0.2402135326E-01
   0.2402135050E-01
   0.2402134785E-01
   0.2402134531E-01
   0.2402134286E-01
   0.2402134052E-01
   0.2402133827E-01
   0.2402133611E-01
   0.2402133404E-01
   0.2402133207E-01
   0.2402133015E-01
   0.2402132833E-01
   0.2402132655E-01
   0.2402132487E-01
   0.2402132323E-01
   0.2402132167E-01
   0.2402132017E-01
   0.2402131875E-01
   0.2402131737E-01
   0.2402131603E-01
   0.2402131475E-01
   0.2402131351E-01
   0.2402131236E-01
   0.2402131123E-01
   0.2402131014E-01
   0.2402130908E-01
   0.2402130809E-01
   0.2402130713E-01
   0.2402130621E-01
   0.2402130532E-01
   0.2402130447E-01
   0.2402130365E-01
   0.2402130286E-01
   0.2402130211E-01
   0.2402130138E-01
   0.2402130069E-01
   0.2402130002E-01
   0.2402129937E-01
   0.2402129875E-01
   0.2402129816E-01
   0.2402129759E-01
   0.2402129704E-01
   0.2402129652E-01
   0.2402129601E-01
   0.2402129552E-01
   0.2402129506E-01
   0.2402129460E-01
   0.2402129417E-01
   0.2402129375E-01
   0.2402129336E-01
   0.2402129297E-01
   0.2402129261E-01
   0.2402129225E-01
   0.2402129192E-01
   0.2402129159E-01
   0.2402129128E-01
   0.2402129098E-01
   0.2402129069E-01
   0.2402129041E-01
   0.2402129015E-01
   0.2402128988E-01
   0.2402128964E-01
   0.2402128941E-01
   0.2402128918E-01
   0.2402128896E-01
   0.2402128875E-01
   0.2402128855E-01
   0.2402128835E-01
   0.2402128817E-01
   0.2402128799E-01
   0.2402128781E-01
   0.2402128765E-01
   0.2402128749E-01
   0.2402128733E-01
   0.2402128719E-01
   0.2402128705E-01
   0.2402128691E-01
   0.2402128678E-01
   0.2402128665E-01
   0.2402128654E-01
   0.2402128642E-01
   0.2402128631E-01
   0.2402128620E-01
   0.2402128610E-01
   0.2402128600E-01
   0.2402128590E-01
   0.2402128581E-01
   0.2402128573E-01
   0.2402128564E-01
   0.2402128556E-01
   0.2402128548E-01
   0.2402128541E-01
   0.2402128533E-01
   0.2402128527E-01
   0.2402128520E-01
   0.2402128514E-01
   0.2402128507E-01
   0.2402128501E-01
   0.2402128496E-01
   0.2402128490E-01
   0.2402128485E-01
   0.2402128480E-01
   0.2402128475E-01
   0.2402128471E-01
   0.2402128466E-01
   0.2402128462E-01
   0.2402128458E-01
   0.2402128454E-01
   0.2402128450E-01
   0.2402128446E-01
   0.2402128443E-01
   0.2402128439E-01
   0.2402128436E-01
   0.2402128433E-01
   0.2402128430E-01
   0.2402128427E-01
   0.2402128424E-01
   0.2402128421E-01
