   0.1439694222E+04
   0.2997745716E+00
   0.2439174973E+00
   0.2099949577E+00
   0.1770998188E+00
   0.1478833570E+00
   0.1240062721E+00
   0.1059455297E+00
   0.9327940832E-01
   0.8503458835E-01
   0.7991368857E-01
   0.7728810999E-01
   0.7555523495E-01
   0.7348709812E-01
   0.7160972615E-01
   0.6990900162E-01
   0.6847132068E-01
   0.6736107311E-01
   0.6656426202E-01
   0.6600926277E-01
   0.6561189176E-01
   0.6530332515E-01
   0.6504320132E-01
   0.6481996829E-01
   0.6463896738E-01
   0.6450360293E-01
   0.6440826704E-01
   0.6434332567E-01
   0.6429855793E-01
   0.6426588008E-01
   0.6424060863E-01
   0.6421985889E-01
   0.6420165627E-01
   0.6418525714E-01
   0.6417973392E-01
   0.6417386719E-01
   0.6416805959E-01
   0.6416250106E-01
   0.6415438181E-01
   0.6414336435E-01
   0.6413431452E-01
   0.6412675587E-01
   0.6412054501E-01
   0.6411580323E-01
   0.6411259989E-01
   0.6411000756E-01
   0.6410985677E-01
   0.6411080045E-01
   0.6411217073E-01
   0.6411349370E-01
   0.6411448437E-01
   0.6411501269E-01
   0.6411525962E-01
   0.6411551321E-01
   0.6411603043E-01
   0.6411680473E-01
   0.6411790724E-01
   0.6411902203E-01
   0.6412041377E-01
   0.6412235377E-01
   0.6412484398E-01
   0.6412784141E-01
   0.6413141279E-01
   0.6413575838E-01
   0.6414090480E-01
   0.6414616175E-01
   0.6414971081E-01
   0.6414962789E-01
   0.6414633633E-01
   0.6414227102E-01
   0.6413913198E-01
   0.6413705282E-01
   0.6413553569E-01
   0.6413432639E-01
   0.6413351558E-01
   0.6413311219E-01
   0.6413292053E-01
   0.6413278243E-01
   0.6413265320E-01
   0.6413256932E-01
   0.6413255533E-01
   0.6413258415E-01
   0.6413262987E-01
   0.6413270369E-01
   0.6413283149E-01
   0.6413302232E-01
   0.6413325633E-01
   0.6413348612E-01
   0.6413364017E-01
   0.6413365456E-01
   0.6413354177E-01
   0.6413338232E-01
   0.6413321899E-01
   0.6413304232E-01
   0.6413287941E-01
   0.6413278923E-01
   0.6413279135E-01
   0.6413286300E-01
   0.6413297133E-01
   0.6413309033E-01
   0.6413320337E-01
   0.6413330568E-01
   0.6413341379E-01
   0.6413357595E-01
   0.6413386498E-01
   0.6413434762E-01
   0.6413505443E-01
   0.6413596913E-01
   0.6413702746E-01
   0.6413812596E-01
   0.6413917102E-01
   0.6414013771E-01
   0.6414102108E-01
   0.6414176891E-01
   0.6414235004E-01
   0.6414279179E-01
   0.6414313000E-01
   0.6414336425E-01
   0.6414344165E-01
   0.6414329192E-01
   0.6414280504E-01
   0.6414227401E-01
   0.6414151902E-01
   0.6414075666E-01
   0.6414025740E-01
   0.6414003319E-01
   0.6414013235E-01
   0.6414030426E-01
   0.6414047753E-01
   0.6414064051E-01
   0.6414079616E-01
   0.6414095027E-01
   0.6414110858E-01
   0.6414127508E-01
   0.6414144719E-01
   0.6414160359E-01
   0.6414169249E-01
   0.6414168631E-01
   0.6414171144E-01
   0.6414192986E-01
   0.6414227157E-01
   0.6414256587E-01
   0.6414275603E-01
   0.6414286781E-01
   0.6414293312E-01
   0.6414297153E-01
   0.6414299390E-01
   0.6414300638E-01
   0.6414301262E-01
   0.6414301470E-01
   0.6414301367E-01
   0.6414300974E-01
   0.6414300219E-01
   0.6414298894E-01
   0.6414296552E-01
   0.6414292362E-01
   0.6414285374E-01
   0.6414276003E-01
   0.6414267018E-01
   0.6414261088E-01
   0.6414258543E-01
   0.6414258231E-01
   0.6414258997E-01
   0.6414260177E-01
   0.6414261485E-01
   0.6414262826E-01
   0.6414264172E-01
   0.6414265515E-01
   0.6414266852E-01
   0.6414268177E-01
   0.6414269485E-01
   0.6414270771E-01
   0.6414272032E-01
   0.6414273267E-01
   0.6414274474E-01
   0.6414275653E-01
   0.6414276806E-01
   0.6414277936E-01
   0.6414279046E-01
   0.6414280139E-01
   0.6414281221E-01
   0.6414282297E-01
   0.6414283373E-01
   0.6414284456E-01
   0.6414285554E-01
   0.6414286678E-01
   0.6414287835E-01
   0.6414289038E-01
   0.6414290295E-01
   0.6414291610E-01
   0.6414292966E-01
   0.6414294293E-01
   0.6414295375E-01
   0.6414295628E-01
   0.6414293737E-01
   0.6414287923E-01
   0.6414278251E-01
   0.6414268081E-01
   0.6414260669E-01
   0.6414256548E-01
   0.6414254675E-01
   0.6414253963E-01
   0.6414253763E-01
   0.6414253773E-01
   0.6414253870E-01
   0.6414254009E-01
   0.6414254167E-01
   0.6414254337E-01
   0.6414254511E-01
   0.6414254687E-01
   0.6414254862E-01
   0.6414255034E-01
   0.6414255203E-01
   0.6414255366E-01
   0.6414255525E-01
   0.6414255678E-01
   0.6414255826E-01
   0.6414255969E-01
   0.6414256106E-01
   0.6414256239E-01
   0.6414256366E-01
   0.6414256488E-01
   0.6414256605E-01
   0.6414256718E-01
   0.6414256826E-01
   0.6414256930E-01
   0.6414257030E-01
   0.6414257126E-01
   0.6414257218E-01
   0.6414257306E-01
   0.6414257391E-01
   0.6414257472E-01
   0.6414257550E-01
   0.6414257625E-01
   0.6414257697E-01
   0.6414257766E-01
   0.6414257833E-01
   0.6414257896E-01
   0.6414257958E-01
   0.6414258016E-01
   0.6414258073E-01
   0.6414258127E-01
   0.6414258179E-01
   0.6414258229E-01
   0.6414258277E-01
   0.6414258323E-01
   0.6414258368E-01
   0.6414258410E-01
   0.6414258451E-01
   0.6414258489E-01
   0.6414258528E-01
   0.6414258562E-01
   0.6414258598E-01
   0.6414258631E-01
   0.6414258664E-01
   0.6414258694E-01
   0.6414258723E-01
   0.6414258752E-01
   0.6414258778E-01
   0.6414258806E-01
   0.6414258831E-01
   0.6414258854E-01
   0.6414258877E-01
   0.6414258900E-01
   0.6414258921E-01
   0.6414258942E-01
   0.6414258961E-01
   0.6414258980E-01
   0.6414258999E-01
   0.6414259016E-01
   0.6414259033E-01
   0.6414259049E-01
   0.6414259065E-01
   0.6414259080E-01
   0.6414259094E-01
   0.6414259108E-01
   0.6414259121E-01
   0.6414259134E-01
   0.6414259146E-01
   0.6414259157E-01
   0.6414259169E-01
   0.6414259180E-01
   0.6414259190E-01
   0.6414259199E-01
   0.6414259209E-01
   0.6414259218E-01
   0.6414259228E-01
   0.6414259236E-01
   0.6414259244E-01
   0.6414259252E-01
   0.6414259260E-01
   0.6414259267E-01
   0.6414259274E-01
   0.6414259281E-01
   0.6414259287E-01
   0.6414259293E-01
   0.6414259299E-01
   0.6414259305E-01
   0.6414259311E-01
   0.6414259316E-01
   0.6414259321E-01
   0.6414259326E-01
   0.6414259331E-01
   0.6414259335E-01
   0.6414259339E-01
   0.6414259344E-01
   0.6414259348E-01
   0.6414259351E-01
   0.6414259355E-01
   0.6414259359E-01
   0.6414259362E-01
   0.6414259365E-01
   0.6414259369E-01
   0.6414259371E-01
   0.6414259375E-01
   0.6414259377E-01
   0.6414259380E-01
   0.6414259382E-01
   0.6414259385E-01
   0.6414259387E-01
   0.6414259390E-01
   0.6414259392E-01
   0.6414259394E-01
   0.6414259396E-01
   0.6414259398E-01
   0.6414259400E-01
   0.6414259402E-01
   0.6414259403E-01
   0.6414259405E-01
   0.6414259407E-01
   0.6414259408E-01
   0.6414259410E-01
   0.6414259411E-01
   0.6414259413E-01
   0.6414259414E-01
   0.6414259415E-01
   0.6414259416E-01
   0.6414259418E-01
   0.6414259419E-01
   0.6414259420E-01
   0.6414259421E-01
   0.6414259422E-01
   0.6414259423E-01
   0.6414259424E-01
   0.6414259425E-01
   0.6414259425E-01
   0.6414259426E-01
   0.6414259427E-01
   0.6414259428E-01
   0.6414259429E-01
   0.6414259429E-01
   0.6414259430E-01
   0.6414259431E-01
   0.6414259431E-01
   0.6414259432E-01
