   0.1000020942E+01
   0.9700851444E+00
   0.9459211854E+00
   0.9207816576E+00
   0.8836619648E+00
   0.8314867033E+00
   0.7657656570E+00
   0.6970697506E+00
   0.6441090790E+00
   0.6170896770E+00
   0.6168948731E+00
   0.6349701302E+00
   0.6664673019E+00
   0.7699383161E+00
   0.9083280911E+00
   0.1054437508E+01
   0.1193235768E+01
   0.1313091985E+01
   0.1404270640E+01
   0.1472274944E+01
   0.1524217265E+01
   0.1565806098E+01
   0.1602785994E+01
   0.1635654070E+01
   0.1662727190E+01
   0.1683287232E+01
   0.1699302834E+01
   0.1711537890E+01
   0.1720070402E+01
   0.1726577838E+01
   0.1731544632E+01
   0.1735539188E+01
   0.1739605133E+01
   0.1744274895E+01
   0.1746400503E+01
   0.1748555417E+01
   0.1750728008E+01
   0.1752884030E+01
   0.1755919139E+01
   0.1760608311E+01
   0.1764978167E+01
   0.1768844371E+01
   0.1772136527E+01
   0.1774852550E+01
   0.1776994339E+01
   0.1779324507E+01
   0.1781174599E+01
   0.1782663871E+01
   0.1783884775E+01
   0.1784891639E+01
   0.1786068880E+01
   0.1787035016E+01
   0.1787561037E+01
   0.1787980139E+01
   0.1788319092E+01
   0.1788589798E+01
   0.1788894767E+01
   0.1789122836E+01
   0.1789309103E+01
   0.1789490763E+01
   0.1789691380E+01
   0.1789923740E+01
   0.1790199542E+01
   0.1790541320E+01
   0.1790978162E+01
   0.1791697408E+01
   0.1793884651E+01
   0.1795867045E+01
   0.1797304949E+01
   0.1798161166E+01
   0.1798611266E+01
   0.1798841753E+01
   0.1798966374E+01
   0.1799034023E+01
   0.1799062012E+01
   0.1799062831E+01
   0.1799050417E+01
   0.1799036424E+01
   0.1799029957E+01
   0.1799036644E+01
   0.1799056548E+01
   0.1799087954E+01
   0.1799128421E+01
   0.1799176805E+01
   0.1799233216E+01
   0.1799297106E+01
   0.1799367596E+01
   0.1799442102E+01
   0.1799516262E+01
   0.1799583331E+01
   0.1799637738E+01
   0.1799679359E+01
   0.1799713369E+01
   0.1799748832E+01
   0.1799788481E+01
   0.1799834942E+01
   0.1799888180E+01
   0.1799947157E+01
   0.1800010940E+01
   0.1800078995E+01
   0.1800151172E+01
   0.1800227782E+01
   0.1800310052E+01
   0.1800400809E+01
   0.1800504671E+01
   0.1800627152E+01
   0.1800773095E+01
   0.1800944907E+01
   0.1801140109E+01
   0.1801348217E+01
   0.1801550736E+01
   0.1801729189E+01
   0.1801875704E+01
   0.1801994490E+01
   0.1802095280E+01
   0.1802187822E+01
   0.1802280380E+01
   0.1802379223E+01
   0.1802490602E+01
   0.1802624180E+01
   0.1802799224E+01
   0.1802936840E+01
   0.1803118524E+01
   0.1803296839E+01
   0.1803457479E+01
   0.1803627687E+01
   0.1803741782E+01
   0.1803823786E+01
   0.1803889992E+01
   0.1803949565E+01
   0.1804007423E+01
   0.1804067266E+01
   0.1804132344E+01
   0.1804206120E+01
   0.1804292340E+01
   0.1804393507E+01
   0.1804505575E+01
   0.1804656794E+01
   0.1804801475E+01
   0.1804888789E+01
   0.1804932193E+01
   0.1804953496E+01
   0.1804966452E+01
   0.1804976937E+01
   0.1804986951E+01
   0.1804997068E+01
   0.1805007440E+01
   0.1805018135E+01
   0.1805029245E+01
   0.1805040906E+01
   0.1805053327E+01
   0.1805066808E+01
   0.1805081784E+01
   0.1805098864E+01
   0.1805118805E+01
   0.1805142122E+01
   0.1805167936E+01
   0.1805195294E+01
   0.1805221265E+01
   0.1805240633E+01
   0.1805254274E+01
   0.1805263907E+01
   0.1805271000E+01
   0.1805276519E+01
   0.1805281042E+01
   0.1805284898E+01
   0.1805288282E+01
   0.1805291310E+01
   0.1805294059E+01
   0.1805296582E+01
   0.1805298917E+01
   0.1805301096E+01
   0.1805303143E+01
   0.1805305081E+01
   0.1805306929E+01
   0.1805308702E+01
   0.1805310418E+01
   0.1805312091E+01
   0.1805313734E+01
   0.1805315364E+01
   0.1805316993E+01
   0.1805318637E+01
   0.1805320313E+01
   0.1805322041E+01
   0.1805323843E+01
   0.1805325747E+01
   0.1805327788E+01
   0.1805330011E+01
   0.1805332476E+01
   0.1805335266E+01
   0.1805338499E+01
   0.1805342336E+01
   0.1805346998E+01
   0.1805352719E+01
   0.1805359545E+01
   0.1805366852E+01
   0.1805373245E+01
   0.1805377608E+01
   0.1805379936E+01
   0.1805380894E+01
   0.1805381144E+01
   0.1805381109E+01
   0.1805380997E+01
   0.1805380895E+01
   0.1805380829E+01
   0.1805380799E+01
   0.1805380801E+01
   0.1805380825E+01
   0.1805380865E+01
   0.1805380916E+01
   0.1805380974E+01
   0.1805381037E+01
   0.1805381101E+01
   0.1805381167E+01
   0.1805381232E+01
   0.1805381297E+01
   0.1805381360E+01
   0.1805381422E+01
   0.1805381482E+01
   0.1805381541E+01
   0.1805381597E+01
   0.1805381652E+01
   0.1805381705E+01
   0.1805381757E+01
   0.1805381806E+01
   0.1805381854E+01
   0.1805381901E+01
   0.1805381945E+01
   0.1805381988E+01
   0.1805382030E+01
   0.1805382070E+01
   0.1805382108E+01
   0.1805382145E+01
   0.1805382181E+01
   0.1805382216E+01
   0.1805382249E+01
   0.1805382281E+01
   0.1805382312E+01
   0.1805382342E+01
   0.1805382370E+01
   0.1805382398E+01
   0.1805382425E+01
   0.1805382450E+01
   0.1805382475E+01
   0.1805382498E+01
   0.1805382521E+01
   0.1805382544E+01
   0.1805382565E+01
   0.1805382585E+01
   0.1805382605E+01
   0.1805382624E+01
   0.1805382642E+01
   0.1805382659E+01
   0.1805382676E+01
   0.1805382692E+01
   0.1805382708E+01
   0.1805382723E+01
   0.1805382737E+01
   0.1805382751E+01
   0.1805382764E+01
   0.1805382777E+01
   0.1805382789E+01
   0.1805382801E+01
   0.1805382813E+01
   0.1805382824E+01
   0.1805382834E+01
   0.1805382844E+01
   0.1805382854E+01
   0.1805382864E+01
   0.1805382873E+01
   0.1805382881E+01
   0.1805382890E+01
   0.1805382898E+01
   0.1805382905E+01
   0.1805382913E+01
   0.1805382920E+01
   0.1805382927E+01
   0.1805382934E+01
   0.1805382940E+01
   0.1805382946E+01
   0.1805382952E+01
   0.1805382957E+01
   0.1805382963E+01
   0.1805382968E+01
   0.1805382973E+01
   0.1805382978E+01
   0.1805382983E+01
   0.1805382987E+01
   0.1805382991E+01
   0.1805382995E+01
   0.1805382999E+01
   0.1805383003E+01
   0.1805383007E+01
   0.1805383010E+01
   0.1805383014E+01
   0.1805383017E+01
   0.1805383020E+01
   0.1805383023E+01
   0.1805383026E+01
   0.1805383029E+01
   0.1805383032E+01
   0.1805383034E+01
   0.1805383037E+01
   0.1805383039E+01
   0.1805383041E+01
   0.1805383043E+01
   0.1805383046E+01
   0.1805383048E+01
   0.1805383050E+01
   0.1805383051E+01
   0.1805383053E+01
   0.1805383055E+01
   0.1805383057E+01
   0.1805383058E+01
   0.1805383060E+01
   0.1805383061E+01
   0.1805383063E+01
   0.1805383064E+01
   0.1805383065E+01
   0.1805383067E+01
   0.1805383068E+01
   0.1805383069E+01
   0.1805383070E+01
   0.1805383071E+01
   0.1805383072E+01
   0.1805383073E+01
   0.1805383074E+01
   0.1805383075E+01
   0.1805383076E+01
   0.1805383077E+01
   0.1805383078E+01
   0.1805383079E+01
   0.1805383079E+01
   0.1805383080E+01
   0.1805383081E+01
   0.1805383081E+01
   0.1805383082E+01
   0.1805383083E+01
   0.1805383083E+01
   0.1805383084E+01
   0.1805383084E+01
   0.1805383085E+01
   0.1805383085E+01
   0.1805383086E+01
   0.1805383086E+01
   0.1805383087E+01
   0.1805383087E+01
   0.1805383088E+01
   0.1805383088E+01
   0.1805383088E+01
   0.1805383089E+01
   0.1805383089E+01
   0.1805383090E+01
   0.1805383090E+01
   0.1805383090E+01
