   0.1154920903E+05
   0.2006319181E+01
   0.1616972388E+01
   0.1388534462E+01
   0.1177308563E+01
   0.1001647127E+01
   0.8689820720E+00
   0.7747329568E+00
   0.7069691577E+00
   0.6529814500E+00
   0.6036073694E+00
   0.5663367301E+00
   0.5349285459E+00
   0.4942274911E+00
   0.4552692432E+00
   0.4186228694E+00
   0.3859384126E+00
   0.3587025086E+00
   0.3373297848E+00
   0.3211187610E+00
   0.3088089701E+00
   0.2991183499E+00
   0.2911108404E+00
   0.2843308095E+00
   0.2786866807E+00
   0.2741711743E+00
   0.2706889431E+00
   0.2680621642E+00
   0.2660747476E+00
   0.2645307424E+00
   0.2632878188E+00
   0.2622440375E+00
   0.2613229246E+00
   0.2604748981E+00
   0.2600943487E+00
   0.2597275862E+00
   0.2593723513E+00
   0.2590267870E+00
   0.2585342133E+00
   0.2578379633E+00
   0.2571716045E+00
   0.2565543150E+00
   0.2560037060E+00
   0.2555341282E+00
   0.2551527374E+00
   0.2547559573E+00
   0.2544791173E+00
   0.2542789686E+00
   0.2541213949E+00
   0.2539852682E+00
   0.2538590439E+00
   0.2537389346E+00
   0.2536596250E+00
   0.2535881076E+00
   0.2535268252E+00
   0.2534752234E+00
   0.2534094990E+00
   0.2533483390E+00
   0.2532931361E+00
   0.2532454026E+00
   0.2532024658E+00
   0.2531591515E+00
   0.2531104934E+00
   0.2530516883E+00
   0.2529737225E+00
   0.2528594209E+00
   0.2526889895E+00
   0.2524636980E+00
   0.2522244124E+00
   0.2520230254E+00
   0.2518816581E+00
   0.2517904842E+00
   0.2517290287E+00
   0.2516832871E+00
   0.2516493467E+00
   0.2516264904E+00
   0.2516116131E+00
   0.2516006811E+00
   0.2515912145E+00
   0.2515825946E+00
   0.2515747886E+00
   0.2515673899E+00
   0.2515600641E+00
   0.2515530474E+00
   0.2515467923E+00
   0.2515413653E+00
   0.2515362149E+00
   0.2515303059E+00
   0.2515224034E+00
   0.2515117130E+00
   0.2514987439E+00
   0.2514849753E+00
   0.2514714488E+00
   0.2514587005E+00
   0.2514477038E+00
   0.2514394042E+00
   0.2514337778E+00
   0.2514300471E+00
   0.2514273157E+00
   0.2514248731E+00
   0.2514222032E+00
   0.2514189144E+00
   0.2514147359E+00
   0.2514095906E+00
   0.2514035933E+00
   0.2513968311E+00
   0.2513890669E+00
   0.2513796281E+00
   0.2513676202E+00
   0.2513526429E+00
   0.2513359799E+00
   0.2513208357E+00
   0.2513100007E+00
   0.2513035568E+00
   0.2512998582E+00
   0.2512974199E+00
   0.2512953246E+00
   0.2512928562E+00
   0.2512893188E+00
   0.2512845034E+00
   0.2512780398E+00
   0.2512713931E+00
   0.2512620992E+00
   0.2512515326E+00
   0.2512429451E+00
   0.2512367540E+00
   0.2512348491E+00
   0.2512345503E+00
   0.2512346883E+00
   0.2512348501E+00
   0.2512348771E+00
   0.2512346726E+00
   0.2512341188E+00
   0.2512330018E+00
   0.2512308832E+00
   0.2512268888E+00
   0.2512196943E+00
   0.2512089008E+00
   0.2511975513E+00
   0.2511900764E+00
   0.2511870619E+00
   0.2511861564E+00
   0.2511856959E+00
   0.2511852254E+00
   0.2511847151E+00
   0.2511841934E+00
   0.2511836796E+00
   0.2511831827E+00
   0.2511827069E+00
   0.2511822541E+00
   0.2511818241E+00
   0.2511814139E+00
   0.2511810128E+00
   0.2511805927E+00
   0.2511800839E+00
   0.2511793317E+00
   0.2511780959E+00
   0.2511762772E+00
   0.2511742118E+00
   0.2511724268E+00
   0.2511711787E+00
   0.2511704127E+00
   0.2511699618E+00
   0.2511696827E+00
   0.2511694871E+00
   0.2511693296E+00
   0.2511691894E+00
   0.2511690579E+00
   0.2511689318E+00
   0.2511688099E+00
   0.2511686919E+00
   0.2511685774E+00
   0.2511684663E+00
   0.2511683584E+00
   0.2511682534E+00
   0.2511681508E+00
   0.2511680504E+00
   0.2511679516E+00
   0.2511678538E+00
   0.2511677566E+00
   0.2511676591E+00
   0.2511675606E+00
   0.2511674602E+00
   0.2511673566E+00
   0.2511672483E+00
   0.2511671334E+00
   0.2511670091E+00
   0.2511668713E+00
   0.2511667142E+00
   0.2511665279E+00
   0.2511662959E+00
   0.2511659875E+00
   0.2511655432E+00
   0.2511648435E+00
   0.2511636708E+00
   0.2511617756E+00
   0.2511592232E+00
   0.2511566060E+00
   0.2511545469E+00
   0.2511532307E+00
   0.2511525055E+00
   0.2511521435E+00
   0.2511519724E+00
   0.2511518920E+00
   0.2511518519E+00
   0.2511518292E+00
   0.2511518143E+00
   0.2511518029E+00
   0.2511517936E+00
   0.2511517854E+00
   0.2511517782E+00
   0.2511517717E+00
   0.2511517659E+00
   0.2511517605E+00
   0.2511517556E+00
   0.2511517510E+00
   0.2511517468E+00
   0.2511517429E+00
   0.2511517393E+00
   0.2511517358E+00
   0.2511517326E+00
   0.2511517296E+00
   0.2511517267E+00
   0.2511517240E+00
   0.2511517214E+00
   0.2511517190E+00
   0.2511517167E+00
   0.2511517145E+00
   0.2511517124E+00
   0.2511517104E+00
   0.2511517085E+00
   0.2511517066E+00
   0.2511517049E+00
   0.2511517032E+00
   0.2511517017E+00
   0.2511517001E+00
   0.2511516987E+00
   0.2511516973E+00
   0.2511516960E+00
   0.2511516947E+00
   0.2511516935E+00
   0.2511516923E+00
   0.2511516912E+00
   0.2511516902E+00
   0.2511516891E+00
   0.2511516882E+00
   0.2511516874E+00
   0.2511516864E+00
   0.2511516857E+00
   0.2511516847E+00
   0.2511516840E+00
   0.2511516831E+00
   0.2511516824E+00
   0.2511516817E+00
   0.2511516812E+00
   0.2511516805E+00
   0.2511516798E+00
   0.2511516792E+00
   0.2511516785E+00
   0.2511516782E+00
   0.2511516776E+00
   0.2511516770E+00
   0.2511516765E+00
   0.2511516761E+00
   0.2511516757E+00
   0.2511516752E+00
   0.2511516748E+00
   0.2511516744E+00
   0.2511516741E+00
   0.2511516737E+00
   0.2511516734E+00
   0.2511516730E+00
   0.2511516727E+00
   0.2511516724E+00
   0.2511516721E+00
   0.2511516718E+00
   0.2511516716E+00
   0.2511516713E+00
   0.2511516710E+00
   0.2511516708E+00
   0.2511516706E+00
   0.2511516704E+00
   0.2511516701E+00
   0.2511516698E+00
   0.2511516697E+00
   0.2511516695E+00
   0.2511516693E+00
   0.2511516691E+00
   0.2511516690E+00
   0.2511516688E+00
   0.2511516687E+00
   0.2511516685E+00
   0.2511516684E+00
   0.2511516683E+00
   0.2511516681E+00
   0.2511516680E+00
   0.2511516679E+00
   0.2511516677E+00
   0.2511516677E+00
   0.2511516676E+00
   0.2511516675E+00
   0.2511516673E+00
   0.2511516673E+00
   0.2511516672E+00
   0.2511516671E+00
   0.2511516670E+00
   0.2511516669E+00
   0.2511516668E+00
   0.2511516668E+00
   0.2511516667E+00
   0.2511516666E+00
   0.2511516666E+00
   0.2511516665E+00
   0.2511516664E+00
   0.2511516664E+00
   0.2511516663E+00
   0.2511516663E+00
   0.2511516662E+00
   0.2511516662E+00
   0.2511516661E+00
   0.2511516661E+00
   0.2511516660E+00
   0.2511516660E+00
   0.2511516659E+00
   0.2511516659E+00
   0.2511516659E+00
   0.2511516659E+00
   0.2511516658E+00
   0.2511516658E+00
   0.2511516657E+00
   0.2511516657E+00
   0.2511516657E+00
   0.2511516657E+00
   0.2511516656E+00
   0.2511516656E+00
   0.2511516656E+00
   0.2511516656E+00
   0.2511516655E+00
   0.2511516655E+00
   0.2511516655E+00
   0.2511516655E+00
   0.2511516654E+00
   0.2511516654E+00
   0.2511516654E+00
   0.2511516654E+00
   0.2511516654E+00
   0.2511516654E+00
   0.2511516653E+00
   0.2511516653E+00
   0.2511516653E+00
   0.2511516653E+00
   0.2511516653E+00
   0.2511516653E+00
   0.2511516653E+00
   0.2511516652E+00
