   0.2652712590E+00
   0.2376678454E+00
   0.2333301060E+00
   0.2295583857E+00
   0.2251709017E+00
   0.2204057275E+00
   0.2155147887E+00
   0.2106436699E+00
   0.2058856609E+00
   0.2012048360E+00
   0.1963507072E+00
   0.1924185178E+00
   0.1889102413E+00
   0.1840157324E+00
   0.1791575679E+00
   0.1745489606E+00
   0.1704544766E+00
   0.1670729135E+00
   0.1644435427E+00
   0.1624488336E+00
   0.1609071069E+00
   0.1596511667E+00
   0.1585761255E+00
   0.1576470496E+00
   0.1568694482E+00
   0.1562480304E+00
   0.1557688594E+00
   0.1554038416E+00
   0.1551199722E+00
   0.1548908672E+00
   0.1546985928E+00
   0.1545300859E+00
   0.1543748454E+00
   0.1542259141E+00
   0.1541586425E+00
   0.1540926422E+00
   0.1540276117E+00
   0.1539632760E+00
   0.1538692143E+00
   0.1537334534E+00
   0.1536037617E+00
   0.1534850255E+00
   0.1533809745E+00
   0.1532940319E+00
   0.1532250136E+00
   0.1531526733E+00
   0.1531009049E+00
   0.1530607058E+00
   0.1530261798E+00
   0.1529948129E+00
   0.1529653594E+00
   0.1529379074E+00
   0.1529204885E+00
   0.1529048672E+00
   0.1528911744E+00
   0.1528790715E+00
   0.1528625705E+00
   0.1528467878E+00
   0.1528317936E+00
   0.1528173686E+00
   0.1528026659E+00
   0.1527863766E+00
   0.1527672266E+00
   0.1527436609E+00
   0.1527132114E+00
   0.1526729259E+00
   0.1526223092E+00
   0.1525677003E+00
   0.1525202383E+00
   0.1524868256E+00
   0.1524665297E+00
   0.1524545218E+00
   0.1524463901E+00
   0.1524399401E+00
   0.1524349092E+00
   0.1524315105E+00
   0.1524293125E+00
   0.1524275614E+00
   0.1524258784E+00
   0.1524241960E+00
   0.1524225227E+00
   0.1524208174E+00
   0.1524190679E+00
   0.1524173426E+00
   0.1524157060E+00
   0.1524141272E+00
   0.1524124756E+00
   0.1524105785E+00
   0.1524082954E+00
   0.1524056235E+00
   0.1524027496E+00
   0.1523999027E+00
   0.1523972038E+00
   0.1523947729E+00
   0.1523927991E+00
   0.1523913512E+00
   0.1523903068E+00
   0.1523894845E+00
   0.1523887415E+00
   0.1523879846E+00
   0.1523871457E+00
   0.1523861529E+00
   0.1523849133E+00
   0.1523833144E+00
   0.1523812389E+00
   0.1523785687E+00
   0.1523751722E+00
   0.1523709113E+00
   0.1523657169E+00
   0.1523597764E+00
   0.1523537289E+00
   0.1523484998E+00
   0.1523446863E+00
   0.1523421899E+00
   0.1523405204E+00
   0.1523392553E+00
   0.1523381547E+00
   0.1523370918E+00
   0.1523360486E+00
   0.1523351770E+00
   0.1523345835E+00
   0.1523340429E+00
   0.1523332143E+00
   0.1523321773E+00
   0.1523313325E+00
   0.1523306886E+00
   0.1523303374E+00
   0.1523300534E+00
   0.1523297803E+00
   0.1523294951E+00
   0.1523291748E+00
   0.1523287901E+00
   0.1523282994E+00
   0.1523276350E+00
   0.1523266795E+00
   0.1523252372E+00
   0.1523230798E+00
   0.1523202710E+00
   0.1523175511E+00
   0.1523157224E+00
   0.1523147637E+00
   0.1523142269E+00
   0.1523138562E+00
   0.1523135736E+00
   0.1523133497E+00
   0.1523131667E+00
   0.1523130125E+00
   0.1523128788E+00
   0.1523127603E+00
   0.1523126538E+00
   0.1523125576E+00
   0.1523124704E+00
   0.1523123908E+00
   0.1523123153E+00
   0.1523122336E+00
   0.1523121205E+00
   0.1523119341E+00
   0.1523116544E+00
   0.1523113351E+00
   0.1523110596E+00
   0.1523108630E+00
   0.1523107319E+00
   0.1523106398E+00
   0.1523105670E+00
   0.1523105027E+00
   0.1523104419E+00
   0.1523103828E+00
   0.1523103249E+00
   0.1523102680E+00
   0.1523102123E+00
   0.1523101578E+00
   0.1523101047E+00
   0.1523100529E+00
   0.1523100024E+00
   0.1523099532E+00
   0.1523099051E+00
   0.1523098580E+00
   0.1523098117E+00
   0.1523097660E+00
   0.1523097206E+00
   0.1523096754E+00
   0.1523096300E+00
   0.1523095839E+00
   0.1523095369E+00
   0.1523094882E+00
   0.1523094371E+00
   0.1523093828E+00
   0.1523093240E+00
   0.1523092588E+00
   0.1523091846E+00
   0.1523090972E+00
   0.1523089898E+00
   0.1523088509E+00
   0.1523086606E+00
   0.1523083899E+00
   0.1523080187E+00
   0.1523075855E+00
   0.1523071934E+00
   0.1523069197E+00
   0.1523067650E+00
   0.1523066896E+00
   0.1523066556E+00
   0.1523066397E+00
   0.1523066307E+00
   0.1523066240E+00
   0.1523066180E+00
   0.1523066122E+00
   0.1523066066E+00
   0.1523066011E+00
   0.1523065957E+00
   0.1523065906E+00
   0.1523065857E+00
   0.1523065810E+00
   0.1523065765E+00
   0.1523065722E+00
   0.1523065681E+00
   0.1523065642E+00
   0.1523065604E+00
   0.1523065568E+00
   0.1523065534E+00
   0.1523065501E+00
   0.1523065469E+00
   0.1523065439E+00
   0.1523065410E+00
   0.1523065383E+00
   0.1523065356E+00
   0.1523065331E+00
   0.1523065306E+00
   0.1523065283E+00
   0.1523065261E+00
   0.1523065239E+00
   0.1523065219E+00
   0.1523065199E+00
   0.1523065180E+00
   0.1523065162E+00
   0.1523065145E+00
   0.1523065128E+00
   0.1523065112E+00
   0.1523065096E+00
   0.1523065082E+00
   0.1523065068E+00
   0.1523065054E+00
   0.1523065041E+00
   0.1523065028E+00
   0.1523065016E+00
   0.1523065005E+00
   0.1523064994E+00
   0.1523064983E+00
   0.1523064973E+00
   0.1523064963E+00
   0.1523064954E+00
   0.1523064945E+00
   0.1523064936E+00
   0.1523064928E+00
   0.1523064920E+00
   0.1523064912E+00
   0.1523064905E+00
   0.1523064898E+00
   0.1523064891E+00
   0.1523064885E+00
   0.1523064878E+00
   0.1523064872E+00
   0.1523064866E+00
   0.1523064861E+00
   0.1523064855E+00
   0.1523064850E+00
   0.1523064845E+00
   0.1523064841E+00
   0.1523064836E+00
   0.1523064832E+00
   0.1523064828E+00
   0.1523064824E+00
   0.1523064820E+00
   0.1523064816E+00
   0.1523064812E+00
   0.1523064809E+00
   0.1523064806E+00
   0.1523064803E+00
   0.1523064800E+00
   0.1523064797E+00
   0.1523064794E+00
   0.1523064791E+00
   0.1523064789E+00
   0.1523064786E+00
   0.1523064784E+00
   0.1523064781E+00
   0.1523064779E+00
   0.1523064777E+00
   0.1523064775E+00
   0.1523064773E+00
   0.1523064771E+00
   0.1523064769E+00
   0.1523064768E+00
   0.1523064766E+00
   0.1523064764E+00
   0.1523064763E+00
   0.1523064761E+00
   0.1523064760E+00
   0.1523064759E+00
   0.1523064757E+00
   0.1523064756E+00
   0.1523064755E+00
   0.1523064754E+00
   0.1523064752E+00
   0.1523064751E+00
   0.1523064750E+00
   0.1523064749E+00
   0.1523064748E+00
   0.1523064748E+00
   0.1523064747E+00
   0.1523064746E+00
   0.1523064745E+00
   0.1523064744E+00
   0.1523064743E+00
   0.1523064743E+00
   0.1523064742E+00
   0.1523064741E+00
   0.1523064741E+00
   0.1523064740E+00
   0.1523064739E+00
   0.1523064739E+00
   0.1523064738E+00
   0.1523064738E+00
   0.1523064737E+00
   0.1523064737E+00
   0.1523064736E+00
   0.1523064736E+00
   0.1523064736E+00
   0.1523064735E+00
   0.1523064735E+00
   0.1523064734E+00
   0.1523064734E+00
   0.1523064734E+00
   0.1523064733E+00
   0.1523064733E+00
   0.1523064733E+00
   0.1523064732E+00
   0.1523064732E+00
   0.1523064732E+00
   0.1523064731E+00
   0.1523064731E+00
   0.1523064731E+00
   0.1523064731E+00
   0.1523064730E+00
   0.1523064730E+00
   0.1523064730E+00
   0.1523064730E+00
   0.1523064730E+00
   0.1523064729E+00
   0.1523064729E+00
   0.1523064729E+00
   0.1523064729E+00
   0.1523064729E+00
   0.1523064729E+00
   0.1523064729E+00
