          121
           17
           17
           19
           19
           19
           17
           17
           15
           15
           14
           12
           11
           10
           12
           13
           13
           15
           15
           17
           15
           16
           16
           15
           15
           16
           16
           15
           16
           16
           16
           14
           18
           19
           18
           19
           18
           17
           17
           18
           18
           16
           15
           16
           17
           22
           22
           22
           21
           20
           20
           22
           16
           17
           18
           18
           21
           19
           20
           18
           14
           13
           13
           14
           18
           18
           20
           20
           22
           19
           19
           18
           20
           19
           21
           21
           22
           21
           25
           25
           22
           21
           20
           20
           15
           20
           20
           13
           21
           21
           20
           19
           18
           18
           18
           19
           18
           19
           19
           19
           20
           19
           18
           22
           22
           19
           13
           17
           18
           19
           19
           20
           19
           18
           20
           19
           19
           18
           19
           18
           19
           16
           17
           16
           15
           19
           18
           20
           20
           21
           19
           19
           19
           19
           18
           22
           19
           20
           19
           19
           19
           19
           20
           20
           23
           22
           19
           19
           21
           20
           20
           19
           19
           21
           18
           20
           18
           16
           19
           20
           20
           16
           19
           19
           20
           20
           20
           20
           20
           21
           20
           22
           21
           24
           24
           18
           20
           13
           14
           20
           19
           19
           21
           21
           20
           20
           21
           20
           18
           18
           17
           17
           19
           19
           18
           18
           18
           18
           17
           17
           17
           18
           16
           17
           17
           17
           17
           17
           17
           17
           17
           17
           17
           17
           17
           17
           17
           17
           17
           17
           17
           17
           17
           17
           17
           17
           17
           17
           17
           17
           17
           17
           17
           17
           17
           17
           17
           17
           17
           17
           18
           18
           18
           18
           18
           18
           18
           18
           18
           18
           18
           18
           19
           18
           18
           18
           18
           19
           18
           18
           18
           18
           18
           19
           19
           19
           19
           19
           19
           19
           19
           19
           19
           19
           19
           19
           19
           19
           19
           19
           19
           19
           19
           17
           18
           17
           18
           17
           18
           17
           18
           17
           18
           18
           17
           18
           18
           17
           18
           18
           18
           17
           18
           18
           17
           18
           18
           17
           18
           18
           16
           17
           18
           17
           18
           17
           18
           17
           18
           17
           18
           17
           18
           17
           18
           17
           18
           17
           18
           17
           18
           17
           18
           17
           18
           17
           18
           17
           18
           17
           18
           17
           18
           17
           18
           17
           18
           17
           18
           17
           18
           17
           18
           17
           18
