          121         -999         -999         -999         -999         -999         -999         -999         -999         -999
           17         -999         -999         -999         -999         -999         -999         -999         -999         -999
           17         -999         -999         -999         -999         -999         -999         -999         -999         -999
           19           24           25           20         -999         -999         -999         -999         -999         -999
           19           24           18           19         -999         -999         -999         -999         -999         -999
           19           24           21           17         -999         -999         -999         -999         -999         -999
           17           18           22           20         -999         -999         -999         -999         -999         -999
           17           18           17           20         -999         -999         -999         -999         -999         -999
           15           17           16           21         -999         -999         -999         -999         -999         -999
           15           18           18           17         -999         -999         -999         -999         -999         -999
           14           21           19           17         -999         -999         -999         -999         -999         -999
           12           15           16           14         -999         -999         -999         -999         -999         -999
           11           17           16           15         -999         -999         -999         -999         -999         -999
           10           27           23           14         -999         -999         -999         -999         -999         -999
           12           23           21           12         -999         -999         -999         -999         -999         -999
           13           22           22           13           13         -999         -999         -999         -999         -999
           13           24           20           14         -999         -999         -999         -999         -999         -999
           15           23           20           14         -999         -999         -999         -999         -999         -999
           15           18           22           21         -999         -999         -999         -999         -999         -999
           17           20           23           20         -999         -999         -999         -999         -999         -999
           15           23           23           16         -999         -999         -999         -999         -999         -999
           16           23           22           16         -999         -999         -999         -999         -999         -999
           16           25           23           15         -999         -999         -999         -999         -999         -999
           15           23           23           16         -999         -999         -999         -999         -999         -999
           15           21           23           15         -999         -999         -999         -999         -999         -999
           16           21           24           16         -999         -999         -999         -999         -999         -999
           16           24           23           18         -999         -999         -999         -999         -999         -999
           15           22           24           18         -999         -999         -999         -999         -999         -999
           16           22           23           19         -999         -999         -999         -999         -999         -999
           16           21           20           20         -999         -999         -999         -999         -999         -999
           16           21           25           20         -999         -999         -999         -999         -999         -999
           14           23           24           22         -999         -999         -999         -999         -999         -999
           18           23           25           23         -999         -999         -999         -999         -999         -999
           19           16           26           29         -999         -999         -999         -999         -999         -999
           18           20           23         -999         -999         -999         -999         -999         -999         -999
           19           21           22         -999         -999         -999         -999         -999         -999         -999
           18           22           19         -999         -999         -999         -999         -999         -999         -999
           17           20           23         -999         -999         -999         -999         -999         -999         -999
           17           21           23         -999         -999         -999         -999         -999         -999         -999
           18           23           22           26         -999         -999         -999         -999         -999         -999
           18           21           23           30         -999         -999         -999         -999         -999         -999
           16           20           23           26         -999         -999         -999         -999         -999         -999
           15           19           22           26         -999         -999         -999         -999         -999         -999
           16           19           22           26         -999         -999         -999         -999         -999         -999
           17           20           22           27         -999         -999         -999         -999         -999         -999
           22           25           28           33         -999         -999         -999         -999         -999         -999
           22           28           27           29         -999         -999         -999         -999         -999         -999
           22           26           28           31         -999         -999         -999         -999         -999         -999
           21           23           26           28         -999         -999         -999         -999         -999         -999
           20           22           24           29         -999         -999         -999         -999         -999         -999
           20           22           22           27         -999         -999         -999         -999         -999         -999
           22           25           29           35         -999         -999         -999         -999         -999         -999
           16           16           19           23         -999         -999         -999         -999         -999         -999
           17           18           13           21         -999         -999         -999         -999         -999         -999
           18           18           17           20         -999         -999         -999         -999         -999         -999
           18           17           15           18         -999         -999         -999         -999         -999         -999
           21           23           22           27         -999         -999         -999         -999         -999         -999
           19           21           23         -999         -999         -999         -999         -999         -999         -999
           20           20           22         -999         -999         -999         -999         -999         -999         -999
           18           19           21           27         -999         -999         -999         -999         -999         -999
           14           22           18           22         -999         -999         -999         -999         -999         -999
           13           22           21           22         -999         -999         -999         -999         -999         -999
           13           21           22           25         -999         -999         -999         -999         -999         -999
           14           20           23           26         -999         -999         -999         -999         -999         -999
           18           20           23         -999         -999         -999         -999         -999         -999         -999
           18           20           25         -999         -999         -999         -999         -999         -999         -999
           20           12           22         -999         -999         -999         -999         -999         -999         -999
           20           15           18           25         -999         -999         -999         -999         -999         -999
           22           19           18           25         -999         -999         -999         -999         -999         -999
           19           18           19           25         -999         -999         -999         -999         -999         -999
           19           17           20         -999         -999         -999         -999         -999         -999         -999
           18           19           24         -999         -999         -999         -999         -999         -999         -999
           20           19           22         -999         -999         -999         -999         -999         -999         -999
           19           23           18           25         -999         -999         -999         -999         -999         -999
           21           18           18           25         -999         -999         -999         -999         -999         -999
           21           20           15           26         -999         -999         -999         -999         -999         -999
           22           21           20         -999         -999         -999         -999         -999         -999         -999
           21           20           24         -999         -999         -999         -999         -999         -999         -999
           25           19           23         -999         -999         -999         -999         -999         -999         -999
           25           21           18         -999         -999         -999         -999         -999         -999         -999
           22           21           22         -999         -999         -999         -999         -999         -999         -999
           21           24           21         -999         -999         -999         -999         -999         -999         -999
           20           23           19         -999         -999         -999         -999         -999         -999         -999
           20           22           20         -999         -999         -999         -999         -999         -999         -999
           15           22           27         -999         -999         -999         -999         -999         -999         -999
           20           21           21         -999         -999         -999         -999         -999         -999         -999
           20           20           19         -999         -999         -999         -999         -999         -999         -999
           13           18           18         -999         -999         -999         -999         -999         -999         -999
           21           19           18         -999         -999         -999         -999         -999         -999         -999
           21           17           18         -999         -999         -999         -999         -999         -999         -999
           20           13           18         -999         -999         -999         -999         -999         -999         -999
           19           18           18         -999         -999         -999         -999         -999         -999         -999
           18           19           19         -999         -999         -999         -999         -999         -999         -999
           18           19           18         -999         -999         -999         -999         -999         -999         -999
           18           20           18         -999         -999         -999         -999         -999         -999         -999
           19           17           20         -999         -999         -999         -999         -999         -999         -999
           18           21           18         -999         -999         -999         -999         -999         -999         -999
           19           20           21         -999         -999         -999         -999         -999         -999         -999
           19           21           23         -999         -999         -999         -999         -999         -999         -999
           19           21           22         -999         -999         -999         -999         -999         -999         -999
           20           23           23         -999         -999         -999         -999         -999         -999         -999
           19           21           24         -999         -999         -999         -999         -999         -999         -999
           18           23           21         -999         -999         -999         -999         -999         -999         -999
           22           19           21         -999         -999         -999         -999         -999         -999         -999
           22           17           24         -999         -999         -999         -999         -999         -999         -999
           19           18           21         -999         -999         -999         -999         -999         -999         -999
           13           20           23         -999         -999         -999         -999         -999         -999         -999
           17           18           22         -999         -999         -999         -999         -999         -999         -999
           18           20           20         -999         -999         -999         -999         -999         -999         -999
           19           20           20         -999         -999         -999         -999         -999         -999         -999
           19           21           20         -999         -999         -999         -999         -999         -999         -999
           20           20           20         -999         -999         -999         -999         -999         -999         -999
           19           18           19         -999         -999         -999         -999         -999         -999         -999
           18           19           16         -999         -999         -999         -999         -999         -999         -999
           20           19           21         -999         -999         -999         -999         -999         -999         -999
           19           20           21         -999         -999         -999         -999         -999         -999         -999
           19           21           22         -999         -999         -999         -999         -999         -999         -999
           18           20           22         -999         -999         -999         -999         -999         -999         -999
           19           20           22         -999         -999         -999         -999         -999         -999         -999
           18           21           21         -999         -999         -999         -999         -999         -999         -999
           19           22           22         -999         -999         -999         -999         -999         -999         -999
           16           19           19         -999         -999         -999         -999         -999         -999         -999
           17           19           19         -999         -999         -999         -999         -999         -999         -999
           16           17           20         -999         -999         -999         -999         -999         -999         -999
           15           16           17         -999         -999         -999         -999         -999         -999         -999
           19           23           24         -999         -999         -999         -999         -999         -999         -999
           18           24           24         -999         -999         -999         -999         -999         -999         -999
           20           20           26         -999         -999         -999         -999         -999         -999         -999
           20           20           24         -999         -999         -999         -999         -999         -999         -999
           21           18           26         -999         -999         -999         -999         -999         -999         -999
           19           20           29         -999         -999         -999         -999         -999         -999         -999
           19           20           27         -999         -999         -999         -999         -999         -999         -999
           19           19           25         -999         -999         -999         -999         -999         -999         -999
           19           19           23         -999         -999         -999         -999         -999         -999         -999
           18           20           21         -999         -999         -999         -999         -999         -999         -999
           22           17           21         -999         -999         -999         -999         -999         -999         -999
           19           19           21         -999         -999         -999         -999         -999         -999         -999
           20           19           20           24         -999         -999         -999         -999         -999         -999
           19           17           14           22         -999         -999         -999         -999         -999         -999
           19           18           17           23         -999         -999         -999         -999         -999         -999
           19           17           17         -999         -999         -999         -999         -999         -999         -999
           19           20           18         -999         -999         -999         -999         -999         -999         -999
           20           18           24         -999         -999         -999         -999         -999         -999         -999
           20           21           23         -999         -999         -999         -999         -999         -999         -999
           23           21         -999         -999         -999         -999         -999         -999         -999         -999
           22           20         -999         -999         -999         -999         -999         -999         -999         -999
           19           19         -999         -999         -999         -999         -999         -999         -999         -999
           19           19         -999         -999         -999         -999         -999         -999         -999         -999
           21           21         -999         -999         -999         -999         -999         -999         -999         -999
           20           20         -999         -999         -999         -999         -999         -999         -999         -999
           20           17         -999         -999         -999         -999         -999         -999         -999         -999
           19           20         -999         -999         -999         -999         -999         -999         -999         -999
           19           21         -999         -999         -999         -999         -999         -999         -999         -999
           21           23         -999         -999         -999         -999         -999         -999         -999         -999
           18           19           29         -999         -999         -999         -999         -999         -999         -999
           20           22           22         -999         -999         -999         -999         -999         -999         -999
           18           18           20         -999         -999         -999         -999         -999         -999         -999
           16           19           22         -999         -999         -999         -999         -999         -999         -999
           19           20           23         -999         -999         -999         -999         -999         -999         -999
           20           22           22         -999         -999         -999         -999         -999         -999         -999
           20           19           24         -999         -999         -999         -999         -999         -999         -999
           16           19           22         -999         -999         -999         -999         -999         -999         -999
           19           19         -999         -999         -999         -999         -999         -999         -999         -999
           19           17         -999         -999         -999         -999         -999         -999         -999         -999
           20           19         -999         -999         -999         -999         -999         -999         -999         -999
           20           19         -999         -999         -999         -999         -999         -999         -999         -999
           20           20         -999         -999         -999         -999         -999         -999         -999         -999
           20           21         -999         -999         -999         -999         -999         -999         -999         -999
           20           20         -999         -999         -999         -999         -999         -999         -999         -999
           21           20         -999         -999         -999         -999         -999         -999         -999         -999
           20           21         -999         -999         -999         -999         -999         -999         -999         -999
           22           19         -999         -999         -999         -999         -999         -999         -999         -999
           21           20         -999         -999         -999         -999         -999         -999         -999         -999
           24           18         -999         -999         -999         -999         -999         -999         -999         -999
           24           19         -999         -999         -999         -999         -999         -999         -999         -999
           18           20         -999         -999         -999         -999         -999         -999         -999         -999
           20           19         -999         -999         -999         -999         -999         -999         -999         -999
           13           21         -999         -999         -999         -999         -999         -999         -999         -999
           14           23         -999         -999         -999         -999         -999         -999         -999         -999
           20           16         -999         -999         -999         -999         -999         -999         -999         -999
           19           21         -999         -999         -999         -999         -999         -999         -999         -999
           19           23         -999         -999         -999         -999         -999         -999         -999         -999
           21           21         -999         -999         -999         -999         -999         -999         -999         -999
           21           21         -999         -999         -999         -999         -999         -999         -999         -999
           20           21         -999         -999         -999         -999         -999         -999         -999         -999
           20           20         -999         -999         -999         -999         -999         -999         -999         -999
           21           21         -999         -999         -999         -999         -999         -999         -999         -999
           20           19         -999         -999         -999         -999         -999         -999         -999         -999
           18           21         -999         -999         -999         -999         -999         -999         -999         -999
           18           18         -999         -999         -999         -999         -999         -999         -999         -999
           17           19         -999         -999         -999         -999         -999         -999         -999         -999
           17           20         -999         -999         -999         -999         -999         -999         -999         -999
           19           22         -999         -999         -999         -999         -999         -999         -999         -999
           19           20           23         -999         -999         -999         -999         -999         -999         -999
           18           16           24         -999         -999         -999         -999         -999         -999         -999
           18           22           22         -999         -999         -999         -999         -999         -999         -999
           18           19           15         -999         -999         -999         -999         -999         -999         -999
           18           16           21         -999         -999         -999         -999         -999         -999         -999
           17           19           23         -999         -999         -999         -999         -999         -999         -999
           17           20           21         -999         -999         -999         -999         -999         -999         -999
           17           22           15         -999         -999         -999         -999         -999         -999         -999
           18           20         -999         -999         -999         -999         -999         -999         -999         -999
           16           22         -999         -999         -999         -999         -999         -999         -999         -999
           17           22         -999         -999         -999         -999         -999         -999         -999         -999
           17           22         -999         -999         -999         -999         -999         -999         -999         -999
           17           22         -999         -999         -999         -999         -999         -999         -999         -999
           17           23         -999         -999         -999         -999         -999         -999         -999         -999
           17           22         -999         -999         -999         -999         -999         -999         -999         -999
           17           22         -999         -999         -999         -999         -999         -999         -999         -999
           17           23         -999         -999         -999         -999         -999         -999         -999         -999
           17           21         -999         -999         -999         -999         -999         -999         -999         -999
           17           22         -999         -999         -999         -999         -999         -999         -999         -999
           17           24         -999         -999         -999         -999         -999         -999         -999         -999
           17           22         -999         -999         -999         -999         -999         -999         -999         -999
           17           22         -999         -999         -999         -999         -999         -999         -999         -999
           17           25         -999         -999         -999         -999         -999         -999         -999         -999
           17           24         -999         -999         -999         -999         -999         -999         -999         -999
           17           24         -999         -999         -999         -999         -999         -999         -999         -999
           17           23         -999         -999         -999         -999         -999         -999         -999         -999
           17           23         -999         -999         -999         -999         -999         -999         -999         -999
           17           25         -999         -999         -999         -999         -999         -999         -999         -999
           17           23         -999         -999         -999         -999         -999         -999         -999         -999
           17           23         -999         -999         -999         -999         -999         -999         -999         -999
           17           23         -999         -999         -999         -999         -999         -999         -999         -999
           17           23         -999         -999         -999         -999         -999         -999         -999         -999
           17           21         -999         -999         -999         -999         -999         -999         -999         -999
           17           21         -999         -999         -999         -999         -999         -999         -999         -999
           17           21         -999         -999         -999         -999         -999         -999         -999         -999
           17           21         -999         -999         -999         -999         -999         -999         -999         -999
           17           21         -999         -999         -999         -999         -999         -999         -999         -999
           17           22         -999         -999         -999         -999         -999         -999         -999         -999
           17           23         -999         -999         -999         -999         -999         -999         -999         -999
           17           23         -999         -999         -999         -999         -999         -999         -999         -999
           17           21         -999         -999         -999         -999         -999         -999         -999         -999
           17           22         -999         -999         -999         -999         -999         -999         -999         -999
           17           20         -999         -999         -999         -999         -999         -999         -999         -999
           17           20         -999         -999         -999         -999         -999         -999         -999         -999
           17           21         -999         -999         -999         -999         -999         -999         -999         -999
           17           21         -999         -999         -999         -999         -999         -999         -999         -999
           17           22         -999         -999         -999         -999         -999         -999         -999         -999
           18           27         -999         -999         -999         -999         -999         -999         -999         -999
           18           25         -999         -999         -999         -999         -999         -999         -999         -999
           18           25         -999         -999         -999         -999         -999         -999         -999         -999
           18           24         -999         -999         -999         -999         -999         -999         -999         -999
           18           26         -999         -999         -999         -999         -999         -999         -999         -999
           18         -999         -999         -999         -999         -999         -999         -999         -999         -999
           18         -999         -999         -999         -999         -999         -999         -999         -999         -999
           18         -999         -999         -999         -999         -999         -999         -999         -999         -999
           18         -999         -999         -999         -999         -999         -999         -999         -999         -999
           18         -999         -999         -999         -999         -999         -999         -999         -999         -999
           18         -999         -999         -999         -999         -999         -999         -999         -999         -999
           18         -999         -999         -999         -999         -999         -999         -999         -999         -999
           19         -999         -999         -999         -999         -999         -999         -999         -999         -999
           18         -999         -999         -999         -999         -999         -999         -999         -999         -999
           18         -999         -999         -999         -999         -999         -999         -999         -999         -999
           18         -999         -999         -999         -999         -999         -999         -999         -999         -999
           18         -999         -999         -999         -999         -999         -999         -999         -999         -999
           19         -999         -999         -999         -999         -999         -999         -999         -999         -999
           18         -999         -999         -999         -999         -999         -999         -999         -999         -999
           18         -999         -999         -999         -999         -999         -999         -999         -999         -999
           18         -999         -999         -999         -999         -999         -999         -999         -999         -999
           18         -999         -999         -999         -999         -999         -999         -999         -999         -999
           18         -999         -999         -999         -999         -999         -999         -999         -999         -999
           19         -999         -999         -999         -999         -999         -999         -999         -999         -999
           19         -999         -999         -999         -999         -999         -999         -999         -999         -999
           19         -999         -999         -999         -999         -999         -999         -999         -999         -999
           19         -999         -999         -999         -999         -999         -999         -999         -999         -999
           19         -999         -999         -999         -999         -999         -999         -999         -999         -999
           19         -999         -999         -999         -999         -999         -999         -999         -999         -999
           19         -999         -999         -999         -999         -999         -999         -999         -999         -999
           19         -999         -999         -999         -999         -999         -999         -999         -999         -999
           19         -999         -999         -999         -999         -999         -999         -999         -999         -999
           19         -999         -999         -999         -999         -999         -999         -999         -999         -999
           19         -999         -999         -999         -999         -999         -999         -999         -999         -999
           19         -999         -999         -999         -999         -999         -999         -999         -999         -999
           19         -999         -999         -999         -999         -999         -999         -999         -999         -999
           19         -999         -999         -999         -999         -999         -999         -999         -999         -999
           19         -999         -999         -999         -999         -999         -999         -999         -999         -999
           19         -999         -999         -999         -999         -999         -999         -999         -999         -999
           19         -999         -999         -999         -999         -999         -999         -999         -999         -999
           19         -999         -999         -999         -999         -999         -999         -999         -999         -999
           19         -999         -999         -999         -999         -999         -999         -999         -999         -999
           19         -999         -999         -999         -999         -999         -999         -999         -999         -999
           17         -999         -999         -999         -999         -999         -999         -999         -999         -999
           18         -999         -999         -999         -999         -999         -999         -999         -999         -999
           17         -999         -999         -999         -999         -999         -999         -999         -999         -999
           18         -999         -999         -999         -999         -999         -999         -999         -999         -999
           17         -999         -999         -999         -999         -999         -999         -999         -999         -999
           18         -999         -999         -999         -999         -999         -999         -999         -999         -999
           17         -999         -999         -999         -999         -999         -999         -999         -999         -999
           18         -999         -999         -999         -999         -999         -999         -999         -999         -999
           17         -999         -999         -999         -999         -999         -999         -999         -999         -999
           18         -999         -999         -999         -999         -999         -999         -999         -999         -999
           18         -999         -999         -999         -999         -999         -999         -999         -999         -999
           17         -999         -999         -999         -999         -999         -999         -999         -999         -999
           18         -999         -999         -999         -999         -999         -999         -999         -999         -999
           18         -999         -999         -999         -999         -999         -999         -999         -999         -999
           17         -999         -999         -999         -999         -999         -999         -999         -999         -999
           18         -999         -999         -999         -999         -999         -999         -999         -999         -999
           18         -999         -999         -999         -999         -999         -999         -999         -999         -999
           18         -999         -999         -999         -999         -999         -999         -999         -999         -999
           17         -999         -999         -999         -999         -999         -999         -999         -999         -999
           18         -999         -999         -999         -999         -999         -999         -999         -999         -999
           18         -999         -999         -999         -999         -999         -999         -999         -999         -999
           17         -999         -999         -999         -999         -999         -999         -999         -999         -999
           18         -999         -999         -999         -999         -999         -999         -999         -999         -999
           18         -999         -999         -999         -999         -999         -999         -999         -999         -999
           17         -999         -999         -999         -999         -999         -999         -999         -999         -999
           18         -999         -999         -999         -999         -999         -999         -999         -999         -999
           18         -999         -999         -999         -999         -999         -999         -999         -999         -999
           16         -999         -999         -999         -999         -999         -999         -999         -999         -999
           17         -999         -999         -999         -999         -999         -999         -999         -999         -999
           18         -999         -999         -999         -999         -999         -999         -999         -999         -999
           17         -999         -999         -999         -999         -999         -999         -999         -999         -999
           18         -999         -999         -999         -999         -999         -999         -999         -999         -999
           17         -999         -999         -999         -999         -999         -999         -999         -999         -999
           18         -999         -999         -999         -999         -999         -999         -999         -999         -999
           17         -999         -999         -999         -999         -999         -999         -999         -999         -999
           18         -999         -999         -999         -999         -999         -999         -999         -999         -999
           17         -999         -999         -999         -999         -999         -999         -999         -999         -999
           18         -999         -999         -999         -999         -999         -999         -999         -999         -999
           17         -999         -999         -999         -999         -999         -999         -999         -999         -999
           18         -999         -999         -999         -999         -999         -999         -999         -999         -999
           17         -999         -999         -999         -999         -999         -999         -999         -999         -999
           18         -999         -999         -999         -999         -999         -999         -999         -999         -999
           17         -999         -999         -999         -999         -999         -999         -999         -999         -999
           18         -999         -999         -999         -999         -999         -999         -999         -999         -999
           17         -999         -999         -999         -999         -999         -999         -999         -999         -999
           18         -999         -999         -999         -999         -999         -999         -999         -999         -999
           17         -999         -999         -999         -999         -999         -999         -999         -999         -999
           18         -999         -999         -999         -999         -999         -999         -999         -999         -999
           17         -999         -999         -999         -999         -999         -999         -999         -999         -999
           18         -999         -999         -999         -999         -999         -999         -999         -999         -999
           17         -999         -999         -999         -999         -999         -999         -999         -999         -999
           18         -999         -999         -999         -999         -999         -999         -999         -999         -999
           17         -999         -999         -999         -999         -999         -999         -999         -999         -999
           18         -999         -999         -999         -999         -999         -999         -999         -999         -999
           17         -999         -999         -999         -999         -999         -999         -999         -999         -999
           18         -999         -999         -999         -999         -999         -999         -999         -999         -999
           17         -999         -999         -999         -999         -999         -999         -999         -999         -999
           18         -999         -999         -999         -999         -999         -999         -999         -999         -999
           17         -999         -999         -999         -999         -999         -999         -999         -999         -999
           18         -999         -999         -999         -999         -999         -999         -999         -999         -999
           17         -999         -999         -999         -999         -999         -999         -999         -999         -999
           18         -999         -999         -999         -999         -999         -999         -999         -999         -999
           17         -999         -999         -999         -999         -999         -999         -999         -999         -999
           18         -999         -999         -999         -999         -999         -999         -999         -999         -999
           17         -999         -999         -999         -999         -999         -999         -999         -999         -999
           18         -999         -999         -999         -999         -999         -999         -999         -999         -999
           17         -999         -999         -999         -999         -999         -999         -999         -999         -999
           18         -999         -999         -999         -999         -999         -999         -999         -999         -999
           17         -999         -999         -999         -999         -999         -999         -999         -999         -999
           18         -999         -999         -999         -999         -999         -999         -999         -999         -999
           17         -999         -999         -999         -999         -999         -999         -999         -999         -999
           18         -999         -999         -999         -999         -999         -999         -999         -999         -999
