   0.9635295356E-02
   0.3915440099E-01
   0.4481287969E-01
   0.4950182445E-01
   0.5569711390E-01
   0.6346007918E-01
   0.7251014207E-01
   0.8210943409E-01
   0.9119445688E-01
   0.9886843713E-01
   0.1050344135E+00
   0.1091226939E+00
   0.1124631625E+00
   0.1172198661E+00
   0.1222467389E+00
   0.1274968864E+00
   0.1326688829E+00
   0.1373571826E+00
   0.1412980521E+00
   0.1444929677E+00
   0.1470958791E+00
   0.1492683863E+00
   0.1511179246E+00
   0.1526937400E+00
   0.1540075089E+00
   0.1550650780E+00
   0.1558875292E+00
   0.1565107238E+00
   0.1569790745E+00
   0.1573380513E+00
   0.1576267920E+00
   0.1578749245E+00
   0.1581042818E+00
   0.1583301930E+00
   0.1584322215E+00
   0.1585353554E+00
   0.1586392585E+00
   0.1587435614E+00
   0.1588988888E+00
   0.1591247506E+00
   0.1593412351E+00
   0.1595436761E+00
   0.1597257617E+00
   0.1598830996E+00
   0.1600155754E+00
   0.1601703237E+00
   0.1602958480E+00
   0.1604013079E+00
   0.1604926614E+00
   0.1605736209E+00
   0.1606454892E+00
   0.1607071577E+00
   0.1607432775E+00
   0.1607741507E+00
   0.1608002858E+00
   0.1608224465E+00
   0.1608490508E+00
   0.1608715577E+00
   0.1608923529E+00
   0.1609133487E+00
   0.1609360394E+00
   0.1609618964E+00
   0.1609927720E+00
   0.1610312977E+00
   0.1610811896E+00
   0.1611463086E+00
   0.1612261396E+00
   0.1613098915E+00
   0.1613810288E+00
   0.1614307246E+00
   0.1614615281E+00
   0.1614806476E+00
   0.1614939233E+00
   0.1615039750E+00
   0.1615112028E+00
   0.1615157041E+00
   0.1615181788E+00
   0.1615196249E+00
   0.1615208628E+00
   0.1615223557E+00
   0.1615242679E+00
   0.1615266093E+00
   0.1615293563E+00
   0.1615325185E+00
   0.1615361406E+00
   0.1615402780E+00
   0.1615449832E+00
   0.1615502635E+00
   0.1615559581E+00
   0.1615616318E+00
   0.1615667614E+00
   0.1615711303E+00
   0.1615748785E+00
   0.1615782002E+00
   0.1615811841E+00
   0.1615839012E+00
   0.1615864555E+00
   0.1615889435E+00
   0.1615914268E+00
   0.1615939407E+00
   0.1615965193E+00
   0.1615992299E+00
   0.1616022156E+00
   0.1616057170E+00
   0.1616100301E+00
   0.1616154188E+00
   0.1616220595E+00
   0.1616300353E+00
   0.1616393025E+00
   0.1616495671E+00
   0.1616601802E+00
   0.1616703246E+00
   0.1616794613E+00
   0.1616875567E+00
   0.1616949296E+00
   0.1617020202E+00
   0.1617092791E+00
   0.1617171546E+00
   0.1617260766E+00
   0.1617365907E+00
   0.1617499723E+00
   0.1617605840E+00
   0.1617727786E+00
   0.1617854980E+00
   0.1617972466E+00
   0.1618107259E+00
   0.1618205056E+00
   0.1618277830E+00
   0.1618335381E+00
   0.1618384048E+00
   0.1618427823E+00
   0.1618469482E+00
   0.1618511398E+00
   0.1618556108E+00
   0.1618606720E+00
   0.1618666723E+00
   0.1618737541E+00
   0.1618812625E+00
   0.1618876808E+00
   0.1618919595E+00
   0.1618943596E+00
   0.1618957085E+00
   0.1618966282E+00
   0.1618974205E+00
   0.1618981984E+00
   0.1618989961E+00
   0.1618998224E+00
   0.1619006810E+00
   0.1619015776E+00
   0.1619025226E+00
   0.1619035318E+00
   0.1619046295E+00
   0.1619058516E+00
   0.1619072501E+00
   0.1619088926E+00
   0.1619108345E+00
   0.1619130259E+00
   0.1619152243E+00
   0.1619171285E+00
   0.1619186042E+00
   0.1619196965E+00
   0.1619205132E+00
   0.1619211488E+00
   0.1619216663E+00
   0.1619221041E+00
   0.1619224851E+00
   0.1619228235E+00
   0.1619231286E+00
   0.1619234068E+00
   0.1619236628E+00
   0.1619239004E+00
   0.1619241225E+00
   0.1619243316E+00
   0.1619245297E+00
   0.1619247186E+00
   0.1619249001E+00
   0.1619250756E+00
   0.1619252465E+00
   0.1619254142E+00
   0.1619255801E+00
   0.1619257455E+00
   0.1619259118E+00
   0.1619260809E+00
   0.1619262544E+00
   0.1619264348E+00
   0.1619266246E+00
   0.1619268274E+00
   0.1619270478E+00
   0.1619272920E+00
   0.1619275687E+00
   0.1619278904E+00
   0.1619282752E+00
   0.1619287490E+00
   0.1619293430E+00
   0.1619300756E+00
   0.1619308980E+00
   0.1619316654E+00
   0.1619322399E+00
   0.1619325996E+00
   0.1619328060E+00
   0.1619329283E+00
   0.1619330112E+00
   0.1619330775E+00
   0.1619331367E+00
   0.1619331924E+00
   0.1619332458E+00
   0.1619332972E+00
   0.1619333467E+00
   0.1619333942E+00
   0.1619334398E+00
   0.1619334834E+00
   0.1619335251E+00
   0.1619335651E+00
   0.1619336033E+00
   0.1619336398E+00
   0.1619336747E+00
   0.1619337080E+00
   0.1619337399E+00
   0.1619337705E+00
   0.1619337997E+00
   0.1619338276E+00
   0.1619338543E+00
   0.1619338799E+00
   0.1619339044E+00
   0.1619339279E+00
   0.1619339504E+00
   0.1619339719E+00
   0.1619339925E+00
   0.1619340123E+00
   0.1619340312E+00
   0.1619340494E+00
   0.1619340668E+00
   0.1619340834E+00
   0.1619340994E+00
   0.1619341148E+00
   0.1619341295E+00
   0.1619341436E+00
   0.1619341571E+00
   0.1619341701E+00
   0.1619341825E+00
   0.1619341945E+00
   0.1619342059E+00
   0.1619342169E+00
   0.1619342275E+00
   0.1619342376E+00
   0.1619342473E+00
   0.1619342567E+00
   0.1619342656E+00
   0.1619342742E+00
   0.1619342825E+00
   0.1619342904E+00
   0.1619342980E+00
   0.1619343053E+00
   0.1619343123E+00
   0.1619343190E+00
   0.1619343255E+00
   0.1619343317E+00
   0.1619343376E+00
   0.1619343433E+00
   0.1619343489E+00
   0.1619343541E+00
   0.1619343592E+00
   0.1619343640E+00
   0.1619343687E+00
   0.1619343732E+00
   0.1619343775E+00
   0.1619343817E+00
   0.1619343857E+00
   0.1619343895E+00
   0.1619343931E+00
   0.1619343967E+00
   0.1619344001E+00
   0.1619344033E+00
   0.1619344064E+00
   0.1619344094E+00
   0.1619344123E+00
   0.1619344151E+00
   0.1619344178E+00
   0.1619344203E+00
   0.1619344228E+00
   0.1619344251E+00
   0.1619344274E+00
   0.1619344296E+00
   0.1619344317E+00
   0.1619344337E+00
   0.1619344356E+00
   0.1619344375E+00
   0.1619344392E+00
   0.1619344410E+00
   0.1619344426E+00
   0.1619344442E+00
   0.1619344457E+00
   0.1619344472E+00
   0.1619344486E+00
   0.1619344499E+00
   0.1619344512E+00
   0.1619344525E+00
   0.1619344537E+00
   0.1619344548E+00
   0.1619344559E+00
   0.1619344570E+00
   0.1619344580E+00
   0.1619344590E+00
   0.1619344599E+00
   0.1619344608E+00
   0.1619344617E+00
   0.1619344625E+00
   0.1619344633E+00
   0.1619344641E+00
   0.1619344649E+00
   0.1619344656E+00
   0.1619344663E+00
   0.1619344669E+00
   0.1619344675E+00
   0.1619344682E+00
   0.1619344687E+00
   0.1619344693E+00
   0.1619344698E+00
   0.1619344704E+00
   0.1619344709E+00
   0.1619344713E+00
   0.1619344718E+00
   0.1619344722E+00
   0.1619344727E+00
   0.1619344731E+00
   0.1619344735E+00
   0.1619344738E+00
   0.1619344742E+00
   0.1619344746E+00
   0.1619344749E+00
   0.1619344752E+00
   0.1619344755E+00
   0.1619344758E+00
   0.1619344761E+00
   0.1619344764E+00
   0.1619344766E+00
   0.1619344769E+00
   0.1619344771E+00
   0.1619344774E+00
   0.1619344776E+00
   0.1619344778E+00
   0.1619344780E+00
   0.1619344782E+00
   0.1619344784E+00
   0.1619344786E+00
   0.1619344788E+00
   0.1619344789E+00
   0.1619344791E+00
   0.1619344793E+00
   0.1619344794E+00
   0.1619344796E+00
   0.1619344797E+00
   0.1619344798E+00
   0.1619344800E+00
   0.1619344801E+00
