   0.7531204742E+05
   0.2637054222E+02
   0.2112221114E+02
   0.1489309411E+02
   0.1017178712E+02
   0.6718440004E+01
   0.4889807144E+01
   0.4395195997E+01
   0.3758659883E+01
   0.3335643473E+01
   0.3495932491E+01
   0.3507724741E+01
   0.3446602477E+01
   0.3440295732E+01
   0.3574576503E+01
   0.3604650864E+01
   0.3646109205E+01
   0.3655572462E+01
   0.3748591847E+01
   0.4261459214E+01
   0.4417934103E+01
   0.4738132040E+01
   0.5078192050E+01
   0.5365269979E+01
   0.5494031185E+01
   0.5491367399E+01
   0.5426738816E+01
   0.5338962811E+01
   0.5242063495E+01
   0.5139795771E+01
   0.5038581766E+01
   0.4947649900E+01
   0.4870604624E+01
   0.4800905533E+01
   0.4808055403E+01
   0.4848181621E+01
   0.4854985217E+01
   0.4845929712E+01
   0.4828036231E+01
   0.4875669445E+01
   0.5034752158E+01
   0.5105588145E+01
   0.5239810102E+01
   0.5406013061E+01
   0.5530041042E+01
   0.5621098173E+01
   0.5637203379E+01
   0.5615804924E+01
   0.5801252241E+01
   0.5950970477E+01
   0.5973301318E+01
   0.5756273340E+01
   0.5729797428E+01
   0.5860890473E+01
   0.5926967735E+01
   0.5936121690E+01
   0.5942816618E+01
   0.5947695193E+01
   0.5951392120E+01
   0.5954183955E+01
   0.5956281527E+01
   0.5957823758E+01
   0.5958840942E+01
   0.5959311356E+01
   0.5959257825E+01
   0.5958846267E+01
   0.5958469241E+01
   0.5958524786E+01
   0.5959043624E+01
   0.5959682934E+01
   0.5960157741E+01
   0.5960409397E+01
   0.5960501705E+01
   0.5960508683E+01
   0.5960476477E+01
   0.5960426974E+01
   0.5960367269E+01
   0.5960299489E+01
   0.5960224563E+01
   0.5960143315E+01
   0.5960056683E+01
   0.5959970129E+01
   0.5959900168E+01
   0.5959867446E+01
   0.5959869631E+01
   0.5959879119E+01
   0.5959873570E+01
   0.5959848794E+01
   0.5959810276E+01
   0.5959763523E+01
   0.5959711356E+01
   0.5959653824E+01
   0.5959590445E+01
   0.5959520578E+01
   0.5959443268E+01
   0.5959357427E+01
   0.5959261429E+01
   0.5959153682E+01
   0.5959031983E+01
   0.5958893495E+01
   0.5958735113E+01
   0.5958552992E+01
   0.5958342086E+01
   0.5958096590E+01
   0.5957810231E+01
   0.5957477265E+01
   0.5957096271E+01
   0.5956676732E+01
   0.5956249698E+01
   0.5955873814E+01
   0.5955614007E+01
   0.5955484407E+01
   0.5955423265E+01
   0.5955343482E+01
   0.5955191372E+01
   0.5954954037E+01
   0.5954634865E+01
   0.5954233166E+01
   0.5953738429E+01
   0.5953138067E+01
   0.5952453324E+01
   0.5951518730E+01
   0.5950776048E+01
   0.5949854055E+01
   0.5948649235E+01
   0.5947242353E+01
   0.5946018894E+01
   0.5945183313E+01
   0.5944671653E+01
   0.5944379521E+01
   0.5944228844E+01
   0.5944170927E+01
   0.5944176467E+01
   0.5944227495E+01
   0.5944312263E+01
   0.5944422306E+01
   0.5944550905E+01
   0.5944692119E+01
   0.5944839719E+01
   0.5944989092E+01
   0.5945136247E+01
   0.5945279823E+01
   0.5945419414E+01
   0.5945555078E+01
   0.5945686515E+01
   0.5945813455E+01
   0.5945935706E+01
   0.5946053248E+01
   0.5946166528E+01
   0.5946276370E+01
   0.5946383999E+01
   0.5946491150E+01
   0.5946599880E+01
   0.5946712527E+01
   0.5946830137E+01
   0.5946947430E+01
   0.5947043494E+01
   0.5947085136E+01
   0.5947059866E+01
   0.5946990787E+01
   0.5946909863E+01
   0.5946836029E+01
   0.5946775215E+01
   0.5946726860E+01
   0.5946688481E+01
   0.5946657713E+01
   0.5946632718E+01
   0.5946612190E+01
   0.5946595184E+01
   0.5946581040E+01
   0.5946569226E+01
   0.5946559348E+01
   0.5946551089E+01
   0.5946544194E+01
   0.5946538430E+01
   0.5946533623E+01
   0.5946529573E+01
   0.5946526211E+01
   0.5946523361E+01
   0.5946520985E+01
   0.5946518981E+01
   0.5946517289E+01
   0.5946515855E+01
   0.5946514644E+01
   0.5946513606E+01
   0.5946512720E+01
   0.5946511940E+01
   0.5946511265E+01
   0.5946510661E+01
   0.5946510127E+01
   0.5946509664E+01
   0.5946509236E+01
   0.5946508831E+01
   0.5946508473E+01
   0.5946508141E+01
   0.5946507838E+01
   0.5946507503E+01
   0.5946507170E+01
   0.5946506835E+01
   0.5946506464E+01
   0.5946506089E+01
   0.5946505766E+01
   0.5946505451E+01
   0.5946505163E+01
   0.5946504897E+01
   0.5946504647E+01
   0.5946504400E+01
   0.5946504169E+01
   0.5946503947E+01
   0.5946503732E+01
   0.5946503524E+01
   0.5946503321E+01
   0.5946503126E+01
   0.5946502938E+01
   0.5946502756E+01
   0.5946502582E+01
   0.5946502415E+01
   0.5946502256E+01
   0.5946502103E+01
   0.5946501957E+01
   0.5946501818E+01
   0.5946501686E+01
   0.5946501559E+01
   0.5946501439E+01
   0.5946501323E+01
   0.5946501214E+01
   0.5946501109E+01
   0.5946501009E+01
   0.5946500914E+01
   0.5946500824E+01
   0.5946500737E+01
   0.5946500655E+01
   0.5946500577E+01
   0.5946500502E+01
   0.5946500431E+01
   0.5946500363E+01
   0.5946500298E+01
   0.5946500236E+01
   0.5946500177E+01
   0.5946500121E+01
   0.5946500065E+01
   0.5946500013E+01
   0.5946499963E+01
   0.5946499915E+01
   0.5946499870E+01
   0.5946499837E+01
   0.5946499806E+01
   0.5946499755E+01
   0.5946499731E+01
   0.5946499680E+01
   0.5946499655E+01
   0.5946499607E+01
   0.5946499573E+01
   0.5946499553E+01
   0.5946499531E+01
   0.5946499502E+01
   0.5946499469E+01
   0.5946499433E+01
   0.5946499412E+01
   0.5946499402E+01
   0.5946499373E+01
   0.5946499340E+01
   0.5946499310E+01
   0.5946499304E+01
   0.5946499284E+01
   0.5946499268E+01
   0.5946499248E+01
   0.5946499233E+01
   0.5946499216E+01
   0.5946499201E+01
   0.5946499186E+01
   0.5946499172E+01
   0.5946499158E+01
   0.5946499145E+01
   0.5946499133E+01
   0.5946499121E+01
   0.5946499110E+01
   0.5946499099E+01
   0.5946499088E+01
   0.5946499078E+01
   0.5946499069E+01
   0.5946499059E+01
   0.5946499050E+01
   0.5946499030E+01
   0.5946499029E+01
   0.5946499016E+01
   0.5946499014E+01
   0.5946499002E+01
   0.5946499000E+01
   0.5946498990E+01
   0.5946498988E+01
   0.5946498978E+01
   0.5946498976E+01
   0.5946498971E+01
   0.5946498962E+01
   0.5946498961E+01
   0.5946498956E+01
   0.5946498948E+01
   0.5946498947E+01
   0.5946498942E+01
   0.5946498938E+01
   0.5946498931E+01
   0.5946498931E+01
   0.5946498927E+01
   0.5946498921E+01
   0.5946498920E+01
   0.5946498917E+01
   0.5946498911E+01
   0.5946498911E+01
   0.5946498908E+01
   0.5946498903E+01
   0.5946498900E+01
   0.5946498900E+01
   0.5946498896E+01
   0.5946498895E+01
   0.5946498891E+01
   0.5946498890E+01
   0.5946498887E+01
   0.5946498886E+01
   0.5946498883E+01
   0.5946498883E+01
   0.5946498880E+01
   0.5946498879E+01
   0.5946498876E+01
   0.5946498876E+01
   0.5946498873E+01
   0.5946498873E+01
   0.5946498871E+01
   0.5946498870E+01
   0.5946498868E+01
   0.5946498868E+01
   0.5946498866E+01
   0.5946498865E+01
   0.5946498863E+01
   0.5946498863E+01
   0.5946498861E+01
   0.5946498861E+01
   0.5946498860E+01
   0.5946498859E+01
   0.5946498858E+01
   0.5946498858E+01
   0.5946498856E+01
   0.5946498856E+01
   0.5946498855E+01
   0.5946498855E+01
   0.5946498853E+01
   0.5946498853E+01
   0.5946498852E+01
   0.5946498852E+01
   0.5946498851E+01
   0.5946498851E+01
   0.5946498850E+01
   0.5946498850E+01
   0.5946498849E+01
   0.5946498849E+01
