   0.5990505128E+05
   0.1999125009E+02
   0.1734570052E+02
   0.1304479818E+02
   0.9101182540E+01
   0.6083903734E+01
   0.4290457189E+01
   0.3363902891E+01
   0.2869147062E+01
   0.2467031410E+01
   0.2427499384E+01
   0.2444434567E+01
   0.2624061649E+01
   0.2781994258E+01
   0.2855334349E+01
   0.2877066984E+01
   0.2879483257E+01
   0.2879849778E+01
   0.2883807937E+01
   0.2890365227E+01
   0.3068264229E+01
   0.3074845146E+01
   0.3041705855E+01
   0.3043404207E+01
   0.3083409757E+01
   0.3155842868E+01
   0.3250244140E+01
   0.3381339395E+01
   0.3443344687E+01
   0.3465614531E+01
   0.3470458618E+01
   0.3471697484E+01
   0.3479287116E+01
   0.3502195076E+01
   0.3515387861E+01
   0.3531529419E+01
   0.3550238148E+01
   0.3570362635E+01
   0.3598983162E+01
   0.3619187224E+01
   0.3609395058E+01
   0.3683106002E+01
   0.3807314903E+01
   0.3912438530E+01
   0.3988393346E+01
   0.4038101538E+01
   0.4039647014E+01
   0.4042567817E+01
   0.4189672896E+01
   0.4211905679E+01
   0.4195765877E+01
   0.4171473985E+01
   0.4154739675E+01
   0.4139354699E+01
   0.4126109737E+01
   0.4114887734E+01
   0.4102920117E+01
   0.4092826124E+01
   0.4084468777E+01
   0.4077208158E+01
   0.4070511856E+01
   0.4064125541E+01
   0.4057969159E+01
   0.4052082987E+01
   0.4046523240E+01
   0.4041330108E+01
   0.4036690002E+01
   0.4033001307E+01
   0.4030512985E+01
   0.4029042031E+01
   0.4028181866E+01
   0.4027603166E+01
   0.4027143439E+01
   0.4026757307E+01
   0.4026446897E+01
   0.4026222400E+01
   0.4026090247E+01
   0.4026046318E+01
   0.4026080683E+01
   0.4026183308E+01
   0.4026343998E+01
   0.4026536451E+01
   0.4026675319E+01
   0.4026514590E+01
   0.4025235560E+01
   0.4019589051E+01
   0.3998935947E+01
   0.3957405502E+01
   0.3929657220E+01
   0.3929637294E+01
   0.3929615302E+01
   0.3929591438E+01
   0.3929565421E+01
   0.3929536842E+01
   0.3929505276E+01
   0.3929470242E+01
   0.3929431142E+01
   0.3929387248E+01
   0.3929337691E+01
   0.3929281419E+01
   0.3929217145E+01
   0.3929143284E+01
   0.3929057882E+01
   0.3928958628E+01
   0.3928842987E+01
   0.3928708727E+01
   0.3928555278E+01
   0.3928386438E+01
   0.3928214773E+01
   0.3928064071E+01
   0.3927960311E+01
   0.3927909041E+01
   0.3927885069E+01
   0.3927853035E+01
   0.3927791425E+01
   0.3927695304E+01
   0.3927566292E+01
   0.3927404516E+01
   0.3927206040E+01
   0.3926965982E+01
   0.3926693118E+01
   0.3925804147E+01
   0.3925339139E+01
   0.3924918483E+01
   0.3925824346E+01
   0.3931734365E+01
   0.3936618608E+01
   0.3940313560E+01
   0.3942976717E+01
   0.3944849618E+01
   0.3946140473E+01
   0.3947002894E+01
   0.3947544446E+01
   0.3947840775E+01
   0.3947946633E+01
   0.3947903378E+01
   0.3947744321E+01
   0.3947495440E+01
   0.3947178316E+01
   0.3946808900E+01
   0.3946402101E+01
   0.3945970292E+01
   0.3945525666E+01
   0.3945078619E+01
   0.3944637492E+01
   0.3944206864E+01
   0.3943789665E+01
   0.3943387158E+01
   0.3942998971E+01
   0.3942623591E+01
   0.3942258266E+01
   0.3941898991E+01
   0.3941540537E+01
   0.3941176847E+01
   0.3940803676E+01
   0.3940430198E+01
   0.3940097956E+01
   0.3939880488E+01
   0.3939820970E+01
   0.3939890522E+01
   0.3940027250E+01
   0.3940181733E+01
   0.3940328084E+01
   0.3940457188E+01
   0.3940567927E+01
   0.3940662147E+01
   0.3940742326E+01
   0.3940810697E+01
   0.3940869137E+01
   0.3940919075E+01
   0.3940961750E+01
   0.3940998124E+01
   0.3941029048E+01
   0.3941055250E+01
   0.3941077381E+01
   0.3941095998E+01
   0.3941111662E+01
   0.3941124731E+01
   0.3941135663E+01
   0.3941144727E+01
   0.3941152245E+01
   0.3941158460E+01
   0.3941163587E+01
   0.3941167789E+01
   0.3941171237E+01
   0.3941174050E+01
   0.3941176368E+01
   0.3941178249E+01
   0.3941179795E+01
   0.3941181052E+01
   0.3941182048E+01
   0.3941182867E+01
   0.3941183543E+01
   0.3941184061E+01
   0.3941184477E+01
   0.3941184760E+01
   0.3941185048E+01
   0.3941185240E+01
   0.3941185321E+01
   0.3941185333E+01
   0.3941185297E+01
   0.3941185210E+01
   0.3941185121E+01
   0.3941185017E+01
   0.3941184906E+01
   0.3941184790E+01
   0.3941184683E+01
   0.3941184559E+01
   0.3941184427E+01
   0.3941184292E+01
   0.3941184154E+01
   0.3941184014E+01
   0.3941183872E+01
   0.3941183729E+01
   0.3941183587E+01
   0.3941183445E+01
   0.3941183305E+01
   0.3941183167E+01
   0.3941183031E+01
   0.3941182898E+01
   0.3941182768E+01
   0.3941182640E+01
   0.3941182516E+01
   0.3941182395E+01
   0.3941182279E+01
   0.3941182166E+01
   0.3941182056E+01
   0.3941181950E+01
   0.3941181848E+01
   0.3941181749E+01
   0.3941181653E+01
   0.3941181561E+01
   0.3941181472E+01
   0.3941181385E+01
   0.3941181301E+01
   0.3941181221E+01
   0.3941181144E+01
   0.3941181070E+01
   0.3941180998E+01
   0.3941180930E+01
   0.3941180864E+01
   0.3941180800E+01
   0.3941180739E+01
   0.3941180680E+01
   0.3941180623E+01
   0.3941180550E+01
   0.3941180472E+01
   0.3941180437E+01
   0.3941180362E+01
   0.3941180339E+01
   0.3941180274E+01
   0.3941180262E+01
   0.3941180227E+01
   0.3941180172E+01
   0.3941180112E+01
   0.3941180074E+01
   0.3941180053E+01
   0.3941180037E+01
   0.3941180006E+01
   0.3941179945E+01
   0.3941179922E+01
   0.3941179916E+01
   0.3941179912E+01
   0.3941179863E+01
   0.3941179838E+01
   0.3941179808E+01
   0.3941179787E+01
   0.3941179762E+01
   0.3941179741E+01
   0.3941179719E+01
   0.3941179698E+01
   0.3941179678E+01
   0.3941179659E+01
   0.3941179641E+01
   0.3941179623E+01
   0.3941179606E+01
   0.3941179589E+01
   0.3941179573E+01
   0.3941179558E+01
   0.3941179543E+01
   0.3941179529E+01
   0.3941179515E+01
   0.3941179502E+01
   0.3941179513E+01
   0.3941179491E+01
   0.3941179489E+01
   0.3941179468E+01
   0.3941179465E+01
   0.3941179445E+01
   0.3941179443E+01
   0.3941179425E+01
   0.3941179422E+01
   0.3941179405E+01
   0.3941179395E+01
   0.3941179392E+01
   0.3941179377E+01
   0.3941179369E+01
   0.3941179367E+01
   0.3941179354E+01
   0.3941179346E+01
   0.3941179339E+01
   0.3941179338E+01
   0.3941179326E+01
   0.3941179320E+01
   0.3941179319E+01
   0.3941179308E+01
   0.3941179303E+01
   0.3941179302E+01
   0.3941179293E+01
   0.3941179288E+01
   0.3941179286E+01
   0.3941179283E+01
   0.3941179275E+01
   0.3941179274E+01
   0.3941179266E+01
   0.3941179265E+01
   0.3941179259E+01
   0.3941179258E+01
   0.3941179252E+01
   0.3941179251E+01
   0.3941179245E+01
   0.3941179245E+01
   0.3941179239E+01
   0.3941179239E+01
   0.3941179234E+01
   0.3941179233E+01
   0.3941179229E+01
   0.3941179228E+01
   0.3941179224E+01
   0.3941179224E+01
   0.3941179220E+01
   0.3941179219E+01
   0.3941179216E+01
   0.3941179215E+01
   0.3941179212E+01
   0.3941179212E+01
   0.3941179209E+01
   0.3941179208E+01
   0.3941179206E+01
   0.3941179205E+01
   0.3941179203E+01
   0.3941179202E+01
   0.3941179200E+01
   0.3941179200E+01
   0.3941179198E+01
   0.3941179197E+01
   0.3941179195E+01
   0.3941179195E+01
   0.3941179193E+01
   0.3941179193E+01
   0.3941179191E+01
   0.3941179191E+01
   0.3941179190E+01
   0.3941179189E+01
   0.3941179188E+01
