   0.0000000000E+00
   0.6505066876E+05
   0.9697763724E+01
   0.7035678398E+01
   0.4893798725E+01
   0.3146522651E+01
   0.1895300341E+01
   0.1115734718E+01
   0.6991631661E+00
   0.5028253992E+00
   0.4709909431E+00
   0.4379428288E+00
   0.4183110479E+00
   0.4136508657E+00
   0.4170513184E+00
   0.4276393179E+00
   0.3960915199E+00
   0.3603330446E+00
   0.3829057362E+00
   0.3421241029E+00
   0.3210121738E+00
   0.3533692345E+00
   0.3773990014E+00
   0.3741122633E+00
   0.3465542758E+00
   0.3301982656E+00
   0.3730325069E+00
   0.3676400714E+00
   0.3429030377E+00
   0.3210594003E+00
   0.3316163789E+00
   0.3375515521E+00
   0.3961490225E+00
   0.4053142704E+00
   0.3938587853E+00
   0.3754156790E+00
   0.3574524918E+00
   0.3616368660E+00
   0.3576777922E+00
   0.3267856470E+00
   0.3133785790E+00
   0.2899405898E+00
   0.2969777832E+00
   0.2988714748E+00
   0.2913246933E+00
   0.2892776615E+00
   0.2712760742E+00
   0.2684472305E+00
   0.2696156956E+00
   0.2573823822E+00
   0.2492007902E+00
   0.2728008050E+00
   0.3104722558E+00
   0.3171285963E+00
   0.2974761943E+00
   0.2698784427E+00
   0.2572519288E+00
   0.2566949606E+00
   0.2450483147E+00
   0.2440710951E+00
   0.2446727963E+00
   0.2438886590E+00
   0.2367202255E+00
   0.2246011724E+00
   0.2173596895E+00
   0.2190025241E+00
   0.2206430269E+00
   0.2220882380E+00
   0.2231691531E+00
   0.2269695149E+00
   0.2331338492E+00
   0.2395923399E+00
   0.2438895085E+00
   0.2428560846E+00
   0.2359919378E+00
   0.2264289916E+00
   0.2201030345E+00
   0.2215358366E+00
   0.2239935052E+00
   0.2159741952E+00
   0.2187883357E+00
   0.2191822868E+00
   0.2160765496E+00
   0.2144437858E+00
   0.2124227943E+00
   0.2131128207E+00
   0.2140614579E+00
   0.2151951613E+00
   0.2164243895E+00
   0.2176117355E+00
   0.2184980446E+00
   0.2185720588E+00
   0.2190955005E+00
   0.2200450971E+00
   0.2213065854E+00
   0.2230021244E+00
   0.2252541822E+00
   0.2281903850E+00
   0.2319111946E+00
   0.2364011392E+00
   0.2413527187E+00
   0.2459345214E+00
   0.2487470032E+00
   0.2483641989E+00
   0.2443211067E+00
   0.2375362744E+00
   0.2296600822E+00
   0.2221314430E+00
   0.2157408938E+00
   0.2147677417E+00
   0.2158112888E+00
   0.2160949500E+00
   0.2229637259E+00
   0.2299093486E+00
   0.2342184680E+00
   0.2366610675E+00
   0.2390373959E+00
   0.2418462164E+00
   0.2420429594E+00
   0.2600791672E+00
   0.2892419718E+00
   0.3073228762E+00
   0.3129448061E+00
   0.3006348857E+00
   0.2767842918E+00
   0.2440908681E+00
   0.2283368686E+00
   0.2269921883E+00
   0.2243316439E+00
   0.2231679060E+00
   0.2219587926E+00
   0.2208249809E+00
   0.2198194609E+00
   0.2194840445E+00
   0.2235651487E+00
   0.2285855217E+00
   0.2331051194E+00
   0.2338886006E+00
   0.2288873298E+00
   0.2205290206E+00
   0.2146143451E+00
   0.2140148218E+00
   0.2133870695E+00
   0.2127309517E+00
   0.2120499430E+00
   0.2118121566E+00
   0.2119422681E+00
   0.2121907642E+00
   0.2125965561E+00
   0.2132094435E+00
   0.2140971273E+00
   0.2153535784E+00
   0.2171040688E+00
   0.2194839670E+00
   0.2225047045E+00
   0.2255951411E+00
   0.2268731109E+00
   0.2240278013E+00
   0.2175864222E+00
   0.2107337644E+00
   0.2057948628E+00
   0.2053270660E+00
   0.2047107054E+00
   0.2040587370E+00
   0.2034386270E+00
   0.2028818555E+00
   0.2023983134E+00
   0.2019867266E+00
   0.2016407698E+00
   0.2015040683E+00
   0.2014205291E+00
   0.2013456844E+00
   0.2012792504E+00
   0.2012209243E+00
   0.2012430091E+00
   0.2013088507E+00
   0.2013792026E+00
   0.2014560329E+00
   0.2015416455E+00
   0.2016388029E+00
   0.2017509031E+00
   0.2018822292E+00
   0.2020383113E+00
   0.2022264589E+00
   0.2024565565E+00
   0.2027422827E+00
   0.2031030126E+00
   0.2035668437E+00
   0.2041754702E+00
   0.2049919995E+00
   0.2061128778E+00
   0.2076826101E+00
   0.2098946430E+00
   0.2128971749E+00
   0.2163624706E+00
   0.2186935537E+00
   0.2176823614E+00
   0.2134912849E+00
   0.2086111586E+00
   0.2048664183E+00
   0.2025618642E+00
   0.2013083410E+00
   0.2008185020E+00
   0.2006899168E+00
   0.2005890402E+00
   0.2005098008E+00
   0.2004472014E+00
   0.2003973194E+00
   0.2003571412E+00
   0.2003243761E+00
   0.2002972921E+00
   0.2002745828E+00
   0.2002552635E+00
   0.2002385918E+00
   0.2002240067E+00
   0.2002110837E+00
   0.2001995002E+00
   0.2001890102E+00
   0.2001794249E+00
   0.2001705989E+00
   0.2001624191E+00
   0.2001547968E+00
   0.2001476619E+00
   0.2001409582E+00
   0.2001346404E+00
   0.2001286713E+00
   0.2001230199E+00
   0.2001176602E+00
   0.2001125701E+00
   0.2001077302E+00
   0.2001031240E+00
   0.2000987364E+00
   0.2000945543E+00
   0.2000905657E+00
   0.2000867596E+00
   0.2000831261E+00
   0.2000796561E+00
   0.2000763409E+00
   0.2000731728E+00
   0.2000701442E+00
   0.2000672484E+00
   0.2000644788E+00
   0.2000618294E+00
   0.2000592944E+00
   0.2000568685E+00
   0.2000545428E+00
   0.2000523209E+00
   0.2000501935E+00
   0.2000481552E+00
   0.2000462037E+00
   0.2000443335E+00
   0.2000425423E+00
   0.2000408256E+00
   0.2000391809E+00
   0.2000376040E+00
   0.2000360933E+00
   0.2000346449E+00
   0.2000332560E+00
   0.2000319248E+00
   0.2000306477E+00
   0.2000294236E+00
   0.2000282494E+00
   0.2000271232E+00
   0.2000260429E+00
   0.2000250066E+00
   0.2000240124E+00
   0.2000230586E+00
   0.2000221435E+00
   0.2000212652E+00
   0.2000204225E+00
   0.2000196138E+00
   0.2000188376E+00
   0.2000180927E+00
   0.2000173777E+00
   0.2000166913E+00
   0.2000160325E+00
   0.2000154000E+00
   0.2000147929E+00
   0.2000142099E+00
   0.2000136503E+00
   0.2000131129E+00
   0.2000125969E+00
   0.2000121015E+00
   0.2000116257E+00
   0.2000111690E+00
   0.2000107301E+00
   0.2000103089E+00
   0.2000099042E+00
   0.2000095156E+00
   0.2000091423E+00
   0.2000087839E+00
   0.2000084395E+00
   0.2000081090E+00
   0.2000077913E+00
   0.2000074860E+00
   0.2000071930E+00
   0.2000069115E+00
   0.2000066410E+00
   0.2000063812E+00
   0.2000061316E+00
   0.2000058918E+00
   0.2000056614E+00
   0.2000054402E+00
   0.2000052275E+00
   0.2000050233E+00
   0.2000048270E+00
   0.2000046385E+00
   0.2000044573E+00
   0.2000042833E+00
   0.2000041161E+00
   0.2000039554E+00
   0.2000038010E+00
   0.2000036527E+00
   0.2000035102E+00
   0.2000033732E+00
   0.2000032416E+00
   0.2000031152E+00
   0.2000029937E+00
   0.2000028770E+00
   0.2000027648E+00
   0.2000026570E+00
   0.2000025534E+00
   0.2000024539E+00
   0.2000023582E+00
   0.2000022663E+00
   0.2000021780E+00
   0.2000020931E+00
   0.2000020116E+00
   0.2000019332E+00
   0.2000018579E+00
   0.2000017855E+00
   0.2000017160E+00
   0.2000016491E+00
   0.2000015849E+00
   0.2000015232E+00
   0.2000014639E+00
   0.2000014068E+00
   0.2000013521E+00
   0.2000012994E+00
   0.2000012488E+00
   0.2000012002E+00
   0.2000011535E+00
   0.2000011086E+00
   0.2000010654E+00
   0.2000010239E+00
   0.2000009841E+00
   0.2000009458E+00
   0.2000009090E+00
   0.2000008736E+00
   0.2000008396E+00
   0.2000008069E+00
   0.2000007755E+00
   0.2000007453E+00
   0.2000007163E+00
   0.2000006884E+00
