   0.1000000000E+01
   0.1142921232E+01
   0.1210698816E+01
   0.1273500038E+01
   0.1360577548E+01
   0.1475156077E+01
   0.1616502789E+01
   0.1808552736E+01
   0.2058811477E+01
   0.2631586240E+01
   0.3568212463E+01
   0.4970590907E+01
   0.6692896378E+01
   0.9792105907E+01
   0.1317299146E+02
   0.1643306013E+02
   0.1924800021E+02
   0.2147852491E+02
   0.2313400712E+02
   0.2432284641E+02
   0.2518637090E+02
   0.2585214788E+02
   0.2641676139E+02
   0.2692967111E+02
   0.2739092196E+02
   0.2777797304E+02
   0.2807569735E+02
   0.2828464035E+02
   0.2842114152E+02
   0.2851133994E+02
   0.2857860156E+02
   0.2863607984E+02
   0.2868971791E+02
   0.2874323967E+02
   0.2876725509E+02
   0.2879171087E+02
   0.2881678352E+02
   0.2884259402E+02
   0.2888300987E+02
   0.2894577615E+02
   0.2900847857E+02
   0.2907019796E+02
   0.2913139899E+02
   0.2919317108E+02
   0.2925547223E+02
   0.2934214410E+02
   0.2941330796E+02
   0.2946762433E+02
   0.2950762723E+02
   0.2953666134E+02
   0.2955824750E+02
   0.2957506213E+02
   0.2958472105E+02
   0.2959323347E+02
   0.2960088131E+02
   0.2960787639E+02
   0.2961746614E+02
   0.2962666151E+02
   0.2963574362E+02
   0.2964467079E+02
   0.2965326161E+02
   0.2966138418E+02
   0.2966898035E+02
   0.2967601350E+02
   0.2968244745E+02
   0.2968818008E+02
   0.2969283488E+02
   0.2969583293E+02
   0.2969705078E+02
   0.2969708748E+02
   0.2969671488E+02
   0.2969640257E+02
   0.2969629515E+02
   0.2969637125E+02
   0.2969656534E+02
   0.2969681771E+02
   0.2969708613E+02
   0.2969734701E+02
   0.2969759045E+02
   0.2969781222E+02
   0.2969801078E+02
   0.2969819392E+02
   0.2969839308E+02
   0.2969865800E+02
   0.2969900873E+02
   0.2969941135E+02
   0.2969981709E+02
   0.2970019903E+02
   0.2970055430E+02
   0.2970089226E+02
   0.2970122566E+02
   0.2970156609E+02
   0.2970192166E+02
   0.2970229717E+02
   0.2970269605E+02
   0.2970312191E+02
   0.2970357917E+02
   0.2970407323E+02
   0.2970461052E+02
   0.2970519885E+02
   0.2970584779E+02
   0.2970656935E+02
   0.2970737849E+02
   0.2970829329E+02
   0.2970933402E+02
   0.2971052006E+02
   0.2971186313E+02
   0.2971335316E+02
   0.2971493356E+02
   0.2971647881E+02
   0.2971782160E+02
   0.2971885968E+02
   0.2971964516E+02
   0.2972033938E+02
   0.2972109891E+02
   0.2972201787E+02
   0.2972314156E+02
   0.2972450077E+02
   0.2972613526E+02
   0.2972809070E+02
   0.2973035518E+02
   0.2973199657E+02
   0.2973387488E+02
   0.2973629177E+02
   0.2973945061E+02
   0.2974492277E+02
   0.2975019270E+02
   0.2975467614E+02
   0.2975826033E+02
   0.2976104934E+02
   0.2976319468E+02
   0.2976483138E+02
   0.2976606459E+02
   0.2976697321E+02
   0.2976761676E+02
   0.2976804163E+02
   0.2976828585E+02
   0.2976838324E+02
   0.2976836624E+02
   0.2976826425E+02
   0.2976809966E+02
   0.2976788653E+02
   0.2976763299E+02
   0.2976734517E+02
   0.2976702946E+02
   0.2976669259E+02
   0.2976634079E+02
   0.2976597910E+02
   0.2976561099E+02
   0.2976523816E+02
   0.2976486053E+02
   0.2976447612E+02
   0.2976408106E+02
   0.2976367010E+02
   0.2976323939E+02
   0.2976279658E+02
   0.2976238184E+02
   0.2976207168E+02
   0.2976192379E+02
   0.2976192805E+02
   0.2976203095E+02
   0.2976217967E+02
   0.2976234018E+02
   0.2976249541E+02
   0.2976263852E+02
   0.2976276771E+02
   0.2976288323E+02
   0.2976298611E+02
   0.2976307750E+02
   0.2976315855E+02
   0.2976323031E+02
   0.2976329374E+02
   0.2976334972E+02
   0.2976339905E+02
   0.2976344246E+02
   0.2976348063E+02
   0.2976351416E+02
   0.2976354359E+02
   0.2976356942E+02
   0.2976359209E+02
   0.2976361199E+02
   0.2976362946E+02
   0.2976364481E+02
   0.2976365831E+02
   0.2976367020E+02
   0.2976368068E+02
   0.2976368994E+02
   0.2976369813E+02
   0.2976370540E+02
   0.2976371186E+02
   0.2976371762E+02
   0.2976372278E+02
   0.2976372741E+02
   0.2976373159E+02
   0.2976373538E+02
   0.2976373884E+02
   0.2976374206E+02
   0.2976374513E+02
   0.2976374812E+02
   0.2976375103E+02
   0.2976375380E+02
   0.2976375640E+02
   0.2976375880E+02
   0.2976376103E+02
   0.2976376309E+02
   0.2976376502E+02
   0.2976376684E+02
   0.2976376856E+02
   0.2976377019E+02
   0.2976377174E+02
   0.2976377323E+02
   0.2976377465E+02
   0.2976377600E+02
   0.2976377730E+02
   0.2976377853E+02
   0.2976377972E+02
   0.2976378084E+02
   0.2976378192E+02
   0.2976378294E+02
   0.2976378392E+02
   0.2976378485E+02
   0.2976378574E+02
   0.2976378659E+02
   0.2976378739E+02
   0.2976378816E+02
   0.2976378889E+02
   0.2976378959E+02
   0.2976379025E+02
   0.2976379088E+02
   0.2976379149E+02
   0.2976379206E+02
   0.2976379261E+02
   0.2976379313E+02
   0.2976379363E+02
   0.2976379410E+02
   0.2976379456E+02
   0.2976379499E+02
   0.2976379540E+02
   0.2976379580E+02
   0.2976379617E+02
   0.2976379653E+02
   0.2976379688E+02
   0.2976379720E+02
   0.2976379752E+02
   0.2976379782E+02
   0.2976379809E+02
   0.2976379836E+02
   0.2976379862E+02
   0.2976379887E+02
   0.2976379910E+02
   0.2976379933E+02
   0.2976379956E+02
   0.2976379978E+02
   0.2976379996E+02
   0.2976380014E+02
   0.2976380034E+02
   0.2976380052E+02
   0.2976380070E+02
   0.2976380085E+02
   0.2976380101E+02
   0.2976380116E+02
   0.2976380131E+02
   0.2976380146E+02
   0.2976380158E+02
   0.2976380171E+02
   0.2976380183E+02
   0.2976380195E+02
   0.2976380205E+02
   0.2976380216E+02
   0.2976380226E+02
   0.2976380236E+02
   0.2976380246E+02
   0.2976380255E+02
   0.2976380263E+02
   0.2976380271E+02
   0.2976380279E+02
   0.2976380287E+02
   0.2976380294E+02
   0.2976380301E+02
   0.2976380308E+02
   0.2976380315E+02
   0.2976380321E+02
   0.2976380327E+02
   0.2976380334E+02
   0.2976380339E+02
   0.2976380345E+02
   0.2976380349E+02
   0.2976380355E+02
   0.2976380359E+02
   0.2976380364E+02
   0.2976380368E+02
   0.2976380372E+02
   0.2976380375E+02
   0.2976380380E+02
   0.2976380383E+02
   0.2976380386E+02
   0.2976380390E+02
   0.2976380393E+02
   0.2976380396E+02
   0.2976380399E+02
   0.2976380402E+02
   0.2976380405E+02
   0.2976380407E+02
   0.2976380410E+02
   0.2976380412E+02
   0.2976380415E+02
   0.2976380417E+02
   0.2976380419E+02
   0.2976380421E+02
   0.2976380423E+02
   0.2976380425E+02
   0.2976380427E+02
   0.2976380429E+02
   0.2976380430E+02
   0.2976380432E+02
   0.2976380434E+02
   0.2976380435E+02
   0.2976380437E+02
   0.2976380438E+02
   0.2976380439E+02
   0.2976380440E+02
   0.2976380442E+02
   0.2976380443E+02
   0.2976380444E+02
   0.2976380445E+02
   0.2976380446E+02
   0.2976380447E+02
   0.2976380448E+02
   0.2976380449E+02
   0.2976380450E+02
   0.2976380451E+02
   0.2976380452E+02
   0.2976380453E+02
   0.2976380453E+02
   0.2976380454E+02
   0.2976380455E+02
   0.2976380455E+02
   0.2976380456E+02
   0.2976380457E+02
   0.2976380457E+02
   0.2976380458E+02
   0.2976380459E+02
   0.2976380459E+02
   0.2976380460E+02
   0.2976380460E+02
   0.2976380461E+02
   0.2976380461E+02
   0.2976380462E+02
   0.2976380462E+02
   0.2976380462E+02
   0.2976380463E+02
   0.2976380463E+02
   0.2976380463E+02
   0.2976380464E+02
   0.2976380464E+02
