   0.1000000000E-04
   0.3891374514E-03
   0.3653095152E-03
   0.3411190980E-03
   0.3066619499E-03
   0.2607438275E-03
   0.2047961998E-03
   0.1442247909E-03
   0.8792620112E-04
   0.4462762599E-04
   0.1810310216E-04
   0.7323355137E-05
   0.2956180585E-05
   0.9168544429E-06
   0.2838211929E-06
   0.8772418675E-07
   0.2708118745E-07
   0.8352830416E-08
   0.2574558859E-08
   0.7931092049E-09
   0.2442257958E-09
   0.7518757990E-10
   0.2314445440E-10
   0.7123943732E-11
   0.2192678452E-11
   0.1000000000E-11
   0.1000000000E-11
   0.1000000000E-11
   0.1000000000E-11
   0.1000000000E-11
   0.1000000000E-11
   0.1000000000E-11
   0.1000000000E-11
   0.1000000000E-11
   0.1000000000E-11
   0.1000000000E-11
   0.1000000000E-11
   0.1000000000E-11
   0.1000000000E-11
   0.1000000000E-11
   0.1000000000E-11
   0.1000000000E-11
   0.1000000000E-11
   0.1000000000E-11
   0.1000000000E-11
   0.1000000000E-11
   0.1000000000E-11
   0.1000000000E-11
   0.1000000000E-11
   0.1000000000E-11
   0.1000000000E-11
   0.1000000000E-11
   0.1000000000E-11
   0.1000000000E-11
   0.1000000000E-11
   0.1000000000E-11
   0.1000000000E-11
   0.1000000000E-11
   0.1000000000E-11
   0.1000000000E-11
   0.1000000000E-11
   0.1000000000E-11
   0.1000000000E-11
   0.1000000000E-11
   0.1000000000E-11
   0.1000000000E-11
   0.1000000000E-11
   0.1000000000E-11
   0.1000000000E-11
   0.1000000000E-11
   0.1000000000E-11
   0.1000000000E-11
   0.1000000000E-11
   0.1000000000E-11
   0.1000000000E-11
   0.1000000000E-11
   0.1000000000E-11
   0.1000000000E-11
   0.1000000000E-11
   0.1000000000E-11
   0.1000000000E-11
   0.1000000000E-11
   0.1000000000E-11
   0.1000000000E-11
   0.1000000000E-11
   0.1000000000E-11
   0.1000000000E-11
   0.1000000000E-11
   0.1000000000E-11
   0.1000000000E-11
   0.1000000000E-11
   0.1000000000E-11
   0.1000000000E-11
   0.1000000000E-11
   0.1000000000E-11
   0.1000000000E-11
   0.1000000000E-11
   0.1000000000E-11
   0.1000000000E-11
   0.1000000000E-11
   0.1000000000E-11
   0.1000000000E-11
   0.1000000000E-11
   0.1000000000E-11
   0.1000000000E-11
   0.1000000000E-11
   0.1000000000E-11
   0.1000000000E-11
   0.1000000000E-11
   0.1000000000E-11
   0.1000000000E-11
   0.1000000000E-11
   0.1000000000E-11
   0.1000000000E-11
   0.1000000000E-11
   0.1000000000E-11
   0.1000000000E-11
   0.1000000000E-11
   0.1000000000E-11
   0.1000000000E-11
   0.1000000000E-11
   0.1000000000E-11
   0.1000000000E-11
   0.1000000000E-11
   0.1000000000E-11
   0.1000000000E-11
   0.1000000000E-11
   0.1000000000E-11
   0.1000000000E-11
   0.1000000000E-11
   0.1000000000E-11
   0.1000000000E-11
   0.1000000000E-11
   0.1000000000E-11
   0.1000000000E-11
   0.1000000000E-11
   0.1000000000E-11
   0.1000000000E-11
   0.1000000000E-11
   0.1000000000E-11
   0.1000000000E-11
   0.1000000000E-11
   0.1000000000E-11
   0.1000000000E-11
   0.1000000000E-11
   0.1000000000E-11
   0.1000000000E-11
   0.1000000000E-11
   0.1000000000E-11
   0.1000000000E-11
   0.1000000000E-11
   0.1000000000E-11
   0.1000000000E-11
   0.1000000000E-11
   0.1000000000E-11
   0.1000000000E-11
   0.1000000000E-11
   0.1000000000E-11
   0.1000000000E-11
   0.1000000000E-11
   0.1000000000E-11
   0.1000000000E-11
   0.1000000000E-11
   0.1000000000E-11
   0.1000000000E-11
   0.1000000000E-11
   0.1000000000E-11
   0.1000000000E-11
   0.1000000000E-11
   0.1000000000E-11
   0.1000000000E-11
   0.1000000000E-11
   0.1000000000E-11
   0.1000000000E-11
   0.1000000000E-11
   0.1000000000E-11
   0.1000000000E-11
   0.1000000000E-11
   0.1000000000E-11
   0.1000000000E-11
   0.1000000000E-11
   0.1000000000E-11
   0.1000000000E-11
   0.1000000000E-11
   0.1000000000E-11
   0.1000000000E-11
   0.1000000000E-11
   0.1000000000E-11
   0.1000000000E-11
   0.1000000000E-11
   0.1000000000E-11
   0.1000000000E-11
   0.1000000000E-11
   0.1000000000E-11
   0.1000000000E-11
   0.1000000000E-11
   0.1000000000E-11
   0.1000000000E-11
   0.1000000000E-11
   0.1000000000E-11
   0.1000000000E-11
   0.1000000000E-11
   0.1000000000E-11
   0.1000000000E-11
   0.1000000000E-11
   0.1000000000E-11
   0.1000000000E-11
   0.1000000000E-11
   0.1000000000E-11
   0.1000000000E-11
   0.1000000000E-11
   0.1000000000E-11
   0.1000000000E-11
   0.1000000000E-11
   0.1000000000E-11
   0.1000000000E-11
   0.1000000000E-11
   0.1000000000E-11
   0.1000000000E-11
   0.1000000000E-11
   0.1000000000E-11
   0.1000000000E-11
   0.1000000000E-11
   0.1000000000E-11
   0.1000000000E-11
   0.1000000000E-11
   0.1000000000E-11
   0.1000000000E-11
   0.1000000000E-11
   0.1000000000E-11
   0.1000000000E-11
   0.1000000000E-11
   0.1000000000E-11
   0.1000000000E-11
   0.1000000000E-11
   0.1000000000E-11
   0.1000000000E-11
   0.1000000000E-11
   0.1000000000E-11
   0.1000000000E-11
   0.1000000000E-11
   0.1000000000E-11
   0.1000000000E-11
   0.1000000000E-11
   0.1000000000E-11
   0.1000000000E-11
   0.1000000000E-11
   0.1000000000E-11
   0.1000000000E-11
   0.1000000000E-11
   0.1000000000E-11
   0.1000000000E-11
   0.1000000000E-11
   0.1000000000E-11
   0.1000000000E-11
   0.1000000000E-11
   0.1000000000E-11
   0.1000000000E-11
   0.1000000000E-11
   0.1000000000E-11
   0.1000000000E-11
   0.1000000000E-11
   0.1000000000E-11
   0.1000000000E-11
   0.1000000000E-11
   0.1000000000E-11
   0.1000000000E-11
   0.1000000000E-11
   0.1000000000E-11
   0.1000000000E-11
   0.1000000000E-11
   0.1000000000E-11
   0.1000000000E-11
   0.1000000000E-11
   0.1000000000E-11
   0.1000000000E-11
   0.1000000000E-11
   0.1000000000E-11
   0.1000000000E-11
   0.1000000000E-11
   0.1000000000E-11
   0.1000000000E-11
   0.1000000000E-11
   0.1000000000E-11
   0.1000000000E-11
   0.1000000000E-11
   0.1000000000E-11
   0.1000000000E-11
   0.1000000000E-11
   0.1000000000E-11
   0.1000000000E-11
   0.1000000000E-11
   0.1000000000E-11
   0.1000000000E-11
   0.1000000000E-11
   0.1000000000E-11
   0.1000000000E-11
   0.1000000000E-11
   0.1000000000E-11
   0.1000000000E-11
   0.1000000000E-11
   0.1000000000E-11
   0.1000000000E-11
   0.1000000000E-11
   0.1000000000E-11
   0.1000000000E-11
   0.1000000000E-11
   0.1000000000E-11
   0.1000000000E-11
   0.1000000000E-11
   0.1000000000E-11
   0.1000000000E-11
   0.1000000000E-11
   0.1000000000E-11
   0.1000000000E-11
   0.1000000000E-11
   0.1000000000E-11
   0.1000000000E-11
   0.1000000000E-11
   0.1000000000E-11
   0.1000000000E-11
   0.1000000000E-11
   0.1000000000E-11
   0.1000000000E-11
   0.1000000000E-11
   0.1000000000E-11
   0.1000000000E-11
   0.1000000000E-11
   0.1000000000E-11
   0.1000000000E-11
   0.1000000000E-11
   0.1000000000E-11
   0.1000000000E-11
   0.1000000000E-11
   0.1000000000E-11
   0.1000000000E-11
   0.1000000000E-11
   0.1000000000E-11
   0.1000000000E-11
   0.1000000000E-11
   0.1000000000E-11
   0.1000000000E-11
   0.1000000000E-11
   0.1000000000E-11
   0.1000000000E-11
   0.1000000000E-11
   0.1000000000E-11
   0.1000000000E-11
   0.1000000000E-11
   0.1000000000E-11
   0.1000000000E-11
   0.1000000000E-11
   0.1000000000E-11
   0.1000000000E-11
   0.1000000000E-11
