   0.1563907974E-10
   0.2153748884E-07
   0.1811157601E-07
   0.1490952517E-13
   0.3454683609E-12
   0.1468534966E-12
   0.4603509112E-13
   0.9615519350E-13
   0.3436982861E-11
   0.4541178880E-12
   0.6109637541E-11
   0.1291366711E-11
   0.2996519359E-12
   0.1775665705E-09
   0.7921618945E-09
   0.5751210164E-13
   0.7210495867E-09
   0.1268746093E-09
   0.4099675559E-11
   0.1615865091E-11
   0.8278946422E-11
   0.9235600760E-12
   0.1166286435E-11
   0.3388637352E-11
   0.2717226718E-12
   0.9625156333E-12
   0.1720096837E-13
   0.1970961611E-13
   0.2490582084E-12
   0.1351775842E-12
   0.6686239716E-13
   0.7368920363E-13
   0.3768360266E-12
   0.1270600453E-12
   0.3486699784E-12
   0.2906684785E-12
   0.3249538152E-12
   0.2387662356E-11
   0.1971819430E-10
   0.1037631677E-12
   0.7807761574E-13
   0.3264455890E-14
   0.2319805782E-13
   0.1797789977E-13
   0.2625655977E-13
   0.1263194491E-11
   0.2145344155E-13
   0.1345821309E-13
   0.2328467473E-13
   0.3284809857E-13
   0.1182766696E-11
   0.1220931930E-11
   0.5558793813E-13
   0.2186329540E-12
   0.2479296650E-13
   0.6708895506E-13
   0.3374003737E-12
   0.5988090869E-10
   0.3860177311E-10
   0.1413378956E-13
   0.3318823589E-12
   0.1026317707E-13
   0.4488549167E-14
   0.1291272350E-13
   0.1084948854E-10
   0.5749146032E-10
   0.6544977802E-10
   0.1708205430E-11
   0.8511711635E-13
   0.4838442773E-13
   0.4423176158E-09
   0.3295540710E-10
   0.1315795738E-10
   0.4165862030E-13
   0.1459134089E-12
   0.3363443235E-13
   0.1633799086E-10
   0.1802340864E-11
   0.2452363520E-11
   0.1687590664E-11
   0.1087926837E-11
   0.3017172089E-11
   0.7706272207E-11
   0.1299252091E-10
   0.1051471700E-11
   0.5028095542E-12
   0.2273139042E-12
   0.2165683332E-11
   0.1194568198E-10
   0.5031368803E-11
   0.6761418101E-11
   0.2370391371E-11
   0.3355693486E-10
   0.6837533496E-10
   0.5433702693E-10
   0.2161482295E-11
   0.4540927167E-12
   0.2401897338E-12
   0.4238491769E-12
   0.4075283157E-12
   0.4571123649E-11
   0.2297972554E-11
   0.1319572043E-11
   0.5917865450E-12
   0.3823562997E-11
   0.3854899078E-11
   0.6835929828E-12
   0.1875273341E-11
   0.7499676871E-11
   0.2005025676E-10
   0.2100987851E-10
   0.7795956155E-11
   0.8838158860E-10
   0.1533593461E-10
   0.9250011976E-12
   0.6839319585E-12
   0.1446912679E-11
   0.1648762439E-11
   0.8442401946E-11
   0.7242995794E-11
   0.1258013198E-09
   0.1341836453E-11
   0.2801133767E-11
   0.1634276557E-11
   0.5131660814E-11
   0.2757900521E-10
   0.8068989593E-12
   0.1795708925E-12
   0.1667988777E-12
   0.1172678350E-11
   0.6179263630E-13
   0.5606211642E-13
   0.5996990362E-13
   0.3682696997E-12
   0.1609866137E-11
   0.2152121284E-10
   0.1226502770E-10
   0.1420513432E-12
   0.4580723593E-12
   0.4938045825E-12
   0.6844463423E-10
   0.1720978984E-11
   0.1567720331E-12
   0.5636402574E-13
   0.6895720560E-09
   0.2840377693E-10
   0.5222274691E-10
   0.1288195542E-10
   0.1178351761E-09
   0.1450085293E-09
   0.4632926610E-10
   0.1863591353E-10
   0.1954195676E-10
   0.1687209461E-10
   0.9757844915E-14
   0.7209750186E-12
   0.5478679236E-12
   0.9516343509E-12
   0.9324261396E-12
   0.1360164189E-11
   0.4732259144E-13
   0.1380996562E-12
   0.4347717925E-10
   0.9601072546E-12
   0.5482611638E-10
   0.4535913698E-10
   0.5336452133E-11
   0.5205117840E-11
   0.2297579082E-11
   0.6908127564E-11
   0.2641271361E-11
   0.4119005104E-11
   0.7038824273E-11
   0.5581601445E-11
   0.4500258455E-11
   0.1810753117E-10
   0.1930987597E-11
   0.5955350039E-11
   0.1039456953E-11
   0.1909712165E-10
   0.5990646190E-11
   0.2499131006E-11
   0.4611563181E-10
   0.1293049750E-10
   0.6914641451E-11
   0.5395094399E-11
   0.1371617210E-10
   0.8576757738E-11
   0.1375555385E-10
   0.2184953784E-10
   0.3800571964E-10
   0.8517907848E-11
   0.6856469755E-10
   0.9519988821E-13
   0.1061401888E-12
   0.1524175752E-11
   0.1412737805E-10
   0.8581684985E-11
   0.5624719843E-12
   0.3141795293E-12
   0.2832484177E-12
   0.3279836214E-11
   0.2000458633E-11
   0.4704945645E-12
   0.1801729533E-12
   0.1497053491E-12
   0.4422961717E-11
   0.5122278948E-12
   0.1171993025E-12
   0.1532792927E-12
   0.3150572706E-12
   0.6469527174E-12
   0.1787941212E-12
   0.1413935560E-11
   0.1630263833E-12
   0.2575846832E-13
   0.1401558391E-13
   0.3053616371E-13
   0.5201527491E-12
   0.1487579975E-12
   0.1896793435E-12
   0.1215702363E-12
   0.8587677426E-13
   0.5072879014E-13
   0.1615512021E-13
   0.5060729209E-12
   0.4787734751E-13
   0.4414424718E-13
   0.3750801656E-12
   0.4877083572E-13
   0.4033131140E-12
   0.9501698814E-13
   0.9005170381E-13
   0.6563782797E-13
   0.1296027740E-12
   0.3153816511E-13
   0.4413808045E-13
   0.5358650915E-13
   0.1186878491E-12
   0.3013588105E-13
   0.3503970359E-13
   0.2687490265E-13
   0.7630492615E-14
   0.2076913647E-13
   0.2441564602E-14
   0.1085116345E-08
   0.3049736418E-09
   0.9890200798E-09
   0.2954050745E-09
   0.1096398349E-08
   0.5145019525E-09
   0.8389125824E-09
   0.1791735251E-09
   0.1249650632E-08
   0.1831249930E-08
   0.4983440652E-09
   0.3816905188E-09
   0.2841116366E-10
   0.1402211603E-08
   0.3975286109E-09
   0.1179816373E-09
   0.1356815675E-09
   0.5759970118E-10
   0.1062890411E-09
   0.8934873758E-10
   0.4943835709E-10
   0.5681835554E-10
   0.4930805395E-10
   0.4709352828E-10
   0.3460323296E-10
   0.2779283558E-10
   0.3330801240E-10
   0.3370925711E-10
   0.3573637226E-10
   0.3668645924E-10
   0.3754939899E-10
   0.3830442866E-10
   0.3987074617E-10
   0.4258698150E-10
   0.4619873707E-10
   0.5011486367E-10
   0.5381503226E-10
   0.5693396993E-10
   0.1461431408E-09
   0.1009806723E-09
   0.1479716669E-09
   0.9084537160E-10
   0.1339964691E-09
   0.8946590177E-10
   0.1248036100E-09
   0.8765303000E-10
   0.1143179437E-09
   0.2585252014E-09
   0.2565619838E-09
   0.4576636639E-10
   0.1499865644E-09
   0.1334149625E-09
   0.1821679004E-09
   0.4814023695E-10
   0.9411656603E-10
   0.8682008784E-10
   0.8244674951E-10
   0.1608977892E-09
   0.1819158029E-09
   0.2666990316E-10
   0.7209694035E-10
   0.5104595275E-10
   0.4766291848E-10
   0.1161888514E-09
   0.1223166817E-09
   0.1067069558E-09
   0.2856940294E-10
   0.4292814877E-10
   0.4065713175E-10
   0.6703705781E-10
   0.3401175818E-10
   0.8598948484E-10
   0.3762670651E-10
   0.7832333791E-10
   0.3064662128E-10
   0.7277527645E-10
   0.2926075182E-10
   0.6654799844E-10
   0.2650365857E-10
   0.6084943155E-10
   0.2439394909E-10
   0.5596439701E-10
   0.2251958751E-10
   0.5145393324E-10
   0.2074486020E-10
   0.4736851927E-10
   0.1915306751E-10
   0.4362810944E-10
   0.1768255153E-10
   0.4020248634E-10
   0.1633583486E-10
   0.3706542554E-10
   0.1509914856E-10
   0.3418844871E-10
   0.1395783989E-10
   0.3155580616E-10
   0.1291234400E-10
   0.2912987985E-10
   0.1194662401E-10
   0.2690303007E-10
   0.1105759861E-10
   0.2485252755E-10
   0.1023755803E-10
   0.2296376179E-10
   0.9478984206E-11
   0.2123377247E-10
   0.8780374164E-11
   0.1962837830E-10
   0.8132806029E-11
   0.1815776692E-10
