   0.1563907974E-10  -0.1000000000E+31  -0.1000000000E+31  -0.1000000000E+31  -0.1000000000E+31  -0.1000000000E+31  -0.1000000000E+31  -0.1000000000E+31  -0.1000000000E+31  -0.1000000000E+31
   0.2153748884E-07  -0.1000000000E+31  -0.1000000000E+31  -0.1000000000E+31  -0.1000000000E+31  -0.1000000000E+31  -0.1000000000E+31  -0.1000000000E+31  -0.1000000000E+31  -0.1000000000E+31
   0.1811157601E-07  -0.1000000000E+31  -0.1000000000E+31  -0.1000000000E+31  -0.1000000000E+31  -0.1000000000E+31  -0.1000000000E+31  -0.1000000000E+31  -0.1000000000E+31  -0.1000000000E+31
   0.1958580409E-06   0.1031991576E-08   0.4537934805E-11   0.1490952517E-13  -0.1000000000E+31  -0.1000000000E+31  -0.1000000000E+31  -0.1000000000E+31  -0.1000000000E+31  -0.1000000000E+31
   0.2797715076E-06   0.1363323497E-08   0.2928425065E-10   0.3454683609E-12  -0.1000000000E+31  -0.1000000000E+31  -0.1000000000E+31  -0.1000000000E+31  -0.1000000000E+31  -0.1000000000E+31
   0.6531081278E-06   0.3049572967E-08   0.3474352750E-10   0.1468534966E-12  -0.1000000000E+31  -0.1000000000E+31  -0.1000000000E+31  -0.1000000000E+31  -0.1000000000E+31  -0.1000000000E+31
   0.1017996049E-06   0.2383835831E-06   0.7449914721E-10   0.4603509112E-13  -0.1000000000E+31  -0.1000000000E+31  -0.1000000000E+31  -0.1000000000E+31  -0.1000000000E+31  -0.1000000000E+31
   0.6976890508E-07   0.1418068532E-05   0.1389736339E-08   0.9615519350E-13  -0.1000000000E+31  -0.1000000000E+31  -0.1000000000E+31  -0.1000000000E+31  -0.1000000000E+31  -0.1000000000E+31
   0.1097829261E-05   0.5336637862E-06   0.2374152571E-08   0.3436982861E-11  -0.1000000000E+31  -0.1000000000E+31  -0.1000000000E+31  -0.1000000000E+31  -0.1000000000E+31  -0.1000000000E+31
   0.7416503861E-05   0.8019526821E-07   0.5008646265E-08   0.4541178880E-12  -0.1000000000E+31  -0.1000000000E+31  -0.1000000000E+31  -0.1000000000E+31  -0.1000000000E+31  -0.1000000000E+31
   0.2611719170E-05   0.1358736131E-06   0.6373471908E-07   0.6109637541E-11  -0.1000000000E+31  -0.1000000000E+31  -0.1000000000E+31  -0.1000000000E+31  -0.1000000000E+31  -0.1000000000E+31
   0.5796345661E-05   0.3822950471E-07   0.2292830984E-08   0.1291366711E-11  -0.1000000000E+31  -0.1000000000E+31  -0.1000000000E+31  -0.1000000000E+31  -0.1000000000E+31  -0.1000000000E+31
   0.5680440601E-05   0.1726660820E-06   0.1011654717E-07   0.2996519359E-12  -0.1000000000E+31  -0.1000000000E+31  -0.1000000000E+31  -0.1000000000E+31  -0.1000000000E+31  -0.1000000000E+31
   0.7734577980E-05   0.4919332071E-05   0.3852517110E-06   0.1775665705E-09  -0.1000000000E+31  -0.1000000000E+31  -0.1000000000E+31  -0.1000000000E+31  -0.1000000000E+31  -0.1000000000E+31
   0.1431421467E-04   0.9198400581E-06   0.5430049147E-06   0.7921618945E-09  -0.1000000000E+31  -0.1000000000E+31  -0.1000000000E+31  -0.1000000000E+31  -0.1000000000E+31  -0.1000000000E+31
   0.5486636710E-04   0.6338358855E-05   0.1209226066E-05   0.8514032593E-10   0.5751210164E-13  -0.1000000000E+31  -0.1000000000E+31  -0.1000000000E+31  -0.1000000000E+31  -0.1000000000E+31
   0.3642400487E-04   0.3858134019E-05   0.8753300420E-06   0.7210495867E-09  -0.1000000000E+31  -0.1000000000E+31  -0.1000000000E+31  -0.1000000000E+31  -0.1000000000E+31  -0.1000000000E+31
   0.3898912791E-04   0.3116629408E-05   0.2055928716E-07   0.1268746093E-09  -0.1000000000E+31  -0.1000000000E+31  -0.1000000000E+31  -0.1000000000E+31  -0.1000000000E+31  -0.1000000000E+31
   0.6092738797E-04   0.1387276861E-04   0.4874851860E-07   0.4099675559E-11  -0.1000000000E+31  -0.1000000000E+31  -0.1000000000E+31  -0.1000000000E+31  -0.1000000000E+31  -0.1000000000E+31
   0.4686207502E-05   0.2202579354E-05   0.5060741266E-09   0.1615865091E-11  -0.1000000000E+31  -0.1000000000E+31  -0.1000000000E+31  -0.1000000000E+31  -0.1000000000E+31  -0.1000000000E+31
   0.5808571723E-05   0.1595398755E-06   0.1052967145E-08   0.8278946422E-11  -0.1000000000E+31  -0.1000000000E+31  -0.1000000000E+31  -0.1000000000E+31  -0.1000000000E+31  -0.1000000000E+31
   0.1216439977E-05   0.7043426995E-07   0.1651898759E-08   0.9235600760E-12  -0.1000000000E+31  -0.1000000000E+31  -0.1000000000E+31  -0.1000000000E+31  -0.1000000000E+31  -0.1000000000E+31
   0.7776402348E-06   0.1065374003E-06   0.5079586828E-09   0.1166286435E-11  -0.1000000000E+31  -0.1000000000E+31  -0.1000000000E+31  -0.1000000000E+31  -0.1000000000E+31  -0.1000000000E+31
   0.3759559146E-05   0.4242364997E-07   0.9757084299E-09   0.3388637352E-11  -0.1000000000E+31  -0.1000000000E+31  -0.1000000000E+31  -0.1000000000E+31  -0.1000000000E+31  -0.1000000000E+31
   0.9956433927E-05   0.5999502528E-07   0.1683346023E-08   0.2717226718E-12  -0.1000000000E+31  -0.1000000000E+31  -0.1000000000E+31  -0.1000000000E+31  -0.1000000000E+31  -0.1000000000E+31
   0.1319300313E-06   0.9888403458E-07   0.4369012461E-09   0.9625156333E-12  -0.1000000000E+31  -0.1000000000E+31  -0.1000000000E+31  -0.1000000000E+31  -0.1000000000E+31  -0.1000000000E+31
   0.9919731481E-07   0.1445995449E-06   0.5911774121E-09   0.1720096837E-13  -0.1000000000E+31  -0.1000000000E+31  -0.1000000000E+31  -0.1000000000E+31  -0.1000000000E+31  -0.1000000000E+31
   0.6898635471E-06   0.5749805731E-07   0.5446988029E-10   0.1970961611E-13  -0.1000000000E+31  -0.1000000000E+31  -0.1000000000E+31  -0.1000000000E+31  -0.1000000000E+31  -0.1000000000E+31
   0.2673877855E-07   0.2997759845E-07   0.9467368568E-09   0.2490582084E-12  -0.1000000000E+31  -0.1000000000E+31  -0.1000000000E+31  -0.1000000000E+31  -0.1000000000E+31  -0.1000000000E+31
   0.1679374092E-06   0.3009757693E-07   0.3190759883E-09   0.1351775842E-12  -0.1000000000E+31  -0.1000000000E+31  -0.1000000000E+31  -0.1000000000E+31  -0.1000000000E+31  -0.1000000000E+31
   0.4251608256E-06   0.1926372445E-07   0.1667320452E-09   0.6686239716E-13  -0.1000000000E+31  -0.1000000000E+31  -0.1000000000E+31  -0.1000000000E+31  -0.1000000000E+31  -0.1000000000E+31
   0.2470489763E-06   0.3416412295E-08   0.5697625426E-09   0.7368920363E-13  -0.1000000000E+31  -0.1000000000E+31  -0.1000000000E+31  -0.1000000000E+31  -0.1000000000E+31  -0.1000000000E+31
   0.3435516500E-06   0.3117234582E-07   0.3719451487E-09   0.3768360266E-12  -0.1000000000E+31  -0.1000000000E+31  -0.1000000000E+31  -0.1000000000E+31  -0.1000000000E+31  -0.1000000000E+31
   0.1391439484E-06   0.2284981551E-07   0.1455817381E-09   0.1270600453E-12  -0.1000000000E+31  -0.1000000000E+31  -0.1000000000E+31  -0.1000000000E+31  -0.1000000000E+31  -0.1000000000E+31
   0.4117711158E-08   0.5431057540E-09   0.3486699784E-12  -0.1000000000E+31  -0.1000000000E+31  -0.1000000000E+31  -0.1000000000E+31  -0.1000000000E+31  -0.1000000000E+31  -0.1000000000E+31
   0.3348545970E-07   0.3051370926E-09   0.2906684785E-12  -0.1000000000E+31  -0.1000000000E+31  -0.1000000000E+31  -0.1000000000E+31  -0.1000000000E+31  -0.1000000000E+31  -0.1000000000E+31
   0.5832430990E-08   0.7465473882E-10   0.3249538152E-12  -0.1000000000E+31  -0.1000000000E+31  -0.1000000000E+31  -0.1000000000E+31  -0.1000000000E+31  -0.1000000000E+31  -0.1000000000E+31
   0.5966727139E-07   0.5337433391E-09   0.2387662356E-11  -0.1000000000E+31  -0.1000000000E+31  -0.1000000000E+31  -0.1000000000E+31  -0.1000000000E+31  -0.1000000000E+31  -0.1000000000E+31
   0.9475133447E-07   0.2005570015E-08   0.1971819430E-10  -0.1000000000E+31  -0.1000000000E+31  -0.1000000000E+31  -0.1000000000E+31  -0.1000000000E+31  -0.1000000000E+31  -0.1000000000E+31
   0.1260303861E-05   0.2309391631E-08   0.4453671630E-09   0.1037631677E-12  -0.1000000000E+31  -0.1000000000E+31  -0.1000000000E+31  -0.1000000000E+31  -0.1000000000E+31  -0.1000000000E+31
   0.1749708578E-06   0.1980287058E-08   0.6850659842E-10   0.7807761574E-13  -0.1000000000E+31  -0.1000000000E+31  -0.1000000000E+31  -0.1000000000E+31  -0.1000000000E+31  -0.1000000000E+31
   0.3738319997E-06   0.7912358097E-08   0.1951818489E-10   0.3264455890E-14  -0.1000000000E+31  -0.1000000000E+31  -0.1000000000E+31  -0.1000000000E+31  -0.1000000000E+31  -0.1000000000E+31
   0.5479041137E-06   0.3627757140E-08   0.2070649080E-09   0.2319805782E-13  -0.1000000000E+31  -0.1000000000E+31  -0.1000000000E+31  -0.1000000000E+31  -0.1000000000E+31  -0.1000000000E+31
   0.2810676175E-06   0.5742701646E-08   0.1808031821E-09   0.1797789977E-13  -0.1000000000E+31  -0.1000000000E+31  -0.1000000000E+31  -0.1000000000E+31  -0.1000000000E+31  -0.1000000000E+31
   0.1407577218E-06   0.1963371829E-08   0.1292780415E-09   0.2625655977E-13  -0.1000000000E+31  -0.1000000000E+31  -0.1000000000E+31  -0.1000000000E+31  -0.1000000000E+31  -0.1000000000E+31
   0.7237349118E-07   0.7892349824E-08   0.2135604581E-09   0.1263194491E-11  -0.1000000000E+31  -0.1000000000E+31  -0.1000000000E+31  -0.1000000000E+31  -0.1000000000E+31  -0.1000000000E+31
   0.4903028800E-06   0.8102988704E-08   0.2724855576E-09   0.2145344155E-13  -0.1000000000E+31  -0.1000000000E+31  -0.1000000000E+31  -0.1000000000E+31  -0.1000000000E+31  -0.1000000000E+31
   0.1060262176E-05   0.1384329685E-08   0.1735733943E-09   0.1345821309E-13  -0.1000000000E+31  -0.1000000000E+31  -0.1000000000E+31  -0.1000000000E+31  -0.1000000000E+31  -0.1000000000E+31
   0.8275659653E-06   0.6362509662E-08   0.1052441652E-09   0.2328467473E-13  -0.1000000000E+31  -0.1000000000E+31  -0.1000000000E+31  -0.1000000000E+31  -0.1000000000E+31  -0.1000000000E+31
   0.1365792832E-06   0.1838456928E-07   0.1337179638E-09   0.3284809857E-13  -0.1000000000E+31  -0.1000000000E+31  -0.1000000000E+31  -0.1000000000E+31  -0.1000000000E+31  -0.1000000000E+31
   0.5057129601E-06   0.3775855843E-07   0.4455870253E-09   0.1182766696E-11  -0.1000000000E+31  -0.1000000000E+31  -0.1000000000E+31  -0.1000000000E+31  -0.1000000000E+31  -0.1000000000E+31
   0.4391433831E-06   0.3299142986E-07   0.2106474246E-08   0.1220931930E-11  -0.1000000000E+31  -0.1000000000E+31  -0.1000000000E+31  -0.1000000000E+31  -0.1000000000E+31  -0.1000000000E+31
   0.1211192272E-06   0.9128105179E-09   0.8474092066E-10   0.5558793813E-13  -0.1000000000E+31  -0.1000000000E+31  -0.1000000000E+31  -0.1000000000E+31  -0.1000000000E+31  -0.1000000000E+31
   0.4643804198E-07   0.2154337751E-09   0.2203643892E-10   0.2186329540E-12  -0.1000000000E+31  -0.1000000000E+31  -0.1000000000E+31  -0.1000000000E+31  -0.1000000000E+31  -0.1000000000E+31
   0.3027865256E-06   0.2935454919E-09   0.1404441682E-10   0.2479296650E-13  -0.1000000000E+31  -0.1000000000E+31  -0.1000000000E+31  -0.1000000000E+31  -0.1000000000E+31  -0.1000000000E+31
   0.1479381261E-07   0.6744295469E-09   0.5363237471E-10   0.6708895506E-13  -0.1000000000E+31  -0.1000000000E+31  -0.1000000000E+31  -0.1000000000E+31  -0.1000000000E+31  -0.1000000000E+31
   0.1295531223E-06   0.1453250210E-07   0.8013530239E-10   0.3374003737E-12  -0.1000000000E+31  -0.1000000000E+31  -0.1000000000E+31  -0.1000000000E+31  -0.1000000000E+31  -0.1000000000E+31
   0.3979728895E-06   0.5609889387E-09   0.5988090869E-10  -0.1000000000E+31  -0.1000000000E+31  -0.1000000000E+31  -0.1000000000E+31  -0.1000000000E+31  -0.1000000000E+31  -0.1000000000E+31
   0.4351529795E-07   0.3405748295E-08   0.3860177311E-10  -0.1000000000E+31  -0.1000000000E+31  -0.1000000000E+31  -0.1000000000E+31  -0.1000000000E+31  -0.1000000000E+31  -0.1000000000E+31
   0.2022432603E-06   0.3079801245E-08   0.5633981508E-10   0.1413378956E-13  -0.1000000000E+31  -0.1000000000E+31  -0.1000000000E+31  -0.1000000000E+31  -0.1000000000E+31  -0.1000000000E+31
   0.1581146527E-06   0.1316599241E-08   0.4372901548E-10   0.3318823589E-12  -0.1000000000E+31  -0.1000000000E+31  -0.1000000000E+31  -0.1000000000E+31  -0.1000000000E+31  -0.1000000000E+31
   0.2416243045E-05   0.2004972412E-08   0.2413003042E-10   0.1026317707E-13  -0.1000000000E+31  -0.1000000000E+31  -0.1000000000E+31  -0.1000000000E+31  -0.1000000000E+31  -0.1000000000E+31
   0.9467760794E-06   0.1567940466E-08   0.2371354225E-10   0.4488549167E-14  -0.1000000000E+31  -0.1000000000E+31  -0.1000000000E+31  -0.1000000000E+31  -0.1000000000E+31  -0.1000000000E+31
   0.3758414144E-06   0.2018994580E-08   0.2041283935E-11   0.1291272350E-13  -0.1000000000E+31  -0.1000000000E+31  -0.1000000000E+31  -0.1000000000E+31  -0.1000000000E+31  -0.1000000000E+31
   0.5816843833E-06   0.5125297513E-08   0.1084948854E-10  -0.1000000000E+31  -0.1000000000E+31  -0.1000000000E+31  -0.1000000000E+31  -0.1000000000E+31  -0.1000000000E+31  -0.1000000000E+31
   0.8094682937E-06   0.7699509566E-08   0.5749146032E-10  -0.1000000000E+31  -0.1000000000E+31  -0.1000000000E+31  -0.1000000000E+31  -0.1000000000E+31  -0.1000000000E+31  -0.1000000000E+31
   0.6577542439E-06   0.1439785141E-06   0.6544977802E-10  -0.1000000000E+31  -0.1000000000E+31  -0.1000000000E+31  -0.1000000000E+31  -0.1000000000E+31  -0.1000000000E+31  -0.1000000000E+31
   0.9306114533E-06   0.1285439666E-06   0.7230236037E-08   0.1708205430E-11  -0.1000000000E+31  -0.1000000000E+31  -0.1000000000E+31  -0.1000000000E+31  -0.1000000000E+31  -0.1000000000E+31
   0.4280702127E-06   0.2757897830E-07   0.1919494069E-08   0.8511711635E-13  -0.1000000000E+31  -0.1000000000E+31  -0.1000000000E+31  -0.1000000000E+31  -0.1000000000E+31  -0.1000000000E+31
   0.2670124823E-06   0.1599202056E-06   0.2013960710E-09   0.4838442773E-13  -0.1000000000E+31  -0.1000000000E+31  -0.1000000000E+31  -0.1000000000E+31  -0.1000000000E+31  -0.1000000000E+31
   0.1620267179E-05   0.1651467480E-07   0.4423176158E-09  -0.1000000000E+31  -0.1000000000E+31  -0.1000000000E+31  -0.1000000000E+31  -0.1000000000E+31  -0.1000000000E+31  -0.1000000000E+31
   0.2297580206E-06   0.3845127153E-08   0.3295540710E-10  -0.1000000000E+31  -0.1000000000E+31  -0.1000000000E+31  -0.1000000000E+31  -0.1000000000E+31  -0.1000000000E+31  -0.1000000000E+31
   0.3550581284E-07   0.3648282246E-08   0.1315795738E-10  -0.1000000000E+31  -0.1000000000E+31  -0.1000000000E+31  -0.1000000000E+31  -0.1000000000E+31  -0.1000000000E+31  -0.1000000000E+31
   0.1565785058E-06   0.7160482312E-09   0.2915372896E-10   0.4165862030E-13  -0.1000000000E+31  -0.1000000000E+31  -0.1000000000E+31  -0.1000000000E+31  -0.1000000000E+31  -0.1000000000E+31
   0.3367425270E-07   0.6253662250E-08   0.7675026157E-09   0.1459134089E-12  -0.1000000000E+31  -0.1000000000E+31  -0.1000000000E+31  -0.1000000000E+31  -0.1000000000E+31  -0.1000000000E+31
   0.2118341792E-06   0.1942608216E-09   0.6439228875E-10   0.3363443235E-13  -0.1000000000E+31  -0.1000000000E+31  -0.1000000000E+31  -0.1000000000E+31  -0.1000000000E+31  -0.1000000000E+31
   0.1696997284E-07   0.7756545468E-09   0.1633799086E-10  -0.1000000000E+31  -0.1000000000E+31  -0.1000000000E+31  -0.1000000000E+31  -0.1000000000E+31  -0.1000000000E+31  -0.1000000000E+31
   0.1275377029E-06   0.1082185738E-08   0.1802340864E-11  -0.1000000000E+31  -0.1000000000E+31  -0.1000000000E+31  -0.1000000000E+31  -0.1000000000E+31  -0.1000000000E+31  -0.1000000000E+31
   0.4095236423E-07   0.1885070878E-08   0.2452363520E-11  -0.1000000000E+31  -0.1000000000E+31  -0.1000000000E+31  -0.1000000000E+31  -0.1000000000E+31  -0.1000000000E+31  -0.1000000000E+31
   0.6208511308E-07   0.4678786386E-09   0.1687590664E-11  -0.1000000000E+31  -0.1000000000E+31  -0.1000000000E+31  -0.1000000000E+31  -0.1000000000E+31  -0.1000000000E+31  -0.1000000000E+31
   0.2066271107E-07   0.1857634466E-09   0.1087926837E-11  -0.1000000000E+31  -0.1000000000E+31  -0.1000000000E+31  -0.1000000000E+31  -0.1000000000E+31  -0.1000000000E+31  -0.1000000000E+31
   0.1358074244E-07   0.2625927439E-09   0.3017172089E-11  -0.1000000000E+31  -0.1000000000E+31  -0.1000000000E+31  -0.1000000000E+31  -0.1000000000E+31  -0.1000000000E+31  -0.1000000000E+31
   0.4898184344E-07   0.7008347433E-10   0.7706272207E-11  -0.1000000000E+31  -0.1000000000E+31  -0.1000000000E+31  -0.1000000000E+31  -0.1000000000E+31  -0.1000000000E+31  -0.1000000000E+31
   0.2095394311E-07   0.8089449206E-10   0.1299252091E-10  -0.1000000000E+31  -0.1000000000E+31  -0.1000000000E+31  -0.1000000000E+31  -0.1000000000E+31  -0.1000000000E+31  -0.1000000000E+31
   0.3433224986E-07   0.1996244039E-09   0.1051471700E-11  -0.1000000000E+31  -0.1000000000E+31  -0.1000000000E+31  -0.1000000000E+31  -0.1000000000E+31  -0.1000000000E+31  -0.1000000000E+31
   0.2757934545E-07   0.3152755282E-09   0.5028095542E-12  -0.1000000000E+31  -0.1000000000E+31  -0.1000000000E+31  -0.1000000000E+31  -0.1000000000E+31  -0.1000000000E+31  -0.1000000000E+31
   0.3352724624E-07   0.2710875531E-08   0.2273139042E-12  -0.1000000000E+31  -0.1000000000E+31  -0.1000000000E+31  -0.1000000000E+31  -0.1000000000E+31  -0.1000000000E+31  -0.1000000000E+31
   0.6369155829E-07   0.7884216869E-09   0.2165683332E-11  -0.1000000000E+31  -0.1000000000E+31  -0.1000000000E+31  -0.1000000000E+31  -0.1000000000E+31  -0.1000000000E+31  -0.1000000000E+31
   0.8245306888E-07   0.3575350301E-08   0.1194568198E-10  -0.1000000000E+31  -0.1000000000E+31  -0.1000000000E+31  -0.1000000000E+31  -0.1000000000E+31  -0.1000000000E+31  -0.1000000000E+31
   0.5849221380E-07   0.7182083703E-09   0.5031368803E-11  -0.1000000000E+31  -0.1000000000E+31  -0.1000000000E+31  -0.1000000000E+31  -0.1000000000E+31  -0.1000000000E+31  -0.1000000000E+31
   0.1001405592E-06   0.6751171218E-08   0.6761418101E-11  -0.1000000000E+31  -0.1000000000E+31  -0.1000000000E+31  -0.1000000000E+31  -0.1000000000E+31  -0.1000000000E+31  -0.1000000000E+31
   0.6039661200E-07   0.2855392861E-08   0.2370391371E-11  -0.1000000000E+31  -0.1000000000E+31  -0.1000000000E+31  -0.1000000000E+31  -0.1000000000E+31  -0.1000000000E+31  -0.1000000000E+31
   0.5805380591E-07   0.4238022575E-09   0.3355693486E-10  -0.1000000000E+31  -0.1000000000E+31  -0.1000000000E+31  -0.1000000000E+31  -0.1000000000E+31  -0.1000000000E+31  -0.1000000000E+31
   0.1538464016E-07   0.5566284808E-09   0.6837533496E-10  -0.1000000000E+31  -0.1000000000E+31  -0.1000000000E+31  -0.1000000000E+31  -0.1000000000E+31  -0.1000000000E+31  -0.1000000000E+31
   0.1913018011E-07   0.8677015865E-09   0.5433702693E-10  -0.1000000000E+31  -0.1000000000E+31  -0.1000000000E+31  -0.1000000000E+31  -0.1000000000E+31  -0.1000000000E+31  -0.1000000000E+31
   0.9285909376E-08   0.3976291868E-09   0.2161482295E-11  -0.1000000000E+31  -0.1000000000E+31  -0.1000000000E+31  -0.1000000000E+31  -0.1000000000E+31  -0.1000000000E+31  -0.1000000000E+31
   0.9388154515E-07   0.2885880637E-10   0.4540927167E-12  -0.1000000000E+31  -0.1000000000E+31  -0.1000000000E+31  -0.1000000000E+31  -0.1000000000E+31  -0.1000000000E+31  -0.1000000000E+31
   0.8365587491E-08   0.1831406714E-09   0.2401897338E-12  -0.1000000000E+31  -0.1000000000E+31  -0.1000000000E+31  -0.1000000000E+31  -0.1000000000E+31  -0.1000000000E+31  -0.1000000000E+31
   0.1203310174E-06   0.4404979840E-10   0.4238491769E-12  -0.1000000000E+31  -0.1000000000E+31  -0.1000000000E+31  -0.1000000000E+31  -0.1000000000E+31  -0.1000000000E+31  -0.1000000000E+31
   0.1601130813E-07   0.1207168507E-09   0.4075283157E-12  -0.1000000000E+31  -0.1000000000E+31  -0.1000000000E+31  -0.1000000000E+31  -0.1000000000E+31  -0.1000000000E+31  -0.1000000000E+31
   0.6172082085E-08   0.2238920426E-10   0.4571123649E-11  -0.1000000000E+31  -0.1000000000E+31  -0.1000000000E+31  -0.1000000000E+31  -0.1000000000E+31  -0.1000000000E+31  -0.1000000000E+31
   0.6964178582E-07   0.5833034780E-09   0.2297972554E-11  -0.1000000000E+31  -0.1000000000E+31  -0.1000000000E+31  -0.1000000000E+31  -0.1000000000E+31  -0.1000000000E+31  -0.1000000000E+31
   0.2117735817E-06   0.2767270339E-11   0.1319572043E-11  -0.1000000000E+31  -0.1000000000E+31  -0.1000000000E+31  -0.1000000000E+31  -0.1000000000E+31  -0.1000000000E+31  -0.1000000000E+31
   0.6178940952E-07   0.1092573885E-08   0.5917865450E-12  -0.1000000000E+31  -0.1000000000E+31  -0.1000000000E+31  -0.1000000000E+31  -0.1000000000E+31  -0.1000000000E+31  -0.1000000000E+31
   0.1403172196E-06   0.3258223778E-09   0.3823562997E-11  -0.1000000000E+31  -0.1000000000E+31  -0.1000000000E+31  -0.1000000000E+31  -0.1000000000E+31  -0.1000000000E+31  -0.1000000000E+31
   0.4024087978E-06   0.3830345652E-09   0.3854899078E-11  -0.1000000000E+31  -0.1000000000E+31  -0.1000000000E+31  -0.1000000000E+31  -0.1000000000E+31  -0.1000000000E+31  -0.1000000000E+31
   0.2514598988E-07   0.9840232314E-09   0.6835929828E-12  -0.1000000000E+31  -0.1000000000E+31  -0.1000000000E+31  -0.1000000000E+31  -0.1000000000E+31  -0.1000000000E+31  -0.1000000000E+31
   0.3532510957E-07   0.8241876897E-09   0.1875273341E-11  -0.1000000000E+31  -0.1000000000E+31  -0.1000000000E+31  -0.1000000000E+31  -0.1000000000E+31  -0.1000000000E+31  -0.1000000000E+31
   0.3010748309E-06   0.2252368512E-08   0.7499676871E-11  -0.1000000000E+31  -0.1000000000E+31  -0.1000000000E+31  -0.1000000000E+31  -0.1000000000E+31  -0.1000000000E+31  -0.1000000000E+31
   0.4991124901E-07   0.2868590724E-09   0.2005025676E-10  -0.1000000000E+31  -0.1000000000E+31  -0.1000000000E+31  -0.1000000000E+31  -0.1000000000E+31  -0.1000000000E+31  -0.1000000000E+31
   0.2382878059E-06   0.1864301496E-08   0.2100987851E-10  -0.1000000000E+31  -0.1000000000E+31  -0.1000000000E+31  -0.1000000000E+31  -0.1000000000E+31  -0.1000000000E+31  -0.1000000000E+31
   0.2625576638E-07   0.4307251609E-09   0.7795956155E-11  -0.1000000000E+31  -0.1000000000E+31  -0.1000000000E+31  -0.1000000000E+31  -0.1000000000E+31  -0.1000000000E+31  -0.1000000000E+31
   0.3828877558E-07   0.2160376318E-08   0.8838158860E-10  -0.1000000000E+31  -0.1000000000E+31  -0.1000000000E+31  -0.1000000000E+31  -0.1000000000E+31  -0.1000000000E+31  -0.1000000000E+31
   0.3691931222E-07   0.4287664981E-09   0.1533593461E-10  -0.1000000000E+31  -0.1000000000E+31  -0.1000000000E+31  -0.1000000000E+31  -0.1000000000E+31  -0.1000000000E+31  -0.1000000000E+31
   0.4580779282E-07   0.3907330949E-09   0.9250011976E-12  -0.1000000000E+31  -0.1000000000E+31  -0.1000000000E+31  -0.1000000000E+31  -0.1000000000E+31  -0.1000000000E+31  -0.1000000000E+31
   0.2982578204E-06   0.4599589126E-09   0.6839319585E-12  -0.1000000000E+31  -0.1000000000E+31  -0.1000000000E+31  -0.1000000000E+31  -0.1000000000E+31  -0.1000000000E+31  -0.1000000000E+31
   0.9414610261E-07   0.3187863247E-09   0.1446912679E-11  -0.1000000000E+31  -0.1000000000E+31  -0.1000000000E+31  -0.1000000000E+31  -0.1000000000E+31  -0.1000000000E+31  -0.1000000000E+31
   0.9694972245E-07   0.1106930103E-08   0.1648762439E-11  -0.1000000000E+31  -0.1000000000E+31  -0.1000000000E+31  -0.1000000000E+31  -0.1000000000E+31  -0.1000000000E+31  -0.1000000000E+31
   0.1576921647E-07   0.7173461594E-10   0.8442401946E-11  -0.1000000000E+31  -0.1000000000E+31  -0.1000000000E+31  -0.1000000000E+31  -0.1000000000E+31  -0.1000000000E+31  -0.1000000000E+31
   0.1860142354E-06   0.1686669429E-09   0.7242995794E-11  -0.1000000000E+31  -0.1000000000E+31  -0.1000000000E+31  -0.1000000000E+31  -0.1000000000E+31  -0.1000000000E+31  -0.1000000000E+31
   0.8290644244E-07   0.2512564465E-09   0.1258013198E-09  -0.1000000000E+31  -0.1000000000E+31  -0.1000000000E+31  -0.1000000000E+31  -0.1000000000E+31  -0.1000000000E+31  -0.1000000000E+31
   0.3592930758E-08   0.3737115193E-10   0.1341836453E-11  -0.1000000000E+31  -0.1000000000E+31  -0.1000000000E+31  -0.1000000000E+31  -0.1000000000E+31  -0.1000000000E+31  -0.1000000000E+31
   0.7155923166E-08   0.3951221298E-11   0.2801133767E-11  -0.1000000000E+31  -0.1000000000E+31  -0.1000000000E+31  -0.1000000000E+31  -0.1000000000E+31  -0.1000000000E+31  -0.1000000000E+31
   0.6062027362E-08   0.8823227076E-10   0.1634276557E-11  -0.1000000000E+31  -0.1000000000E+31  -0.1000000000E+31  -0.1000000000E+31  -0.1000000000E+31  -0.1000000000E+31  -0.1000000000E+31
   0.2652630440E-07   0.8400584120E-09   0.5131660814E-11  -0.1000000000E+31  -0.1000000000E+31  -0.1000000000E+31  -0.1000000000E+31  -0.1000000000E+31  -0.1000000000E+31  -0.1000000000E+31
   0.1216548899E-07   0.9358259638E-08   0.2757900521E-10  -0.1000000000E+31  -0.1000000000E+31  -0.1000000000E+31  -0.1000000000E+31  -0.1000000000E+31  -0.1000000000E+31  -0.1000000000E+31
   0.4437371973E-06   0.1219746195E-08   0.8068989593E-12  -0.1000000000E+31  -0.1000000000E+31  -0.1000000000E+31  -0.1000000000E+31  -0.1000000000E+31  -0.1000000000E+31  -0.1000000000E+31
   0.4036993756E-06   0.2117790696E-08   0.1795708925E-12  -0.1000000000E+31  -0.1000000000E+31  -0.1000000000E+31  -0.1000000000E+31  -0.1000000000E+31  -0.1000000000E+31  -0.1000000000E+31
   0.4886595290E-07   0.1325735110E-09   0.1667988777E-12  -0.1000000000E+31  -0.1000000000E+31  -0.1000000000E+31  -0.1000000000E+31  -0.1000000000E+31  -0.1000000000E+31  -0.1000000000E+31
   0.2512085153E-07   0.1275039534E-09   0.1172678350E-11  -0.1000000000E+31  -0.1000000000E+31  -0.1000000000E+31  -0.1000000000E+31  -0.1000000000E+31  -0.1000000000E+31  -0.1000000000E+31
   0.5558031494E-07   0.6868103841E-10   0.6179263630E-13  -0.1000000000E+31  -0.1000000000E+31  -0.1000000000E+31  -0.1000000000E+31  -0.1000000000E+31  -0.1000000000E+31  -0.1000000000E+31
   0.2474978903E-06   0.4614479469E-10   0.5606211642E-13  -0.1000000000E+31  -0.1000000000E+31  -0.1000000000E+31  -0.1000000000E+31  -0.1000000000E+31  -0.1000000000E+31  -0.1000000000E+31
   0.5757955324E-07   0.1661506083E-09   0.5996990362E-13  -0.1000000000E+31  -0.1000000000E+31  -0.1000000000E+31  -0.1000000000E+31  -0.1000000000E+31  -0.1000000000E+31  -0.1000000000E+31
   0.2431686045E-07   0.6791063672E-09   0.3682696997E-12  -0.1000000000E+31  -0.1000000000E+31  -0.1000000000E+31  -0.1000000000E+31  -0.1000000000E+31  -0.1000000000E+31  -0.1000000000E+31
   0.1976619511E-06   0.3341875353E-10   0.1609866137E-11  -0.1000000000E+31  -0.1000000000E+31  -0.1000000000E+31  -0.1000000000E+31  -0.1000000000E+31  -0.1000000000E+31  -0.1000000000E+31
   0.2472015998E-06   0.6193997612E-09   0.2152121284E-10  -0.1000000000E+31  -0.1000000000E+31  -0.1000000000E+31  -0.1000000000E+31  -0.1000000000E+31  -0.1000000000E+31  -0.1000000000E+31
   0.1783866267E-07   0.2617144948E-07   0.1226502770E-10  -0.1000000000E+31  -0.1000000000E+31  -0.1000000000E+31  -0.1000000000E+31  -0.1000000000E+31  -0.1000000000E+31  -0.1000000000E+31
   0.4352922999E-07   0.1373066200E-08   0.1179018914E-08   0.1420513432E-12  -0.1000000000E+31  -0.1000000000E+31  -0.1000000000E+31  -0.1000000000E+31  -0.1000000000E+31  -0.1000000000E+31
   0.2486453568E-06   0.3303453539E-07   0.5184775421E-09   0.4580723593E-12  -0.1000000000E+31  -0.1000000000E+31  -0.1000000000E+31  -0.1000000000E+31  -0.1000000000E+31  -0.1000000000E+31
   0.4884720562E-07   0.2486801272E-09   0.2049139321E-09   0.4938045825E-12  -0.1000000000E+31  -0.1000000000E+31  -0.1000000000E+31  -0.1000000000E+31  -0.1000000000E+31  -0.1000000000E+31
   0.2559560814E-07   0.1295437289E-08   0.6844463423E-10  -0.1000000000E+31  -0.1000000000E+31  -0.1000000000E+31  -0.1000000000E+31  -0.1000000000E+31  -0.1000000000E+31  -0.1000000000E+31
   0.6988379282E-07   0.5991525564E-09   0.1720978984E-11  -0.1000000000E+31  -0.1000000000E+31  -0.1000000000E+31  -0.1000000000E+31  -0.1000000000E+31  -0.1000000000E+31  -0.1000000000E+31
   0.1717691733E-07   0.4547887814E-09   0.1567720331E-12  -0.1000000000E+31  -0.1000000000E+31  -0.1000000000E+31  -0.1000000000E+31  -0.1000000000E+31  -0.1000000000E+31  -0.1000000000E+31
   0.4218450520E-07   0.1289517241E-09   0.5636402574E-13  -0.1000000000E+31  -0.1000000000E+31  -0.1000000000E+31  -0.1000000000E+31  -0.1000000000E+31  -0.1000000000E+31  -0.1000000000E+31
   0.6743034934E-08   0.6895720560E-09  -0.1000000000E+31  -0.1000000000E+31  -0.1000000000E+31  -0.1000000000E+31  -0.1000000000E+31  -0.1000000000E+31  -0.1000000000E+31  -0.1000000000E+31
   0.1963701116E-08   0.2840377693E-10  -0.1000000000E+31  -0.1000000000E+31  -0.1000000000E+31  -0.1000000000E+31  -0.1000000000E+31  -0.1000000000E+31  -0.1000000000E+31  -0.1000000000E+31
   0.4588616267E-07   0.5222274691E-10  -0.1000000000E+31  -0.1000000000E+31  -0.1000000000E+31  -0.1000000000E+31  -0.1000000000E+31  -0.1000000000E+31  -0.1000000000E+31  -0.1000000000E+31
   0.2089607772E-07   0.1288195542E-10  -0.1000000000E+31  -0.1000000000E+31  -0.1000000000E+31  -0.1000000000E+31  -0.1000000000E+31  -0.1000000000E+31  -0.1000000000E+31  -0.1000000000E+31
   0.7730932392E-08   0.1178351761E-09  -0.1000000000E+31  -0.1000000000E+31  -0.1000000000E+31  -0.1000000000E+31  -0.1000000000E+31  -0.1000000000E+31  -0.1000000000E+31  -0.1000000000E+31
   0.6320229509E-08   0.1450085293E-09  -0.1000000000E+31  -0.1000000000E+31  -0.1000000000E+31  -0.1000000000E+31  -0.1000000000E+31  -0.1000000000E+31  -0.1000000000E+31  -0.1000000000E+31
   0.6386363090E-08   0.4632926610E-10  -0.1000000000E+31  -0.1000000000E+31  -0.1000000000E+31  -0.1000000000E+31  -0.1000000000E+31  -0.1000000000E+31  -0.1000000000E+31  -0.1000000000E+31
   0.6602111352E-07   0.1863591353E-10  -0.1000000000E+31  -0.1000000000E+31  -0.1000000000E+31  -0.1000000000E+31  -0.1000000000E+31  -0.1000000000E+31  -0.1000000000E+31  -0.1000000000E+31
   0.4618693712E-08   0.1954195676E-10  -0.1000000000E+31  -0.1000000000E+31  -0.1000000000E+31  -0.1000000000E+31  -0.1000000000E+31  -0.1000000000E+31  -0.1000000000E+31  -0.1000000000E+31
   0.1274139135E-07   0.1687209461E-10  -0.1000000000E+31  -0.1000000000E+31  -0.1000000000E+31  -0.1000000000E+31  -0.1000000000E+31  -0.1000000000E+31  -0.1000000000E+31  -0.1000000000E+31
   0.1227771022E-06   0.2212060351E-10   0.9757844915E-14  -0.1000000000E+31  -0.1000000000E+31  -0.1000000000E+31  -0.1000000000E+31  -0.1000000000E+31  -0.1000000000E+31  -0.1000000000E+31
   0.5507659959E-07   0.5708385855E-12   0.7209750186E-12  -0.1000000000E+31  -0.1000000000E+31  -0.1000000000E+31  -0.1000000000E+31  -0.1000000000E+31  -0.1000000000E+31  -0.1000000000E+31
   0.1561936566E-07   0.1705714686E-09   0.5478679236E-12  -0.1000000000E+31  -0.1000000000E+31  -0.1000000000E+31  -0.1000000000E+31  -0.1000000000E+31  -0.1000000000E+31  -0.1000000000E+31
   0.1107188995E-06   0.1182448621E-08   0.9516343509E-12  -0.1000000000E+31  -0.1000000000E+31  -0.1000000000E+31  -0.1000000000E+31  -0.1000000000E+31  -0.1000000000E+31  -0.1000000000E+31
   0.8322667014E-08   0.4383672973E-09   0.9324261396E-12  -0.1000000000E+31  -0.1000000000E+31  -0.1000000000E+31  -0.1000000000E+31  -0.1000000000E+31  -0.1000000000E+31  -0.1000000000E+31
   0.1319486670E-07   0.2118704126E-11   0.1360164189E-11  -0.1000000000E+31  -0.1000000000E+31  -0.1000000000E+31  -0.1000000000E+31  -0.1000000000E+31  -0.1000000000E+31  -0.1000000000E+31
   0.3019585308E-08   0.7864693481E-11   0.4732259144E-13  -0.1000000000E+31  -0.1000000000E+31  -0.1000000000E+31  -0.1000000000E+31  -0.1000000000E+31  -0.1000000000E+31  -0.1000000000E+31
   0.6907743345E-08   0.6100244462E-10   0.1380996562E-12  -0.1000000000E+31  -0.1000000000E+31  -0.1000000000E+31  -0.1000000000E+31  -0.1000000000E+31  -0.1000000000E+31  -0.1000000000E+31
   0.1378679609E-07   0.4347717925E-10  -0.1000000000E+31  -0.1000000000E+31  -0.1000000000E+31  -0.1000000000E+31  -0.1000000000E+31  -0.1000000000E+31  -0.1000000000E+31  -0.1000000000E+31
   0.7547438206E-08   0.9601072546E-12  -0.1000000000E+31  -0.1000000000E+31  -0.1000000000E+31  -0.1000000000E+31  -0.1000000000E+31  -0.1000000000E+31  -0.1000000000E+31  -0.1000000000E+31
   0.5602377904E-09   0.5482611638E-10  -0.1000000000E+31  -0.1000000000E+31  -0.1000000000E+31  -0.1000000000E+31  -0.1000000000E+31  -0.1000000000E+31  -0.1000000000E+31  -0.1000000000E+31
   0.1448304324E-08   0.4535913698E-10  -0.1000000000E+31  -0.1000000000E+31  -0.1000000000E+31  -0.1000000000E+31  -0.1000000000E+31  -0.1000000000E+31  -0.1000000000E+31  -0.1000000000E+31
   0.1212971327E-08   0.5336452133E-11  -0.1000000000E+31  -0.1000000000E+31  -0.1000000000E+31  -0.1000000000E+31  -0.1000000000E+31  -0.1000000000E+31  -0.1000000000E+31  -0.1000000000E+31
   0.2628393253E-07   0.5205117840E-11  -0.1000000000E+31  -0.1000000000E+31  -0.1000000000E+31  -0.1000000000E+31  -0.1000000000E+31  -0.1000000000E+31  -0.1000000000E+31  -0.1000000000E+31
   0.1168937944E-07   0.2297579082E-11  -0.1000000000E+31  -0.1000000000E+31  -0.1000000000E+31  -0.1000000000E+31  -0.1000000000E+31  -0.1000000000E+31  -0.1000000000E+31  -0.1000000000E+31
   0.2702146089E-07   0.6908127564E-11  -0.1000000000E+31  -0.1000000000E+31  -0.1000000000E+31  -0.1000000000E+31  -0.1000000000E+31  -0.1000000000E+31  -0.1000000000E+31  -0.1000000000E+31
   0.4106933625E-08   0.2641271361E-11  -0.1000000000E+31  -0.1000000000E+31  -0.1000000000E+31  -0.1000000000E+31  -0.1000000000E+31  -0.1000000000E+31  -0.1000000000E+31  -0.1000000000E+31
   0.5105891818E-08   0.4119005104E-11  -0.1000000000E+31  -0.1000000000E+31  -0.1000000000E+31  -0.1000000000E+31  -0.1000000000E+31  -0.1000000000E+31  -0.1000000000E+31  -0.1000000000E+31
   0.3221134643E-08   0.7038824273E-11  -0.1000000000E+31  -0.1000000000E+31  -0.1000000000E+31  -0.1000000000E+31  -0.1000000000E+31  -0.1000000000E+31  -0.1000000000E+31  -0.1000000000E+31
   0.1771541680E-09   0.5581601445E-11  -0.1000000000E+31  -0.1000000000E+31  -0.1000000000E+31  -0.1000000000E+31  -0.1000000000E+31  -0.1000000000E+31  -0.1000000000E+31  -0.1000000000E+31
   0.2284712459E-08   0.4500258455E-11  -0.1000000000E+31  -0.1000000000E+31  -0.1000000000E+31  -0.1000000000E+31  -0.1000000000E+31  -0.1000000000E+31  -0.1000000000E+31  -0.1000000000E+31
   0.4549188498E-08   0.1810753117E-10  -0.1000000000E+31  -0.1000000000E+31  -0.1000000000E+31  -0.1000000000E+31  -0.1000000000E+31  -0.1000000000E+31  -0.1000000000E+31  -0.1000000000E+31
   0.7617389649E-08   0.1930987597E-11  -0.1000000000E+31  -0.1000000000E+31  -0.1000000000E+31  -0.1000000000E+31  -0.1000000000E+31  -0.1000000000E+31  -0.1000000000E+31  -0.1000000000E+31
   0.1930591301E-08   0.5955350039E-11  -0.1000000000E+31  -0.1000000000E+31  -0.1000000000E+31  -0.1000000000E+31  -0.1000000000E+31  -0.1000000000E+31  -0.1000000000E+31  -0.1000000000E+31
   0.8629637378E-08   0.1039456953E-11  -0.1000000000E+31  -0.1000000000E+31  -0.1000000000E+31  -0.1000000000E+31  -0.1000000000E+31  -0.1000000000E+31  -0.1000000000E+31  -0.1000000000E+31
   0.4584976047E-08   0.1909712165E-10  -0.1000000000E+31  -0.1000000000E+31  -0.1000000000E+31  -0.1000000000E+31  -0.1000000000E+31  -0.1000000000E+31  -0.1000000000E+31  -0.1000000000E+31
   0.8372125472E-08   0.5990646190E-11  -0.1000000000E+31  -0.1000000000E+31  -0.1000000000E+31  -0.1000000000E+31  -0.1000000000E+31  -0.1000000000E+31  -0.1000000000E+31  -0.1000000000E+31
   0.5648379099E-08   0.2499131006E-11  -0.1000000000E+31  -0.1000000000E+31  -0.1000000000E+31  -0.1000000000E+31  -0.1000000000E+31  -0.1000000000E+31  -0.1000000000E+31  -0.1000000000E+31
   0.5620051393E-08   0.4611563181E-10  -0.1000000000E+31  -0.1000000000E+31  -0.1000000000E+31  -0.1000000000E+31  -0.1000000000E+31  -0.1000000000E+31  -0.1000000000E+31  -0.1000000000E+31
   0.4797788402E-09   0.1293049750E-10  -0.1000000000E+31  -0.1000000000E+31  -0.1000000000E+31  -0.1000000000E+31  -0.1000000000E+31  -0.1000000000E+31  -0.1000000000E+31  -0.1000000000E+31
   0.3724430316E-09   0.6914641451E-11  -0.1000000000E+31  -0.1000000000E+31  -0.1000000000E+31  -0.1000000000E+31  -0.1000000000E+31  -0.1000000000E+31  -0.1000000000E+31  -0.1000000000E+31
   0.3665775156E-08   0.5395094399E-11  -0.1000000000E+31  -0.1000000000E+31  -0.1000000000E+31  -0.1000000000E+31  -0.1000000000E+31  -0.1000000000E+31  -0.1000000000E+31  -0.1000000000E+31
   0.4057642376E-09   0.1371617210E-10  -0.1000000000E+31  -0.1000000000E+31  -0.1000000000E+31  -0.1000000000E+31  -0.1000000000E+31  -0.1000000000E+31  -0.1000000000E+31  -0.1000000000E+31
   0.3337939786E-08   0.8576757738E-11  -0.1000000000E+31  -0.1000000000E+31  -0.1000000000E+31  -0.1000000000E+31  -0.1000000000E+31  -0.1000000000E+31  -0.1000000000E+31  -0.1000000000E+31
   0.4232043615E-08   0.1375555385E-10  -0.1000000000E+31  -0.1000000000E+31  -0.1000000000E+31  -0.1000000000E+31  -0.1000000000E+31  -0.1000000000E+31  -0.1000000000E+31  -0.1000000000E+31
   0.5252159796E-09   0.2184953784E-10  -0.1000000000E+31  -0.1000000000E+31  -0.1000000000E+31  -0.1000000000E+31  -0.1000000000E+31  -0.1000000000E+31  -0.1000000000E+31  -0.1000000000E+31
   0.2728627303E-08   0.3800571964E-10  -0.1000000000E+31  -0.1000000000E+31  -0.1000000000E+31  -0.1000000000E+31  -0.1000000000E+31  -0.1000000000E+31  -0.1000000000E+31  -0.1000000000E+31
   0.4032497370E-08   0.8517907848E-11  -0.1000000000E+31  -0.1000000000E+31  -0.1000000000E+31  -0.1000000000E+31  -0.1000000000E+31  -0.1000000000E+31  -0.1000000000E+31  -0.1000000000E+31
   0.3311612480E-08   0.6856469755E-10  -0.1000000000E+31  -0.1000000000E+31  -0.1000000000E+31  -0.1000000000E+31  -0.1000000000E+31  -0.1000000000E+31  -0.1000000000E+31  -0.1000000000E+31
   0.2514436348E-08   0.2503013365E-09   0.9519988821E-13  -0.1000000000E+31  -0.1000000000E+31  -0.1000000000E+31  -0.1000000000E+31  -0.1000000000E+31  -0.1000000000E+31  -0.1000000000E+31
   0.1138597322E-08   0.1213912994E-09   0.1061401888E-12  -0.1000000000E+31  -0.1000000000E+31  -0.1000000000E+31  -0.1000000000E+31  -0.1000000000E+31  -0.1000000000E+31  -0.1000000000E+31
   0.2850119036E-07   0.1505392243E-09   0.1524175752E-11  -0.1000000000E+31  -0.1000000000E+31  -0.1000000000E+31  -0.1000000000E+31  -0.1000000000E+31  -0.1000000000E+31  -0.1000000000E+31
   0.4771592963E-08   0.4796407334E-10   0.1412737805E-10  -0.1000000000E+31  -0.1000000000E+31  -0.1000000000E+31  -0.1000000000E+31  -0.1000000000E+31  -0.1000000000E+31  -0.1000000000E+31
   0.2199593191E-08   0.1591827922E-08   0.8581684985E-11  -0.1000000000E+31  -0.1000000000E+31  -0.1000000000E+31  -0.1000000000E+31  -0.1000000000E+31  -0.1000000000E+31  -0.1000000000E+31
   0.6973430008E-08   0.1320890527E-09   0.5624719843E-12  -0.1000000000E+31  -0.1000000000E+31  -0.1000000000E+31  -0.1000000000E+31  -0.1000000000E+31  -0.1000000000E+31  -0.1000000000E+31
   0.2307702179E-08   0.3828087432E-10   0.3141795293E-12  -0.1000000000E+31  -0.1000000000E+31  -0.1000000000E+31  -0.1000000000E+31  -0.1000000000E+31  -0.1000000000E+31  -0.1000000000E+31
   0.5782907928E-08   0.9853757821E-13   0.2832484177E-12  -0.1000000000E+31  -0.1000000000E+31  -0.1000000000E+31  -0.1000000000E+31  -0.1000000000E+31  -0.1000000000E+31  -0.1000000000E+31
   0.2948804010E-08   0.3279836214E-11  -0.1000000000E+31  -0.1000000000E+31  -0.1000000000E+31  -0.1000000000E+31  -0.1000000000E+31  -0.1000000000E+31  -0.1000000000E+31  -0.1000000000E+31
   0.5805909153E-08   0.2000458633E-11  -0.1000000000E+31  -0.1000000000E+31  -0.1000000000E+31  -0.1000000000E+31  -0.1000000000E+31  -0.1000000000E+31  -0.1000000000E+31  -0.1000000000E+31
   0.1962700417E-08   0.4704945645E-12  -0.1000000000E+31  -0.1000000000E+31  -0.1000000000E+31  -0.1000000000E+31  -0.1000000000E+31  -0.1000000000E+31  -0.1000000000E+31  -0.1000000000E+31
   0.2040185913E-08   0.1801729533E-12  -0.1000000000E+31  -0.1000000000E+31  -0.1000000000E+31  -0.1000000000E+31  -0.1000000000E+31  -0.1000000000E+31  -0.1000000000E+31  -0.1000000000E+31
   0.2133529836E-08   0.1497053491E-12  -0.1000000000E+31  -0.1000000000E+31  -0.1000000000E+31  -0.1000000000E+31  -0.1000000000E+31  -0.1000000000E+31  -0.1000000000E+31  -0.1000000000E+31
   0.3125603763E-08   0.4422961717E-11  -0.1000000000E+31  -0.1000000000E+31  -0.1000000000E+31  -0.1000000000E+31  -0.1000000000E+31  -0.1000000000E+31  -0.1000000000E+31  -0.1000000000E+31
   0.2013088893E-08   0.5122278948E-12  -0.1000000000E+31  -0.1000000000E+31  -0.1000000000E+31  -0.1000000000E+31  -0.1000000000E+31  -0.1000000000E+31  -0.1000000000E+31  -0.1000000000E+31
   0.1501841511E-08   0.1171993025E-12  -0.1000000000E+31  -0.1000000000E+31  -0.1000000000E+31  -0.1000000000E+31  -0.1000000000E+31  -0.1000000000E+31  -0.1000000000E+31  -0.1000000000E+31
   0.1455414969E-08   0.1532792927E-12  -0.1000000000E+31  -0.1000000000E+31  -0.1000000000E+31  -0.1000000000E+31  -0.1000000000E+31  -0.1000000000E+31  -0.1000000000E+31  -0.1000000000E+31
   0.1491437051E-08   0.3150572706E-12  -0.1000000000E+31  -0.1000000000E+31  -0.1000000000E+31  -0.1000000000E+31  -0.1000000000E+31  -0.1000000000E+31  -0.1000000000E+31  -0.1000000000E+31
   0.1410925602E-08   0.6469527174E-12  -0.1000000000E+31  -0.1000000000E+31  -0.1000000000E+31  -0.1000000000E+31  -0.1000000000E+31  -0.1000000000E+31  -0.1000000000E+31  -0.1000000000E+31
   0.1377272892E-08   0.1787941212E-12  -0.1000000000E+31  -0.1000000000E+31  -0.1000000000E+31  -0.1000000000E+31  -0.1000000000E+31  -0.1000000000E+31  -0.1000000000E+31  -0.1000000000E+31
   0.1235781199E-08   0.1413935560E-11  -0.1000000000E+31  -0.1000000000E+31  -0.1000000000E+31  -0.1000000000E+31  -0.1000000000E+31  -0.1000000000E+31  -0.1000000000E+31  -0.1000000000E+31
   0.1167845970E-08   0.1630263833E-12  -0.1000000000E+31  -0.1000000000E+31  -0.1000000000E+31  -0.1000000000E+31  -0.1000000000E+31  -0.1000000000E+31  -0.1000000000E+31  -0.1000000000E+31
   0.1102173560E-08   0.2575846832E-13  -0.1000000000E+31  -0.1000000000E+31  -0.1000000000E+31  -0.1000000000E+31  -0.1000000000E+31  -0.1000000000E+31  -0.1000000000E+31  -0.1000000000E+31
   0.1041499219E-08   0.1401558391E-13  -0.1000000000E+31  -0.1000000000E+31  -0.1000000000E+31  -0.1000000000E+31  -0.1000000000E+31  -0.1000000000E+31  -0.1000000000E+31  -0.1000000000E+31
   0.9868470007E-09   0.3053616371E-13  -0.1000000000E+31  -0.1000000000E+31  -0.1000000000E+31  -0.1000000000E+31  -0.1000000000E+31  -0.1000000000E+31  -0.1000000000E+31  -0.1000000000E+31
   0.9386646909E-09   0.5201527491E-12  -0.1000000000E+31  -0.1000000000E+31  -0.1000000000E+31  -0.1000000000E+31  -0.1000000000E+31  -0.1000000000E+31  -0.1000000000E+31  -0.1000000000E+31
   0.9785750290E-09   0.1487579975E-12  -0.1000000000E+31  -0.1000000000E+31  -0.1000000000E+31  -0.1000000000E+31  -0.1000000000E+31  -0.1000000000E+31  -0.1000000000E+31  -0.1000000000E+31
   0.9430650745E-09   0.1896793435E-12  -0.1000000000E+31  -0.1000000000E+31  -0.1000000000E+31  -0.1000000000E+31  -0.1000000000E+31  -0.1000000000E+31  -0.1000000000E+31  -0.1000000000E+31
   0.1096873899E-08   0.1215702363E-12  -0.1000000000E+31  -0.1000000000E+31  -0.1000000000E+31  -0.1000000000E+31  -0.1000000000E+31  -0.1000000000E+31  -0.1000000000E+31  -0.1000000000E+31
   0.1043992125E-08   0.8587677426E-13  -0.1000000000E+31  -0.1000000000E+31  -0.1000000000E+31  -0.1000000000E+31  -0.1000000000E+31  -0.1000000000E+31  -0.1000000000E+31  -0.1000000000E+31
   0.9979766099E-09   0.5072879014E-13  -0.1000000000E+31  -0.1000000000E+31  -0.1000000000E+31  -0.1000000000E+31  -0.1000000000E+31  -0.1000000000E+31  -0.1000000000E+31  -0.1000000000E+31
   0.9590065717E-09   0.1615512021E-13  -0.1000000000E+31  -0.1000000000E+31  -0.1000000000E+31  -0.1000000000E+31  -0.1000000000E+31  -0.1000000000E+31  -0.1000000000E+31  -0.1000000000E+31
   0.9286024880E-09   0.5060729209E-12  -0.1000000000E+31  -0.1000000000E+31  -0.1000000000E+31  -0.1000000000E+31  -0.1000000000E+31  -0.1000000000E+31  -0.1000000000E+31  -0.1000000000E+31
   0.9052988681E-09   0.4787734751E-13  -0.1000000000E+31  -0.1000000000E+31  -0.1000000000E+31  -0.1000000000E+31  -0.1000000000E+31  -0.1000000000E+31  -0.1000000000E+31  -0.1000000000E+31
   0.8905972332E-09   0.4414424718E-13  -0.1000000000E+31  -0.1000000000E+31  -0.1000000000E+31  -0.1000000000E+31  -0.1000000000E+31  -0.1000000000E+31  -0.1000000000E+31  -0.1000000000E+31
   0.8790185659E-09   0.3750801656E-12  -0.1000000000E+31  -0.1000000000E+31  -0.1000000000E+31  -0.1000000000E+31  -0.1000000000E+31  -0.1000000000E+31  -0.1000000000E+31  -0.1000000000E+31
   0.8730369835E-09   0.4877083572E-13  -0.1000000000E+31  -0.1000000000E+31  -0.1000000000E+31  -0.1000000000E+31  -0.1000000000E+31  -0.1000000000E+31  -0.1000000000E+31  -0.1000000000E+31
   0.8725615250E-09   0.4033131140E-12  -0.1000000000E+31  -0.1000000000E+31  -0.1000000000E+31  -0.1000000000E+31  -0.1000000000E+31  -0.1000000000E+31  -0.1000000000E+31  -0.1000000000E+31
   0.8768647780E-09   0.9501698814E-13  -0.1000000000E+31  -0.1000000000E+31  -0.1000000000E+31  -0.1000000000E+31  -0.1000000000E+31  -0.1000000000E+31  -0.1000000000E+31  -0.1000000000E+31
   0.8854585461E-09   0.9005170381E-13  -0.1000000000E+31  -0.1000000000E+31  -0.1000000000E+31  -0.1000000000E+31  -0.1000000000E+31  -0.1000000000E+31  -0.1000000000E+31  -0.1000000000E+31
   0.7935882537E-09   0.6563782797E-13  -0.1000000000E+31  -0.1000000000E+31  -0.1000000000E+31  -0.1000000000E+31  -0.1000000000E+31  -0.1000000000E+31  -0.1000000000E+31  -0.1000000000E+31
   0.8268901274E-09   0.1296027740E-12  -0.1000000000E+31  -0.1000000000E+31  -0.1000000000E+31  -0.1000000000E+31  -0.1000000000E+31  -0.1000000000E+31  -0.1000000000E+31  -0.1000000000E+31
   0.8623433462E-09   0.3153816511E-13  -0.1000000000E+31  -0.1000000000E+31  -0.1000000000E+31  -0.1000000000E+31  -0.1000000000E+31  -0.1000000000E+31  -0.1000000000E+31  -0.1000000000E+31
   0.8979160066E-09   0.4413808045E-13  -0.1000000000E+31  -0.1000000000E+31  -0.1000000000E+31  -0.1000000000E+31  -0.1000000000E+31  -0.1000000000E+31  -0.1000000000E+31  -0.1000000000E+31
   0.9341733717E-09   0.5358650915E-13  -0.1000000000E+31  -0.1000000000E+31  -0.1000000000E+31  -0.1000000000E+31  -0.1000000000E+31  -0.1000000000E+31  -0.1000000000E+31  -0.1000000000E+31
   0.9710401838E-09   0.1186878491E-12  -0.1000000000E+31  -0.1000000000E+31  -0.1000000000E+31  -0.1000000000E+31  -0.1000000000E+31  -0.1000000000E+31  -0.1000000000E+31  -0.1000000000E+31
   0.1008786844E-08   0.3013588105E-13  -0.1000000000E+31  -0.1000000000E+31  -0.1000000000E+31  -0.1000000000E+31  -0.1000000000E+31  -0.1000000000E+31  -0.1000000000E+31  -0.1000000000E+31
   0.8496275481E-09   0.3503970359E-13  -0.1000000000E+31  -0.1000000000E+31  -0.1000000000E+31  -0.1000000000E+31  -0.1000000000E+31  -0.1000000000E+31  -0.1000000000E+31  -0.1000000000E+31
   0.8950711267E-09   0.2687490265E-13  -0.1000000000E+31  -0.1000000000E+31  -0.1000000000E+31  -0.1000000000E+31  -0.1000000000E+31  -0.1000000000E+31  -0.1000000000E+31  -0.1000000000E+31
   0.9429943636E-09   0.7630492615E-14  -0.1000000000E+31  -0.1000000000E+31  -0.1000000000E+31  -0.1000000000E+31  -0.1000000000E+31  -0.1000000000E+31  -0.1000000000E+31  -0.1000000000E+31
   0.9910768079E-09   0.2076913647E-13  -0.1000000000E+31  -0.1000000000E+31  -0.1000000000E+31  -0.1000000000E+31  -0.1000000000E+31  -0.1000000000E+31  -0.1000000000E+31  -0.1000000000E+31
   0.1038484974E-08   0.2441564602E-14  -0.1000000000E+31  -0.1000000000E+31  -0.1000000000E+31  -0.1000000000E+31  -0.1000000000E+31  -0.1000000000E+31  -0.1000000000E+31  -0.1000000000E+31
   0.1085116345E-08  -0.1000000000E+31  -0.1000000000E+31  -0.1000000000E+31  -0.1000000000E+31  -0.1000000000E+31  -0.1000000000E+31  -0.1000000000E+31  -0.1000000000E+31  -0.1000000000E+31
   0.3049736418E-09  -0.1000000000E+31  -0.1000000000E+31  -0.1000000000E+31  -0.1000000000E+31  -0.1000000000E+31  -0.1000000000E+31  -0.1000000000E+31  -0.1000000000E+31  -0.1000000000E+31
   0.9890200798E-09  -0.1000000000E+31  -0.1000000000E+31  -0.1000000000E+31  -0.1000000000E+31  -0.1000000000E+31  -0.1000000000E+31  -0.1000000000E+31  -0.1000000000E+31  -0.1000000000E+31
   0.2954050745E-09  -0.1000000000E+31  -0.1000000000E+31  -0.1000000000E+31  -0.1000000000E+31  -0.1000000000E+31  -0.1000000000E+31  -0.1000000000E+31  -0.1000000000E+31  -0.1000000000E+31
   0.1096398349E-08  -0.1000000000E+31  -0.1000000000E+31  -0.1000000000E+31  -0.1000000000E+31  -0.1000000000E+31  -0.1000000000E+31  -0.1000000000E+31  -0.1000000000E+31  -0.1000000000E+31
   0.5145019525E-09  -0.1000000000E+31  -0.1000000000E+31  -0.1000000000E+31  -0.1000000000E+31  -0.1000000000E+31  -0.1000000000E+31  -0.1000000000E+31  -0.1000000000E+31  -0.1000000000E+31
   0.8389125824E-09  -0.1000000000E+31  -0.1000000000E+31  -0.1000000000E+31  -0.1000000000E+31  -0.1000000000E+31  -0.1000000000E+31  -0.1000000000E+31  -0.1000000000E+31  -0.1000000000E+31
   0.1791735251E-09  -0.1000000000E+31  -0.1000000000E+31  -0.1000000000E+31  -0.1000000000E+31  -0.1000000000E+31  -0.1000000000E+31  -0.1000000000E+31  -0.1000000000E+31  -0.1000000000E+31
   0.1249650632E-08  -0.1000000000E+31  -0.1000000000E+31  -0.1000000000E+31  -0.1000000000E+31  -0.1000000000E+31  -0.1000000000E+31  -0.1000000000E+31  -0.1000000000E+31  -0.1000000000E+31
   0.1831249930E-08  -0.1000000000E+31  -0.1000000000E+31  -0.1000000000E+31  -0.1000000000E+31  -0.1000000000E+31  -0.1000000000E+31  -0.1000000000E+31  -0.1000000000E+31  -0.1000000000E+31
   0.4983440652E-09  -0.1000000000E+31  -0.1000000000E+31  -0.1000000000E+31  -0.1000000000E+31  -0.1000000000E+31  -0.1000000000E+31  -0.1000000000E+31  -0.1000000000E+31  -0.1000000000E+31
   0.3816905188E-09  -0.1000000000E+31  -0.1000000000E+31  -0.1000000000E+31  -0.1000000000E+31  -0.1000000000E+31  -0.1000000000E+31  -0.1000000000E+31  -0.1000000000E+31  -0.1000000000E+31
   0.2841116366E-10  -0.1000000000E+31  -0.1000000000E+31  -0.1000000000E+31  -0.1000000000E+31  -0.1000000000E+31  -0.1000000000E+31  -0.1000000000E+31  -0.1000000000E+31  -0.1000000000E+31
   0.1402211603E-08  -0.1000000000E+31  -0.1000000000E+31  -0.1000000000E+31  -0.1000000000E+31  -0.1000000000E+31  -0.1000000000E+31  -0.1000000000E+31  -0.1000000000E+31  -0.1000000000E+31
   0.3975286109E-09  -0.1000000000E+31  -0.1000000000E+31  -0.1000000000E+31  -0.1000000000E+31  -0.1000000000E+31  -0.1000000000E+31  -0.1000000000E+31  -0.1000000000E+31  -0.1000000000E+31
   0.1179816373E-09  -0.1000000000E+31  -0.1000000000E+31  -0.1000000000E+31  -0.1000000000E+31  -0.1000000000E+31  -0.1000000000E+31  -0.1000000000E+31  -0.1000000000E+31  -0.1000000000E+31
   0.1356815675E-09  -0.1000000000E+31  -0.1000000000E+31  -0.1000000000E+31  -0.1000000000E+31  -0.1000000000E+31  -0.1000000000E+31  -0.1000000000E+31  -0.1000000000E+31  -0.1000000000E+31
   0.5759970118E-10  -0.1000000000E+31  -0.1000000000E+31  -0.1000000000E+31  -0.1000000000E+31  -0.1000000000E+31  -0.1000000000E+31  -0.1000000000E+31  -0.1000000000E+31  -0.1000000000E+31
   0.1062890411E-09  -0.1000000000E+31  -0.1000000000E+31  -0.1000000000E+31  -0.1000000000E+31  -0.1000000000E+31  -0.1000000000E+31  -0.1000000000E+31  -0.1000000000E+31  -0.1000000000E+31
   0.8934873758E-10  -0.1000000000E+31  -0.1000000000E+31  -0.1000000000E+31  -0.1000000000E+31  -0.1000000000E+31  -0.1000000000E+31  -0.1000000000E+31  -0.1000000000E+31  -0.1000000000E+31
   0.4943835709E-10  -0.1000000000E+31  -0.1000000000E+31  -0.1000000000E+31  -0.1000000000E+31  -0.1000000000E+31  -0.1000000000E+31  -0.1000000000E+31  -0.1000000000E+31  -0.1000000000E+31
   0.5681835554E-10  -0.1000000000E+31  -0.1000000000E+31  -0.1000000000E+31  -0.1000000000E+31  -0.1000000000E+31  -0.1000000000E+31  -0.1000000000E+31  -0.1000000000E+31  -0.1000000000E+31
   0.4930805395E-10  -0.1000000000E+31  -0.1000000000E+31  -0.1000000000E+31  -0.1000000000E+31  -0.1000000000E+31  -0.1000000000E+31  -0.1000000000E+31  -0.1000000000E+31  -0.1000000000E+31
   0.4709352828E-10  -0.1000000000E+31  -0.1000000000E+31  -0.1000000000E+31  -0.1000000000E+31  -0.1000000000E+31  -0.1000000000E+31  -0.1000000000E+31  -0.1000000000E+31  -0.1000000000E+31
   0.3460323296E-10  -0.1000000000E+31  -0.1000000000E+31  -0.1000000000E+31  -0.1000000000E+31  -0.1000000000E+31  -0.1000000000E+31  -0.1000000000E+31  -0.1000000000E+31  -0.1000000000E+31
   0.2779283558E-10  -0.1000000000E+31  -0.1000000000E+31  -0.1000000000E+31  -0.1000000000E+31  -0.1000000000E+31  -0.1000000000E+31  -0.1000000000E+31  -0.1000000000E+31  -0.1000000000E+31
   0.3330801240E-10  -0.1000000000E+31  -0.1000000000E+31  -0.1000000000E+31  -0.1000000000E+31  -0.1000000000E+31  -0.1000000000E+31  -0.1000000000E+31  -0.1000000000E+31  -0.1000000000E+31
   0.3370925711E-10  -0.1000000000E+31  -0.1000000000E+31  -0.1000000000E+31  -0.1000000000E+31  -0.1000000000E+31  -0.1000000000E+31  -0.1000000000E+31  -0.1000000000E+31  -0.1000000000E+31
   0.3573637226E-10  -0.1000000000E+31  -0.1000000000E+31  -0.1000000000E+31  -0.1000000000E+31  -0.1000000000E+31  -0.1000000000E+31  -0.1000000000E+31  -0.1000000000E+31  -0.1000000000E+31
   0.3668645924E-10  -0.1000000000E+31  -0.1000000000E+31  -0.1000000000E+31  -0.1000000000E+31  -0.1000000000E+31  -0.1000000000E+31  -0.1000000000E+31  -0.1000000000E+31  -0.1000000000E+31
   0.3754939899E-10  -0.1000000000E+31  -0.1000000000E+31  -0.1000000000E+31  -0.1000000000E+31  -0.1000000000E+31  -0.1000000000E+31  -0.1000000000E+31  -0.1000000000E+31  -0.1000000000E+31
   0.3830442866E-10  -0.1000000000E+31  -0.1000000000E+31  -0.1000000000E+31  -0.1000000000E+31  -0.1000000000E+31  -0.1000000000E+31  -0.1000000000E+31  -0.1000000000E+31  -0.1000000000E+31
   0.3987074617E-10  -0.1000000000E+31  -0.1000000000E+31  -0.1000000000E+31  -0.1000000000E+31  -0.1000000000E+31  -0.1000000000E+31  -0.1000000000E+31  -0.1000000000E+31  -0.1000000000E+31
   0.4258698150E-10  -0.1000000000E+31  -0.1000000000E+31  -0.1000000000E+31  -0.1000000000E+31  -0.1000000000E+31  -0.1000000000E+31  -0.1000000000E+31  -0.1000000000E+31  -0.1000000000E+31
   0.4619873707E-10  -0.1000000000E+31  -0.1000000000E+31  -0.1000000000E+31  -0.1000000000E+31  -0.1000000000E+31  -0.1000000000E+31  -0.1000000000E+31  -0.1000000000E+31  -0.1000000000E+31
   0.5011486367E-10  -0.1000000000E+31  -0.1000000000E+31  -0.1000000000E+31  -0.1000000000E+31  -0.1000000000E+31  -0.1000000000E+31  -0.1000000000E+31  -0.1000000000E+31  -0.1000000000E+31
   0.5381503226E-10  -0.1000000000E+31  -0.1000000000E+31  -0.1000000000E+31  -0.1000000000E+31  -0.1000000000E+31  -0.1000000000E+31  -0.1000000000E+31  -0.1000000000E+31  -0.1000000000E+31
   0.5693396993E-10  -0.1000000000E+31  -0.1000000000E+31  -0.1000000000E+31  -0.1000000000E+31  -0.1000000000E+31  -0.1000000000E+31  -0.1000000000E+31  -0.1000000000E+31  -0.1000000000E+31
   0.1461431408E-09  -0.1000000000E+31  -0.1000000000E+31  -0.1000000000E+31  -0.1000000000E+31  -0.1000000000E+31  -0.1000000000E+31  -0.1000000000E+31  -0.1000000000E+31  -0.1000000000E+31
   0.1009806723E-09  -0.1000000000E+31  -0.1000000000E+31  -0.1000000000E+31  -0.1000000000E+31  -0.1000000000E+31  -0.1000000000E+31  -0.1000000000E+31  -0.1000000000E+31  -0.1000000000E+31
   0.1479716669E-09  -0.1000000000E+31  -0.1000000000E+31  -0.1000000000E+31  -0.1000000000E+31  -0.1000000000E+31  -0.1000000000E+31  -0.1000000000E+31  -0.1000000000E+31  -0.1000000000E+31
   0.9084537160E-10  -0.1000000000E+31  -0.1000000000E+31  -0.1000000000E+31  -0.1000000000E+31  -0.1000000000E+31  -0.1000000000E+31  -0.1000000000E+31  -0.1000000000E+31  -0.1000000000E+31
   0.1339964691E-09  -0.1000000000E+31  -0.1000000000E+31  -0.1000000000E+31  -0.1000000000E+31  -0.1000000000E+31  -0.1000000000E+31  -0.1000000000E+31  -0.1000000000E+31  -0.1000000000E+31
   0.8946590177E-10  -0.1000000000E+31  -0.1000000000E+31  -0.1000000000E+31  -0.1000000000E+31  -0.1000000000E+31  -0.1000000000E+31  -0.1000000000E+31  -0.1000000000E+31  -0.1000000000E+31
   0.1248036100E-09  -0.1000000000E+31  -0.1000000000E+31  -0.1000000000E+31  -0.1000000000E+31  -0.1000000000E+31  -0.1000000000E+31  -0.1000000000E+31  -0.1000000000E+31  -0.1000000000E+31
   0.8765303000E-10  -0.1000000000E+31  -0.1000000000E+31  -0.1000000000E+31  -0.1000000000E+31  -0.1000000000E+31  -0.1000000000E+31  -0.1000000000E+31  -0.1000000000E+31  -0.1000000000E+31
   0.1143179437E-09  -0.1000000000E+31  -0.1000000000E+31  -0.1000000000E+31  -0.1000000000E+31  -0.1000000000E+31  -0.1000000000E+31  -0.1000000000E+31  -0.1000000000E+31  -0.1000000000E+31
   0.2585252014E-09  -0.1000000000E+31  -0.1000000000E+31  -0.1000000000E+31  -0.1000000000E+31  -0.1000000000E+31  -0.1000000000E+31  -0.1000000000E+31  -0.1000000000E+31  -0.1000000000E+31
   0.2565619838E-09  -0.1000000000E+31  -0.1000000000E+31  -0.1000000000E+31  -0.1000000000E+31  -0.1000000000E+31  -0.1000000000E+31  -0.1000000000E+31  -0.1000000000E+31  -0.1000000000E+31
   0.4576636639E-10  -0.1000000000E+31  -0.1000000000E+31  -0.1000000000E+31  -0.1000000000E+31  -0.1000000000E+31  -0.1000000000E+31  -0.1000000000E+31  -0.1000000000E+31  -0.1000000000E+31
   0.1499865644E-09  -0.1000000000E+31  -0.1000000000E+31  -0.1000000000E+31  -0.1000000000E+31  -0.1000000000E+31  -0.1000000000E+31  -0.1000000000E+31  -0.1000000000E+31  -0.1000000000E+31
   0.1334149625E-09  -0.1000000000E+31  -0.1000000000E+31  -0.1000000000E+31  -0.1000000000E+31  -0.1000000000E+31  -0.1000000000E+31  -0.1000000000E+31  -0.1000000000E+31  -0.1000000000E+31
   0.1821679004E-09  -0.1000000000E+31  -0.1000000000E+31  -0.1000000000E+31  -0.1000000000E+31  -0.1000000000E+31  -0.1000000000E+31  -0.1000000000E+31  -0.1000000000E+31  -0.1000000000E+31
   0.4814023695E-10  -0.1000000000E+31  -0.1000000000E+31  -0.1000000000E+31  -0.1000000000E+31  -0.1000000000E+31  -0.1000000000E+31  -0.1000000000E+31  -0.1000000000E+31  -0.1000000000E+31
   0.9411656603E-10  -0.1000000000E+31  -0.1000000000E+31  -0.1000000000E+31  -0.1000000000E+31  -0.1000000000E+31  -0.1000000000E+31  -0.1000000000E+31  -0.1000000000E+31  -0.1000000000E+31
   0.8682008784E-10  -0.1000000000E+31  -0.1000000000E+31  -0.1000000000E+31  -0.1000000000E+31  -0.1000000000E+31  -0.1000000000E+31  -0.1000000000E+31  -0.1000000000E+31  -0.1000000000E+31
   0.8244674951E-10  -0.1000000000E+31  -0.1000000000E+31  -0.1000000000E+31  -0.1000000000E+31  -0.1000000000E+31  -0.1000000000E+31  -0.1000000000E+31  -0.1000000000E+31  -0.1000000000E+31
   0.1608977892E-09  -0.1000000000E+31  -0.1000000000E+31  -0.1000000000E+31  -0.1000000000E+31  -0.1000000000E+31  -0.1000000000E+31  -0.1000000000E+31  -0.1000000000E+31  -0.1000000000E+31
   0.1819158029E-09  -0.1000000000E+31  -0.1000000000E+31  -0.1000000000E+31  -0.1000000000E+31  -0.1000000000E+31  -0.1000000000E+31  -0.1000000000E+31  -0.1000000000E+31  -0.1000000000E+31
   0.2666990316E-10  -0.1000000000E+31  -0.1000000000E+31  -0.1000000000E+31  -0.1000000000E+31  -0.1000000000E+31  -0.1000000000E+31  -0.1000000000E+31  -0.1000000000E+31  -0.1000000000E+31
   0.7209694035E-10  -0.1000000000E+31  -0.1000000000E+31  -0.1000000000E+31  -0.1000000000E+31  -0.1000000000E+31  -0.1000000000E+31  -0.1000000000E+31  -0.1000000000E+31  -0.1000000000E+31
   0.5104595275E-10  -0.1000000000E+31  -0.1000000000E+31  -0.1000000000E+31  -0.1000000000E+31  -0.1000000000E+31  -0.1000000000E+31  -0.1000000000E+31  -0.1000000000E+31  -0.1000000000E+31
   0.4766291848E-10  -0.1000000000E+31  -0.1000000000E+31  -0.1000000000E+31  -0.1000000000E+31  -0.1000000000E+31  -0.1000000000E+31  -0.1000000000E+31  -0.1000000000E+31  -0.1000000000E+31
   0.1161888514E-09  -0.1000000000E+31  -0.1000000000E+31  -0.1000000000E+31  -0.1000000000E+31  -0.1000000000E+31  -0.1000000000E+31  -0.1000000000E+31  -0.1000000000E+31  -0.1000000000E+31
   0.1223166817E-09  -0.1000000000E+31  -0.1000000000E+31  -0.1000000000E+31  -0.1000000000E+31  -0.1000000000E+31  -0.1000000000E+31  -0.1000000000E+31  -0.1000000000E+31  -0.1000000000E+31
   0.1067069558E-09  -0.1000000000E+31  -0.1000000000E+31  -0.1000000000E+31  -0.1000000000E+31  -0.1000000000E+31  -0.1000000000E+31  -0.1000000000E+31  -0.1000000000E+31  -0.1000000000E+31
   0.2856940294E-10  -0.1000000000E+31  -0.1000000000E+31  -0.1000000000E+31  -0.1000000000E+31  -0.1000000000E+31  -0.1000000000E+31  -0.1000000000E+31  -0.1000000000E+31  -0.1000000000E+31
   0.4292814877E-10  -0.1000000000E+31  -0.1000000000E+31  -0.1000000000E+31  -0.1000000000E+31  -0.1000000000E+31  -0.1000000000E+31  -0.1000000000E+31  -0.1000000000E+31  -0.1000000000E+31
   0.4065713175E-10  -0.1000000000E+31  -0.1000000000E+31  -0.1000000000E+31  -0.1000000000E+31  -0.1000000000E+31  -0.1000000000E+31  -0.1000000000E+31  -0.1000000000E+31  -0.1000000000E+31
   0.6703705781E-10  -0.1000000000E+31  -0.1000000000E+31  -0.1000000000E+31  -0.1000000000E+31  -0.1000000000E+31  -0.1000000000E+31  -0.1000000000E+31  -0.1000000000E+31  -0.1000000000E+31
   0.3401175818E-10  -0.1000000000E+31  -0.1000000000E+31  -0.1000000000E+31  -0.1000000000E+31  -0.1000000000E+31  -0.1000000000E+31  -0.1000000000E+31  -0.1000000000E+31  -0.1000000000E+31
   0.8598948484E-10  -0.1000000000E+31  -0.1000000000E+31  -0.1000000000E+31  -0.1000000000E+31  -0.1000000000E+31  -0.1000000000E+31  -0.1000000000E+31  -0.1000000000E+31  -0.1000000000E+31
   0.3762670651E-10  -0.1000000000E+31  -0.1000000000E+31  -0.1000000000E+31  -0.1000000000E+31  -0.1000000000E+31  -0.1000000000E+31  -0.1000000000E+31  -0.1000000000E+31  -0.1000000000E+31
   0.7832333791E-10  -0.1000000000E+31  -0.1000000000E+31  -0.1000000000E+31  -0.1000000000E+31  -0.1000000000E+31  -0.1000000000E+31  -0.1000000000E+31  -0.1000000000E+31  -0.1000000000E+31
   0.3064662128E-10  -0.1000000000E+31  -0.1000000000E+31  -0.1000000000E+31  -0.1000000000E+31  -0.1000000000E+31  -0.1000000000E+31  -0.1000000000E+31  -0.1000000000E+31  -0.1000000000E+31
   0.7277527645E-10  -0.1000000000E+31  -0.1000000000E+31  -0.1000000000E+31  -0.1000000000E+31  -0.1000000000E+31  -0.1000000000E+31  -0.1000000000E+31  -0.1000000000E+31  -0.1000000000E+31
   0.2926075182E-10  -0.1000000000E+31  -0.1000000000E+31  -0.1000000000E+31  -0.1000000000E+31  -0.1000000000E+31  -0.1000000000E+31  -0.1000000000E+31  -0.1000000000E+31  -0.1000000000E+31
   0.6654799844E-10  -0.1000000000E+31  -0.1000000000E+31  -0.1000000000E+31  -0.1000000000E+31  -0.1000000000E+31  -0.1000000000E+31  -0.1000000000E+31  -0.1000000000E+31  -0.1000000000E+31
   0.2650365857E-10  -0.1000000000E+31  -0.1000000000E+31  -0.1000000000E+31  -0.1000000000E+31  -0.1000000000E+31  -0.1000000000E+31  -0.1000000000E+31  -0.1000000000E+31  -0.1000000000E+31
   0.6084943155E-10  -0.1000000000E+31  -0.1000000000E+31  -0.1000000000E+31  -0.1000000000E+31  -0.1000000000E+31  -0.1000000000E+31  -0.1000000000E+31  -0.1000000000E+31  -0.1000000000E+31
   0.2439394909E-10  -0.1000000000E+31  -0.1000000000E+31  -0.1000000000E+31  -0.1000000000E+31  -0.1000000000E+31  -0.1000000000E+31  -0.1000000000E+31  -0.1000000000E+31  -0.1000000000E+31
   0.5596439701E-10  -0.1000000000E+31  -0.1000000000E+31  -0.1000000000E+31  -0.1000000000E+31  -0.1000000000E+31  -0.1000000000E+31  -0.1000000000E+31  -0.1000000000E+31  -0.1000000000E+31
   0.2251958751E-10  -0.1000000000E+31  -0.1000000000E+31  -0.1000000000E+31  -0.1000000000E+31  -0.1000000000E+31  -0.1000000000E+31  -0.1000000000E+31  -0.1000000000E+31  -0.1000000000E+31
   0.5145393324E-10  -0.1000000000E+31  -0.1000000000E+31  -0.1000000000E+31  -0.1000000000E+31  -0.1000000000E+31  -0.1000000000E+31  -0.1000000000E+31  -0.1000000000E+31  -0.1000000000E+31
   0.2074486020E-10  -0.1000000000E+31  -0.1000000000E+31  -0.1000000000E+31  -0.1000000000E+31  -0.1000000000E+31  -0.1000000000E+31  -0.1000000000E+31  -0.1000000000E+31  -0.1000000000E+31
   0.4736851927E-10  -0.1000000000E+31  -0.1000000000E+31  -0.1000000000E+31  -0.1000000000E+31  -0.1000000000E+31  -0.1000000000E+31  -0.1000000000E+31  -0.1000000000E+31  -0.1000000000E+31
   0.1915306751E-10  -0.1000000000E+31  -0.1000000000E+31  -0.1000000000E+31  -0.1000000000E+31  -0.1000000000E+31  -0.1000000000E+31  -0.1000000000E+31  -0.1000000000E+31  -0.1000000000E+31
   0.4362810944E-10  -0.1000000000E+31  -0.1000000000E+31  -0.1000000000E+31  -0.1000000000E+31  -0.1000000000E+31  -0.1000000000E+31  -0.1000000000E+31  -0.1000000000E+31  -0.1000000000E+31
   0.1768255153E-10  -0.1000000000E+31  -0.1000000000E+31  -0.1000000000E+31  -0.1000000000E+31  -0.1000000000E+31  -0.1000000000E+31  -0.1000000000E+31  -0.1000000000E+31  -0.1000000000E+31
   0.4020248634E-10  -0.1000000000E+31  -0.1000000000E+31  -0.1000000000E+31  -0.1000000000E+31  -0.1000000000E+31  -0.1000000000E+31  -0.1000000000E+31  -0.1000000000E+31  -0.1000000000E+31
   0.1633583486E-10  -0.1000000000E+31  -0.1000000000E+31  -0.1000000000E+31  -0.1000000000E+31  -0.1000000000E+31  -0.1000000000E+31  -0.1000000000E+31  -0.1000000000E+31  -0.1000000000E+31
   0.3706542554E-10  -0.1000000000E+31  -0.1000000000E+31  -0.1000000000E+31  -0.1000000000E+31  -0.1000000000E+31  -0.1000000000E+31  -0.1000000000E+31  -0.1000000000E+31  -0.1000000000E+31
   0.1509914856E-10  -0.1000000000E+31  -0.1000000000E+31  -0.1000000000E+31  -0.1000000000E+31  -0.1000000000E+31  -0.1000000000E+31  -0.1000000000E+31  -0.1000000000E+31  -0.1000000000E+31
   0.3418844871E-10  -0.1000000000E+31  -0.1000000000E+31  -0.1000000000E+31  -0.1000000000E+31  -0.1000000000E+31  -0.1000000000E+31  -0.1000000000E+31  -0.1000000000E+31  -0.1000000000E+31
   0.1395783989E-10  -0.1000000000E+31  -0.1000000000E+31  -0.1000000000E+31  -0.1000000000E+31  -0.1000000000E+31  -0.1000000000E+31  -0.1000000000E+31  -0.1000000000E+31  -0.1000000000E+31
   0.3155580616E-10  -0.1000000000E+31  -0.1000000000E+31  -0.1000000000E+31  -0.1000000000E+31  -0.1000000000E+31  -0.1000000000E+31  -0.1000000000E+31  -0.1000000000E+31  -0.1000000000E+31
   0.1291234400E-10  -0.1000000000E+31  -0.1000000000E+31  -0.1000000000E+31  -0.1000000000E+31  -0.1000000000E+31  -0.1000000000E+31  -0.1000000000E+31  -0.1000000000E+31  -0.1000000000E+31
   0.2912987985E-10  -0.1000000000E+31  -0.1000000000E+31  -0.1000000000E+31  -0.1000000000E+31  -0.1000000000E+31  -0.1000000000E+31  -0.1000000000E+31  -0.1000000000E+31  -0.1000000000E+31
   0.1194662401E-10  -0.1000000000E+31  -0.1000000000E+31  -0.1000000000E+31  -0.1000000000E+31  -0.1000000000E+31  -0.1000000000E+31  -0.1000000000E+31  -0.1000000000E+31  -0.1000000000E+31
   0.2690303007E-10  -0.1000000000E+31  -0.1000000000E+31  -0.1000000000E+31  -0.1000000000E+31  -0.1000000000E+31  -0.1000000000E+31  -0.1000000000E+31  -0.1000000000E+31  -0.1000000000E+31
   0.1105759861E-10  -0.1000000000E+31  -0.1000000000E+31  -0.1000000000E+31  -0.1000000000E+31  -0.1000000000E+31  -0.1000000000E+31  -0.1000000000E+31  -0.1000000000E+31  -0.1000000000E+31
   0.2485252755E-10  -0.1000000000E+31  -0.1000000000E+31  -0.1000000000E+31  -0.1000000000E+31  -0.1000000000E+31  -0.1000000000E+31  -0.1000000000E+31  -0.1000000000E+31  -0.1000000000E+31
   0.1023755803E-10  -0.1000000000E+31  -0.1000000000E+31  -0.1000000000E+31  -0.1000000000E+31  -0.1000000000E+31  -0.1000000000E+31  -0.1000000000E+31  -0.1000000000E+31  -0.1000000000E+31
   0.2296376179E-10  -0.1000000000E+31  -0.1000000000E+31  -0.1000000000E+31  -0.1000000000E+31  -0.1000000000E+31  -0.1000000000E+31  -0.1000000000E+31  -0.1000000000E+31  -0.1000000000E+31
   0.9478984206E-11  -0.1000000000E+31  -0.1000000000E+31  -0.1000000000E+31  -0.1000000000E+31  -0.1000000000E+31  -0.1000000000E+31  -0.1000000000E+31  -0.1000000000E+31  -0.1000000000E+31
   0.2123377247E-10  -0.1000000000E+31  -0.1000000000E+31  -0.1000000000E+31  -0.1000000000E+31  -0.1000000000E+31  -0.1000000000E+31  -0.1000000000E+31  -0.1000000000E+31  -0.1000000000E+31
   0.8780374164E-11  -0.1000000000E+31  -0.1000000000E+31  -0.1000000000E+31  -0.1000000000E+31  -0.1000000000E+31  -0.1000000000E+31  -0.1000000000E+31  -0.1000000000E+31  -0.1000000000E+31
   0.1962837830E-10  -0.1000000000E+31  -0.1000000000E+31  -0.1000000000E+31  -0.1000000000E+31  -0.1000000000E+31  -0.1000000000E+31  -0.1000000000E+31  -0.1000000000E+31  -0.1000000000E+31
   0.8132806029E-11  -0.1000000000E+31  -0.1000000000E+31  -0.1000000000E+31  -0.1000000000E+31  -0.1000000000E+31  -0.1000000000E+31  -0.1000000000E+31  -0.1000000000E+31  -0.1000000000E+31
   0.1815776692E-10  -0.1000000000E+31  -0.1000000000E+31  -0.1000000000E+31  -0.1000000000E+31  -0.1000000000E+31  -0.1000000000E+31  -0.1000000000E+31  -0.1000000000E+31  -0.1000000000E+31
