  0.0000000000E+00
  0.2962962963E+00
  0.3840877915E+00
  0.4718792867E+00
  0.6035665295E+00
  0.8010973937E+00
  0.1097393690E+01
  0.1541838134E+01
  0.2208504801E+01
  0.3208504801E+01
  0.4708504801E+01
  0.6208504801E+01
  0.7708504801E+01
  0.9958504801E+01
  0.1220850480E+02
  0.1445850480E+02
  0.1670850480E+02
  0.1895850480E+02
  0.2120850480E+02
  0.2345850480E+02
  0.2570850480E+02
  0.2795850480E+02
  0.3020850480E+02
  0.3245850480E+02
  0.3470850480E+02
  0.3695850480E+02
  0.3920850480E+02
  0.4145850480E+02
  0.4370850480E+02
  0.4595850480E+02
  0.4820850480E+02
  0.5045850480E+02
  0.5270850480E+02
  0.5495850480E+02
  0.5595850480E+02
  0.5695850480E+02
  0.5795850480E+02
  0.5895850480E+02
  0.6045850480E+02
  0.6270850480E+02
  0.6495850480E+02
  0.6720850480E+02
  0.6945850480E+02
  0.7170850480E+02
  0.7395850480E+02
  0.7733350480E+02
  0.8070850480E+02
  0.8408350480E+02
  0.8745850480E+02
  0.9083350480E+02
  0.9420850480E+02
  0.9758350480E+02
  0.9983350480E+02
  0.1020835048E+03
  0.1043335048E+03
  0.1065835048E+03
  0.1099585048E+03
  0.1133335048E+03
  0.1167085048E+03
  0.1200835048E+03
  0.1234585048E+03
  0.1268335048E+03
  0.1302085048E+03
  0.1335835048E+03
  0.1369585048E+03
  0.1403335048E+03
  0.1437085048E+03
  0.1470835048E+03
  0.1504585048E+03
  0.1538335048E+03
  0.1572085048E+03
  0.1605835048E+03
  0.1639585048E+03
  0.1673335048E+03
  0.1707085048E+03
  0.1740835048E+03
  0.1774585048E+03
  0.1808335048E+03
  0.1842085048E+03
  0.1875835048E+03
  0.1909585048E+03
  0.1943335048E+03
  0.1977085048E+03
  0.2010835048E+03
  0.2044585048E+03
  0.2078335048E+03
  0.2112085048E+03
  0.2145835048E+03
  0.2179585048E+03
  0.2213335048E+03
  0.2247085048E+03
  0.2280835048E+03
  0.2314585048E+03
  0.2348335048E+03
  0.2382085048E+03
  0.2415835048E+03
  0.2449585048E+03
  0.2483335048E+03
  0.2517085048E+03
  0.2550835048E+03
  0.2584585048E+03
  0.2618335048E+03
  0.2652085048E+03
  0.2685835048E+03
  0.2719585048E+03
  0.2753335048E+03
  0.2787085048E+03
  0.2820835048E+03
  0.2854585048E+03
  0.2888335048E+03
  0.2922085048E+03
  0.2955835048E+03
  0.2989585048E+03
  0.3023335048E+03
  0.3057085048E+03
  0.3090835048E+03
  0.3124585048E+03
  0.3158335048E+03
  0.3192085048E+03
  0.3225835048E+03
  0.3259585048E+03
  0.3282085048E+03
  0.3304585048E+03
  0.3327085048E+03
  0.3349585048E+03
  0.3383335048E+03
  0.3417085048E+03
  0.3450835048E+03
  0.3484585048E+03
  0.3518335048E+03
  0.3552085048E+03
  0.3585835048E+03
  0.3619585048E+03
  0.3653335048E+03
  0.3687085048E+03
  0.3720835048E+03
  0.3754585048E+03
  0.3788335048E+03
  0.3822085048E+03
  0.3855835048E+03
  0.3889585048E+03
  0.3923335048E+03
  0.3957085048E+03
  0.3990835048E+03
  0.4024585048E+03
  0.4058335048E+03
  0.4092085048E+03
  0.4125835048E+03
  0.4159585048E+03
  0.4193335048E+03
  0.4227085048E+03
  0.4260835048E+03
  0.4294585048E+03
  0.4328335048E+03
  0.4362085048E+03
  0.4395835048E+03
  0.4429585048E+03
  0.4463335048E+03
  0.4497085048E+03
  0.4530835048E+03
  0.4564585048E+03
  0.4598335048E+03
  0.4632085048E+03
  0.4665835048E+03
  0.4699585048E+03
  0.4733335048E+03
  0.4767085048E+03
  0.4800835048E+03
  0.4834585048E+03
  0.4868335048E+03
  0.4902085048E+03
  0.4935835048E+03
  0.4969585048E+03
  0.5003335048E+03
  0.5037085048E+03
  0.5070835048E+03
  0.5104585048E+03
  0.5138335048E+03
  0.5172085048E+03
  0.5205835048E+03
  0.5239585048E+03
  0.5273335048E+03
  0.5307085048E+03
  0.5340835048E+03
  0.5374585048E+03
  0.5408335048E+03
  0.5442085048E+03
  0.5475835048E+03
  0.5509585048E+03
  0.5543335048E+03
  0.5577085048E+03
  0.5610835048E+03
  0.5644585048E+03
  0.5678335048E+03
  0.5712085048E+03
  0.5745835048E+03
  0.5779585048E+03
  0.5813335048E+03
  0.5847085048E+03
  0.5880835048E+03
  0.5914585048E+03
  0.5948335048E+03
  0.5982085048E+03
  0.6015835048E+03
  0.6049585048E+03
  0.6083335048E+03
  0.6117085048E+03
  0.6150835048E+03
  0.6184585048E+03
  0.6218335048E+03
  0.6252085048E+03
  0.6285835048E+03
  0.6319585048E+03
  0.6353335048E+03
  0.6387085048E+03
  0.6420835048E+03
  0.6454585048E+03
  0.6488335048E+03
  0.6522085048E+03
  0.6555835048E+03
  0.6589585048E+03
  0.6623335048E+03
  0.6657085048E+03
  0.6690835048E+03
  0.6724585048E+03
  0.6758335048E+03
  0.6792085048E+03
  0.6825835048E+03
  0.6859585048E+03
  0.6893335048E+03
  0.6927085048E+03
  0.6960835048E+03
  0.6994585048E+03
  0.7028335048E+03
  0.7062085048E+03
  0.7095835048E+03
  0.7129585048E+03
  0.7163335048E+03
  0.7197085048E+03
  0.7230835048E+03
  0.7264585048E+03
  0.7298335048E+03
  0.7332085048E+03
  0.7365835048E+03
  0.7399585048E+03
  0.7433335048E+03
  0.7467085048E+03
  0.7500835048E+03
  0.7534585048E+03
  0.7568335048E+03
  0.7602085048E+03
  0.7635835048E+03
  0.7669585048E+03
  0.7703335048E+03
  0.7737085048E+03
  0.7770835048E+03
  0.7804585048E+03
  0.7838335048E+03
  0.7872085048E+03
  0.7905835048E+03
  0.7939585048E+03
  0.7973335048E+03
  0.8007085048E+03
  0.8040835048E+03
  0.8074585048E+03
  0.8108335048E+03
  0.8142085048E+03
  0.8175835048E+03
  0.8209585048E+03
  0.8243335048E+03
  0.8277085048E+03
  0.8310835048E+03
  0.8344585048E+03
  0.8378335048E+03
  0.8412085048E+03
  0.8445835048E+03
  0.8479585048E+03
  0.8513335048E+03
  0.8547085048E+03
  0.8580835048E+03
  0.8614585048E+03
  0.8648335048E+03
  0.8682085048E+03
  0.8715835048E+03
  0.8749585048E+03
  0.8783335048E+03
  0.8817085048E+03
  0.8850835048E+03
  0.8884585048E+03
  0.8918335048E+03
  0.8952085048E+03
  0.8985835048E+03
  0.9019585048E+03
  0.9053335048E+03
  0.9087085048E+03
  0.9120835048E+03
  0.9154585048E+03
  0.9188335048E+03
  0.9222085048E+03
  0.9255835048E+03
  0.9289585048E+03
  0.9323335048E+03
  0.9357085048E+03
  0.9390835048E+03
  0.9424585048E+03
  0.9458335048E+03
  0.9492085048E+03
  0.9525835048E+03
  0.9559585048E+03
  0.9593335048E+03
  0.9627085048E+03
  0.9660835048E+03
  0.9694585048E+03
  0.9728335048E+03
  0.9762085048E+03
  0.9795835048E+03
  0.9829585048E+03
  0.9863335048E+03
  0.9897085048E+03
  0.9930835048E+03
  0.9964585048E+03
  0.9998335048E+03
  0.1003208505E+04
  0.1006583505E+04
  0.1009958505E+04
  0.1013333505E+04
  0.1016708505E+04
  0.1020083505E+04
  0.1023458505E+04
  0.1026833505E+04
  0.1030208505E+04
  0.1033583505E+04
  0.1036958505E+04
  0.1040333505E+04
  0.1043708505E+04
  0.1047083505E+04
  0.1050458505E+04
  0.1053833505E+04
  0.1057208505E+04
  0.1060583505E+04
  0.1063958505E+04
  0.1067333505E+04
  0.1070708505E+04
  0.1074083505E+04
  0.1077458505E+04
  0.1080833505E+04
  0.1084208505E+04
  0.1087583505E+04
  0.1090958505E+04
  0.1094333505E+04
  0.1097708505E+04
  0.1101083505E+04
  0.1104458505E+04
  0.1107833505E+04
  0.1111208505E+04
