  0.5420872397E+00
  0.7226789297E+00
  0.7185920926E+00
  0.6791261893E+00
  0.6048005246E+00
  0.5002613458E+00
  0.3829941885E+00
  0.3311259799E+00
  0.3061745260E+00
  0.2996777165E+00
  0.2762159096E+00
  0.2309994261E+00
  0.2058042407E+00
  0.1534517516E+00
  0.1099916758E+00
  0.7613216705E-01
  0.5150375639E-01
  0.3425607076E-01
  0.2801940332E-01
  0.2599209081E-01
  0.2529212374E-01
  0.2450498535E-01
  0.2261032936E-01
  0.1917762157E-01
  0.1472310281E-01
  0.1026493829E-01
  0.6549377451E-02
  0.3894381897E-02
  0.2285340604E-02
  0.1936346934E-02
  0.2131596972E-02
  0.2403758516E-02
  0.2724695688E-02
  0.2877170724E-02
  0.3021210128E-02
  0.3146091363E-02
  0.3241132522E-02
  0.3289056785E-02
  0.3094879446E-02
  0.2833683721E-02
  0.2746227998E-02
  0.2504423848E-02
  0.2184056856E-02
  0.1866686395E-02
  0.1806498001E-02
  0.1817733250E-02
  0.1933059538E-02
  0.2132123250E-02
  0.2278255517E-02
  0.2195677942E-02
  0.1790259370E-02
  0.1394011004E-02
  0.9855133061E-03
  0.6442657694E-03
  0.6191461013E-03
  0.6648556739E-03
  0.7243465349E-03
  0.8028140453E-03
  0.9080564932E-03
  0.1051089165E-02
  0.1247650166E-02
  0.1519990268E-02
  0.1895301994E-02
  0.2387926279E-02
  0.2932917468E-02
  0.3271058453E-02
  0.3037634741E-02
  0.2236759414E-02
  0.1318057813E-02
  0.6603825706E-03
  0.3236626150E-03
  0.1927416534E-03
  0.2040751823E-03
  0.1906917739E-03
  0.1512686798E-03
  0.1068065349E-03
  0.9834206015E-04
  0.1006022236E-03
  0.1035083226E-03
  0.1073518468E-03
  0.1124403725E-03
  0.1190981347E-03
  0.1276837117E-03
  0.1385721036E-03
  0.1519976285E-03
  0.1674784242E-03
  0.1823818427E-03
  0.1899840799E-03
  0.1812450611E-03
  0.1543499877E-03
  0.1195263741E-03
  0.8889374103E-04
  0.6743203903E-04
  0.5406001646E-04
  0.5293114965E-04
  0.5511549589E-04
  0.5937598768E-04
  0.6591777158E-04
  0.7508399055E-04
  0.8713975815E-04
  0.1018229233E-03
  0.1177475782E-03
  0.1322280419E-03
  0.1421770535E-03
  0.1456158180E-03
  0.1424707556E-03
  0.1421155008E-03
  0.1605409144E-03
  0.1680133966E-03
  0.1544108485E-03
  0.1176930104E-03
  0.7719561342E-04
  0.7735561488E-04
  0.8207711358E-04
  0.8777306455E-04
  0.9718550659E-04
  0.1124748663E-03
  0.1333458041E-03
  0.1595389492E-03
  0.2042508357E-03
  0.2537305930E-03
  0.2968921847E-03
  0.3095129171E-03
  0.2845357270E-03
  0.2181840241E-03
  0.1583636786E-03
  0.1160359280E-03
  0.8775895819E-04
  0.7985191917E-04
  0.8473532079E-04
  0.9237402720E-04
  0.1040107251E-03
  0.1214082001E-03
  0.1467628630E-03
  0.1811591685E-03
  0.2185827064E-03
  0.2378585212E-03
  0.2167201737E-03
  0.1648901187E-03
  0.1128872501E-03
  0.7608198769E-04
  0.5295451525E-04
  0.3849782087E-04
  0.2919268546E-04
  0.2300666548E-04
  0.1877079194E-04
  0.1624554007E-04
  0.1582892175E-04
  0.1549078098E-04
  0.1528071222E-04
  0.1526342320E-04
  0.1696559572E-04
  0.1962071197E-04
  0.2348120002E-04
  0.2825987641E-04
  0.3238265207E-04
  0.3313467177E-04
  0.2949492932E-04
  0.2347164718E-04
  0.1752448898E-04
  0.1279278664E-04
  0.9564862911E-05
  0.7958232845E-05
  0.7078603730E-05
  0.6736263916E-05
  0.6408876945E-05
  0.6096751184E-05
  0.5800096427E-05
  0.5518989195E-05
  0.5253361734E-05
  0.5003003131E-05
  0.4767573817E-05
  0.4546624894E-05
  0.4339619745E-05
  0.4235775222E-05
  0.4147852579E-05
  0.4070059169E-05
  0.4003360720E-05
  0.3948948427E-05
  0.3908323572E-05
  0.3883403955E-05
  0.3876680551E-05
  0.3891446442E-05
  0.3947345724E-05
  0.4045203427E-05
  0.4185883760E-05
  0.4382590993E-05
  0.4654510500E-05
  0.5030174448E-05
  0.5552778705E-05
  0.6706993885E-05
  0.8599317511E-05
  0.1115931569E-04
  0.1411977196E-04
  0.1610768510E-04
  0.1708861133E-04
  0.1606103867E-04
  0.1415896156E-04
  0.1247218474E-04
  0.1069045855E-04
  0.9061931934E-05
  0.7880982421E-05
  0.7004932335E-05
  0.6274053241E-05
  0.5663960573E-05
  0.5152789703E-05
  0.4721882087E-05
  0.4355709454E-05
  0.4041577833E-05
  0.3769262957E-05
  0.3530626210E-05
  0.3319244383E-05
  0.3130079231E-05
  0.2980731481E-05
  0.2843388209E-05
  0.2713332079E-05
  0.2590047397E-05
  0.2473087257E-05
  0.2362054219E-05
  0.2256588750E-05
  0.2156361389E-05
  0.2061068359E-05
  0.1970427826E-05
  0.1884177624E-05
  0.1802073291E-05
  0.1723886489E-05
  0.1649403741E-05
  0.1578425210E-05
  0.1510763682E-05
  0.1446243634E-05
  0.1384700382E-05
  0.1325979292E-05
  0.1269935074E-05
  0.1216431130E-05
  0.1165338931E-05
  0.1116537473E-05
  0.1069912756E-05
  0.1025357324E-05
  0.9827698050E-06
  0.9420545325E-06
  0.9031211435E-06
  0.8658842727E-06
  0.8302631942E-06
  0.7961815427E-06
  0.7635330293E-06
  0.7323247455E-06
  0.7024409188E-06
  0.6738402868E-06
  0.6464413368E-06
  0.6202128413E-06
  0.5950801805E-06
  0.5710125850E-06
  0.5479458344E-06
  0.5258517310E-06
  0.5046703820E-06
  0.4843697365E-06
  0.4649202237E-06
  0.4462646335E-06
  0.4283886721E-06
  0.4112428488E-06
  0.3948003850E-06
  0.3790336092E-06
  0.3639144040E-06
  0.3494099629E-06
  0.3354974864E-06
  0.3221510804E-06
  0.3093469216E-06
  0.2970621887E-06
  0.2852748799E-06
  0.2739639741E-06
  0.2631097172E-06
  0.2526930044E-06
  0.2426956136E-06
  0.2331001514E-06
  0.2238899579E-06
  0.2150491087E-06
  0.2065623675E-06
  0.1984151671E-06
  0.1905935744E-06
  0.1830842554E-06
  0.1758744439E-06
  0.1689519189E-06
  0.1623049874E-06
  0.1559227133E-06
  0.1497939292E-06
  0.1439081127E-06
  0.1382562462E-06
  0.1328279371E-06
  0.1276152495E-06
  0.1226082712E-06
  0.1178000061E-06
  0.1131809853E-06
  0.1087451415E-06
  0.1044847924E-06
  0.1003916715E-06
  0.9646028719E-07
  0.9268400750E-07
  0.8905658541E-07
  0.8557165936E-07
  0.8222430583E-07
  0.7900838274E-07
  0.7591897131E-07
  0.7295091913E-07
  0.7009916588E-07
  0.6736024547E-07
  0.6472818469E-07
  0.6219944077E-07
  0.5977043922E-07
  0.5743624444E-07
  0.5519399646E-07
  0.5303829112E-07
  0.5096868109E-07
  0.4897897527E-07
  0.4706850912E-07
  0.4523142936E-07
  0.4346742236E-07
  0.4177127630E-07
  0.4014271173E-07
  0.3857663566E-07
  0.3707290525E-07
  0.3562689546E-07
  0.3423846208E-07
  0.3290325088E-07
  0.3162120048E-07
  0.3038826910E-07
  0.2920442989E-07
  0.2806590957E-07
  0.2697272556E-07
  0.2592136154E-07
  0.2491186445E-07
  0.2394096211E-07
  0.2300872449E-07
  0.2211210617E-07
  0.2125119593E-07
  0.2042316202E-07
  0.1962810576E-07
  0.1886339580E-07
  0.1812914274E-07
  0.1742290242E-07
  0.1674479011E-07
  0.1609253794E-07
  0.1546626501E-07
  0.1486386577E-07
  0.1428545991E-07
  0.1372909535E-07
  0.1319489135E-07
  0.1268103760E-07
  0.1218765102E-07
  0.1171305398E-07
  0.1125736099E-07
  0.1081901726E-07
  0.1039813372E-07
  0.9993269939E-08
  0.9604532865E-08
