  0.1324514216E+01
  0.1094278393E+01
  0.9721762696E+00
  0.8727896103E+00
  0.7363141591E+00
  0.5726699096E+00
  0.4073447786E+00
  0.2703921633E+00
  0.1812497612E+00
  0.1409988147E+00
  0.1254007064E+00
  0.1192108098E+00
  0.1229434964E+00
  0.1130019433E+00
  0.9503083550E-01
  0.7641664711E-01
  0.5928688944E-01
  0.4546479705E-01
  0.3637494309E-01
  0.3079604223E-01
  0.2666840363E-01
  0.2289313349E-01
  0.1916316101E-01
  0.1541873731E-01
  0.1185985375E-01
  0.8861462368E-02
  0.6654910053E-02
  0.5230883914E-02
  0.4412105763E-02
  0.3989111271E-02
  0.3825042419E-02
  0.3827610248E-02
  0.3893325490E-02
  0.3909739866E-02
  0.3921509526E-02
  0.3923201589E-02
  0.3916504803E-02
  0.3893254265E-02
  0.3795707421E-02
  0.3584374493E-02
  0.3258873989E-02
  0.2865332857E-02
  0.2474393486E-02
  0.2143364070E-02
  0.1807164575E-02
  0.1595094456E-02
  0.1489602857E-02
  0.1464913942E-02
  0.1456449966E-02
  0.1361534796E-02
  0.1137029364E-02
  0.9510999648E-03
  0.7902886436E-03
  0.6875131587E-03
  0.6425361901E-03
  0.6458465846E-03
  0.6794917102E-03
  0.7200617690E-03
  0.7755246970E-03
  0.8647567972E-03
  0.1001806369E-02
  0.1200274561E-02
  0.1476842526E-02
  0.1837786223E-02
  0.2228165099E-02
  0.2452079752E-02
  0.2253841177E-02
  0.1662723569E-02
  0.1012971734E-02
  0.5562679177E-03
  0.3256159127E-03
  0.2468852043E-03
  0.2234441150E-03
  0.1975491170E-03
  0.1620931074E-03
  0.1297197145E-03
  0.1082690200E-03
  0.9620352313E-04
  0.8963829456E-04
  0.8687953032E-04
  0.8682011110E-04
  0.8845636691E-04
  0.9144316485E-04
  0.9590394783E-04
  0.1019796594E-03
  0.1094108905E-03
  0.1168812040E-03
  0.1211800843E-03
  0.1183724502E-03
  0.1084901953E-03
  0.9649510888E-04
  0.8608300049E-04
  0.7733418594E-04
  0.7046076053E-04
  0.6649854201E-04
  0.6530127687E-04
  0.6627203616E-04
  0.6935199757E-04
  0.7493107752E-04
  0.8348111542E-04
  0.9503874445E-04
  0.1085286414E-03
  0.1216208106E-03
  0.1320853677E-03
  0.1397812394E-03
  0.1467814780E-03
  0.1549919147E-03
  0.1630926635E-03
  0.1652654393E-03
  0.1547547681E-03
  0.1323231325E-03
  0.1091446010E-03
  0.9615644144E-04
  0.9403974495E-04
  0.9853003311E-04
  0.1079760725E-03
  0.1235942037E-03
  0.1475929955E-03
  0.1856931109E-03
  0.2554799071E-03
  0.3140416470E-03
  0.3658760329E-03
  0.3787628340E-03
  0.3440148517E-03
  0.2601891050E-03
  0.1897426596E-03
  0.1437315993E-03
  0.1160144324E-03
  0.1002386871E-03
  0.9265987475E-04
  0.9162220173E-04
  0.9687307627E-04
  0.1091264125E-03
  0.1295723854E-03
  0.1580844243E-03
  0.1876240809E-03
  0.1987437236E-03
  0.1756339009E-03
  0.1312405413E-03
  0.9034693756E-04
  0.6280787122E-04
  0.4634259352E-04
  0.3681084071E-04
  0.3129178004E-04
  0.2802570575E-04
  0.2603098066E-04
  0.2480144537E-04
  0.2410338107E-04
  0.2386020011E-04
  0.2409905916E-04
  0.2493626162E-04
  0.2658452533E-04
  0.2935388130E-04
  0.3354401736E-04
  0.3891134875E-04
  0.4346814326E-04
  0.4365356994E-04
  0.3835038643E-04
  0.3047499456E-04
  0.2323892807E-04
  0.1787672636E-04
  0.1424569870E-04
  0.1182635167E-04
  0.1017447140E-04
  0.8999908165E-05
  0.8128972276E-05
  0.7458839528E-05
  0.6927172755E-05
  0.6494795234E-05
  0.6136171114E-05
  0.5834152003E-05
  0.5576964761E-05
  0.5356435749E-05
  0.5166893728E-05
  0.5004474473E-05
  0.4866683726E-05
  0.4752124265E-05
  0.4660340947E-05
  0.4591763741E-05
  0.4547735991E-05
  0.4530635973E-05
  0.4544108507E-05
  0.4593456077E-05
  0.4686244024E-05
  0.4833260034E-05
  0.5050012570E-05
  0.5359126731E-05
  0.5794202275E-05
  0.6406040755E-05
  0.7272344507E-05
  0.8510695884E-05
  0.1028497826E-04
  0.1275213107E-04
  0.1578295681E-04
  0.1839130933E-04
  0.1902748956E-04
  0.1747278589E-04
  0.1498627245E-04
  0.1259687974E-04
  0.1062663860E-04
  0.9075460144E-05
  0.7870461668E-05
  0.6935299872E-05
  0.6204186793E-05
  0.5624452157E-05
  0.5155931906E-05
  0.4769040765E-05
  0.4442473641E-05
  0.4161076129E-05
  0.3914110722E-05
  0.3693946921E-05
  0.3495116514E-05
  0.3313652385E-05
  0.3146631642E-05
  0.2991863280E-05
  0.2847673998E-05
  0.2712761355E-05
  0.2586091917E-05
  0.2466830139E-05
  0.2354288359E-05
  0.2247890697E-05
  0.2147147522E-05
  0.2051636299E-05
  0.1960987759E-05
  0.1874875447E-05
  0.1793007821E-05
  0.1715122286E-05
  0.1640980508E-05
  0.1570364789E-05
  0.1503075199E-05
  0.1438927282E-05
  0.1377750175E-05
  0.1319385108E-05
  0.1263684110E-05
  0.1210508959E-05
  0.1159730272E-05
  0.1111226719E-05
  0.1064884364E-05
  0.1020596049E-05
  0.9782608920E-06
  0.9377838090E-06
  0.8990751004E-06
  0.8620500715E-06
  0.8266286881E-06
  0.7926986785E-06
  0.7602661931E-06
  0.7292226250E-06
  0.6995011514E-06
  0.6710445177E-06
  0.6437916216E-06
  0.6176925082E-06
  0.5926901803E-06
  0.5687305658E-06
  0.5457823286E-06
  0.5237874478E-06
  0.5027092769E-06
  0.4825112975E-06
  0.4631401034E-06
  0.4445729406E-06
  0.4267746002E-06
  0.4097071885E-06
  0.3933391992E-06
  0.3776368259E-06
  0.3625814336E-06
  0.3481384297E-06
  0.3342850977E-06
  0.3209933046E-06
  0.3082424817E-06
  0.2960072762E-06
  0.2842673190E-06
  0.2730015251E-06
  0.2621900961E-06
  0.2518141644E-06
  0.2418555839E-06
  0.2322970650E-06
  0.2231220480E-06
  0.2143147030E-06
  0.2058598866E-06
  0.1977431174E-06
  0.1899505385E-06
  0.1824688859E-06
  0.1752854629E-06
  0.1683916271E-06
  0.1617647808E-06
  0.1554073110E-06
  0.1492976219E-06
  0.1434352305E-06
  0.1378007719E-06
  0.1323940190E-06
  0.1271970573E-06
  0.1222099092E-06
  0.1174155359E-06
  0.1128138521E-06
  0.1083946763E-06
  0.1041463285E-06
  0.1000680784E-06
  0.9615134828E-07
  0.9238625025E-07
  0.8877106611E-07
  0.8529831621E-07
  0.8196295402E-07
  0.7875623331E-07
  0.7567747217E-07
  0.7271972711E-07
  0.6987706780E-07
  0.6714688029E-07
  0.6452438105E-07
  0.6200306060E-07
  0.5958192582E-07
  0.5725596286E-07
  0.5502031379E-07
  0.5287202096E-07
  0.5080908628E-07
  0.4882579360E-07
  0.4692123836E-07
  0.4509013146E-07
  0.4333170512E-07
  0.4164112708E-07
  0.4001757153E-07
  0.3845663134E-07
  0.3695755008E-07
  0.3551627946E-07
  0.3413208106E-07
  0.3280125430E-07
  0.3152309700E-07
  0.3029421799E-07
  0.2911394491E-07
  0.2797917186E-07
  0.2688925923E-07
  0.2584135857E-07
  0.2483486474E-07
  0.2386716378E-07
  0.2293768324E-07
  0.2204402404E-07
  0.2118564676E-07
  0.2036034740E-07
  0.1956761919E-07
  0.1880543668E-07
  0.1807332394E-07
  0.1736941864E-07
  0.1669327524E-07
  0.1604318130E-07
  0.1541871949E-07
  0.1481831403E-07
  0.1424157537E-07
  0.1368705316E-07
  0.1315438385E-07
  0.1264223212E-07
  0.1215025887E-07
  0.1167723431E-07
  0.1122284314E-07
  0.1078595223E-07
  0.1036626802E-07
  0.9962746113E-08
