   0.1439701785E+04
   0.3747294166E+00
   0.3261984099E+00
   0.2977242508E+00
   0.2713955234E+00
   0.2494998085E+00
   0.2329634744E+00
   0.2212155814E+00
   0.2127690103E+00
   0.2060395910E+00
   0.1998852477E+00
   0.1952395650E+00
   0.1913246212E+00
   0.1862513467E+00
   0.1813953083E+00
   0.1768274386E+00
   0.1727534109E+00
   0.1693585304E+00
   0.1666944792E+00
   0.1646738197E+00
   0.1631394381E+00
   0.1619315289E+00
   0.1609334149E+00
   0.1600883027E+00
   0.1593847776E+00
   0.1588219321E+00
   0.1583878816E+00
   0.1580604608E+00
   0.1578127348E+00
   0.1576202788E+00
   0.1574653518E+00
   0.1573352473E+00
   0.1572204331E+00
   0.1571147290E+00
   0.1570672945E+00
   0.1570215786E+00
   0.1569772995E+00
   0.1569342259E+00
   0.1568728279E+00
   0.1567860423E+00
   0.1567029825E+00
   0.1566260391E+00
   0.1565574071E+00
   0.1564988756E+00
   0.1564513363E+00
   0.1564018787E+00
   0.1563673714E+00
   0.1563424234E+00
   0.1563227823E+00
   0.1563058144E+00
   0.1562900809E+00
   0.1562751096E+00
   0.1562652239E+00
   0.1562563095E+00
   0.1562486708E+00
   0.1562422388E+00
   0.1562340464E+00
   0.1562264230E+00
   0.1562195421E+00
   0.1562135922E+00
   0.1562082403E+00
   0.1562028413E+00
   0.1561967762E+00
   0.1561894463E+00
   0.1561797280E+00
   0.1561654807E+00
   0.1561442369E+00
   0.1561161549E+00
   0.1560863286E+00
   0.1560612263E+00
   0.1560436052E+00
   0.1560322406E+00
   0.1560245804E+00
   0.1560188788E+00
   0.1560146482E+00
   0.1560117993E+00
   0.1560099448E+00
   0.1560085822E+00
   0.1560074022E+00
   0.1560063278E+00
   0.1560053548E+00
   0.1560044326E+00
   0.1560035194E+00
   0.1560026448E+00
   0.1560018651E+00
   0.1560011887E+00
   0.1560005467E+00
   0.1559998101E+00
   0.1559988251E+00
   0.1559974926E+00
   0.1559958760E+00
   0.1559941598E+00
   0.1559924738E+00
   0.1559908847E+00
   0.1559895140E+00
   0.1559884795E+00
   0.1559877782E+00
   0.1559873132E+00
   0.1559869727E+00
   0.1559866682E+00
   0.1559863354E+00
   0.1559859255E+00
   0.1559854047E+00
   0.1559847633E+00
   0.1559840158E+00
   0.1559831729E+00
   0.1559822051E+00
   0.1559810286E+00
   0.1559795318E+00
   0.1559776649E+00
   0.1559755879E+00
   0.1559737002E+00
   0.1559723497E+00
   0.1559715465E+00
   0.1559710855E+00
   0.1559707815E+00
   0.1559705204E+00
   0.1559702127E+00
   0.1559697718E+00
   0.1559691715E+00
   0.1559683659E+00
   0.1559675374E+00
   0.1559663789E+00
   0.1559650618E+00
   0.1559639914E+00
   0.1559632197E+00
   0.1559629823E+00
   0.1559629450E+00
   0.1559629622E+00
   0.1559629824E+00
   0.1559629857E+00
   0.1559629603E+00
   0.1559628912E+00
   0.1559627520E+00
   0.1559624879E+00
   0.1559619900E+00
   0.1559610933E+00
   0.1559597479E+00
   0.1559583332E+00
   0.1559574015E+00
   0.1559570257E+00
   0.1559569128E+00
   0.1559568554E+00
   0.1559567968E+00
   0.1559567332E+00
   0.1559566682E+00
   0.1559566041E+00
   0.1559565422E+00
   0.1559564829E+00
   0.1559564264E+00
   0.1559563728E+00
   0.1559563217E+00
   0.1559562717E+00
   0.1559562193E+00
   0.1559561559E+00
   0.1559560622E+00
   0.1559559081E+00
   0.1559556814E+00
   0.1559554240E+00
   0.1559552015E+00
   0.1559550459E+00
   0.1559549504E+00
   0.1559548942E+00
   0.1559548595E+00
   0.1559548351E+00
   0.1559548154E+00
   0.1559547980E+00
   0.1559547816E+00
   0.1559547659E+00
   0.1559547507E+00
   0.1559547359E+00
   0.1559547217E+00
   0.1559547078E+00
   0.1559546944E+00
   0.1559546813E+00
   0.1559546685E+00
   0.1559546560E+00
   0.1559546437E+00
   0.1559546315E+00
   0.1559546194E+00
   0.1559546072E+00
   0.1559545949E+00
   0.1559545824E+00
   0.1559545695E+00
   0.1559545560E+00
   0.1559545417E+00
   0.1559545262E+00
   0.1559545090E+00
   0.1559544894E+00
   0.1559544662E+00
   0.1559544373E+00
   0.1559543989E+00
   0.1559543435E+00
   0.1559542563E+00
   0.1559541101E+00
   0.1559538739E+00
   0.1559535557E+00
   0.1559532295E+00
   0.1559529728E+00
   0.1559528088E+00
   0.1559527184E+00
   0.1559526732E+00
   0.1559526519E+00
   0.1559526419E+00
   0.1559526369E+00
   0.1559526341E+00
   0.1559526322E+00
   0.1559526308E+00
   0.1559526296E+00
   0.1559526286E+00
   0.1559526277E+00
   0.1559526269E+00
   0.1559526262E+00
   0.1559526255E+00
   0.1559526249E+00
   0.1559526243E+00
   0.1559526238E+00
   0.1559526233E+00
   0.1559526228E+00
   0.1559526224E+00
   0.1559526220E+00
   0.1559526216E+00
   0.1559526213E+00
   0.1559526209E+00
   0.1559526206E+00
   0.1559526203E+00
   0.1559526200E+00
   0.1559526198E+00
   0.1559526195E+00
   0.1559526192E+00
   0.1559526190E+00
   0.1559526188E+00
   0.1559526186E+00
   0.1559526184E+00
   0.1559526182E+00
   0.1559526180E+00
   0.1559526178E+00
   0.1559526176E+00
   0.1559526175E+00
   0.1559526173E+00
   0.1559526171E+00
   0.1559526170E+00
   0.1559526169E+00
   0.1559526167E+00
   0.1559526166E+00
   0.1559526165E+00
   0.1559526164E+00
   0.1559526163E+00
   0.1559526162E+00
   0.1559526160E+00
   0.1559526160E+00
   0.1559526158E+00
   0.1559526158E+00
   0.1559526157E+00
   0.1559526156E+00
   0.1559526155E+00
   0.1559526154E+00
   0.1559526154E+00
   0.1559526153E+00
   0.1559526152E+00
   0.1559526152E+00
   0.1559526151E+00
   0.1559526150E+00
   0.1559526150E+00
   0.1559526149E+00
   0.1559526149E+00
   0.1559526148E+00
   0.1559526148E+00
   0.1559526147E+00
   0.1559526147E+00
   0.1559526146E+00
   0.1559526146E+00
   0.1559526146E+00
   0.1559526145E+00
   0.1559526145E+00
   0.1559526144E+00
   0.1559526144E+00
   0.1559526144E+00
   0.1559526143E+00
   0.1559526143E+00
   0.1559526143E+00
   0.1559526143E+00
   0.1559526142E+00
   0.1559526142E+00
   0.1559526142E+00
   0.1559526141E+00
   0.1559526141E+00
   0.1559526141E+00
   0.1559526141E+00
   0.1559526141E+00
   0.1559526140E+00
   0.1559526140E+00
   0.1559526140E+00
   0.1559526140E+00
   0.1559526140E+00
   0.1559526140E+00
   0.1559526140E+00
   0.1559526139E+00
   0.1559526139E+00
   0.1559526139E+00
   0.1559526139E+00
   0.1559526139E+00
   0.1559526139E+00
   0.1559526139E+00
   0.1559526138E+00
   0.1559526138E+00
   0.1559526138E+00
   0.1559526138E+00
   0.1559526138E+00
   0.1559526138E+00
   0.1559526138E+00
   0.1559526138E+00
   0.1559526138E+00
   0.1559526138E+00
   0.1559526138E+00
   0.1559526138E+00
   0.1559526137E+00
   0.1559526137E+00
   0.1559526137E+00
   0.1559526137E+00
   0.1559526137E+00
   0.1559526137E+00
   0.1559526137E+00
   0.1559526137E+00
   0.1559526137E+00
   0.1559526137E+00
   0.1559526137E+00
   0.1559526137E+00
   0.1559526137E+00
   0.1559526137E+00
   0.1559526137E+00
   0.1559526137E+00
   0.1559526137E+00
   0.1559526137E+00
   0.1559526137E+00
   0.1559526137E+00
   0.1559526137E+00
   0.1559526137E+00
   0.1559526137E+00
   0.1559526136E+00
   0.1559526136E+00
   0.1559526136E+00
   0.1559526136E+00
   0.1559526136E+00
   0.1559526136E+00
   0.1559526136E+00
   0.1559526136E+00
   0.1559526136E+00
   0.1559526136E+00
   0.1559526136E+00
   0.1559526136E+00
   0.1559526136E+00
   0.1559526136E+00
   0.1559526136E+00
   0.1559526136E+00
