   0.7563812087E-02
   0.7495484499E-01
   0.8228091258E-01
   0.8772929302E-01
   0.9429570461E-01
   0.1016164515E+00
   0.1089572023E+00
   0.1152700518E+00
   0.1194896020E+00
   0.1210050027E+00
   0.1199715591E+00
   0.1179514550E+00
   0.1157693863E+00
   0.1127642486E+00
   0.1097855821E+00
   0.1069184369E+00
   0.1042820902E+00
   0.1019974573E+00
   0.1001302172E+00
   0.9866455688E-01
   0.9752754632E-01
   0.9662820378E-01
   0.9589021356E-01
   0.9526833440E-01
   0.9474581018E-01
   0.9431832918E-01
   0.9397961452E-01
   0.9371713513E-01
   0.9351417686E-01
   0.9335439870E-01
   0.9322474315E-01
   0.9311538842E-01
   0.9301877686E-01
   0.9292947182E-01
   0.9288756060E-01
   0.9284771139E-01
   0.9280923994E-01
   0.9277172482E-01
   0.9271844612E-01
   0.9264267793E-01
   0.9256866797E-01
   0.9249928318E-01
   0.9243686214E-01
   0.9238307234E-01
   0.9233873637E-01
   0.9229187115E-01
   0.9225751459E-01
   0.9223162293E-01
   0.9221061152E-01
   0.9219232073E-01
   0.9217559655E-01
   0.9216009694E-01
   0.9214996428E-01
   0.9214079624E-01
   0.9213264035E-01
   0.9212543402E-01
   0.9211613914E-01
   0.9210740094E-01
   0.9209912830E-01
   0.9209123845E-01
   0.9208339628E-01
   0.9207499984E-01
   0.9206536337E-01
   0.9205368789E-01
   0.9203882324E-01
   0.9201931891E-01
   0.9199452604E-01
   0.9196652701E-01
   0.9193999226E-01
   0.9191895525E-01
   0.9190447325E-01
   0.9189518783E-01
   0.9188904469E-01
   0.9188455244E-01
   0.9188113266E-01
   0.9187868709E-01
   0.9187702432E-01
   0.9187579978E-01
   0.9187474903E-01
   0.9187375847E-01
   0.9187279946E-01
   0.9187184840E-01
   0.9187088954E-01
   0.9186994111E-01
   0.9186903363E-01
   0.9186816634E-01
   0.9186729035E-01
   0.9186632401E-01
   0.9186518494E-01
   0.9186383801E-01
   0.9186233425E-01
   0.9186077748E-01
   0.9185925477E-01
   0.9185784240E-01
   0.9185663461E-01
   0.9185569026E-01
   0.9185498682E-01
   0.9185445016E-01
   0.9185400135E-01
   0.9185357790E-01
   0.9185313207E-01
   0.9185261981E-01
   0.9185199087E-01
   0.9185118736E-01
   0.9185015077E-01
   0.9184882526E-01
   0.9184715066E-01
   0.9184505944E-01
   0.9184250436E-01
   0.9183953897E-01
   0.9183641691E-01
   0.9183356254E-01
   0.9183132861E-01
   0.9182977757E-01
   0.9182873542E-01
   0.9182798974E-01
   0.9182739036E-01
   0.9182684843E-01
   0.9182633011E-01
   0.9182587962E-01
   0.9182556082E-01
   0.9182526335E-01
   0.9182485988E-01
   0.9182430516E-01
   0.9182373400E-01
   0.9182318650E-01
   0.9182284991E-01
   0.9182264075E-01
   0.9182248469E-01
   0.9182234188E-01
   0.9182218958E-01
   0.9182200999E-01
   0.9182178265E-01
   0.9182147693E-01
   0.9182104074E-01
   0.9182038643E-01
   0.9181940076E-01
   0.9181806157E-01
   0.9181662175E-01
   0.9181547161E-01
   0.9181475414E-01
   0.9181434697E-01
   0.9181409942E-01
   0.9181392900E-01
   0.9181380007E-01
   0.9181369664E-01
   0.9181361023E-01
   0.9181353580E-01
   0.9181347026E-01
   0.9181341173E-01
   0.9181335917E-01
   0.9181331197E-01
   0.9181326952E-01
   0.9181323040E-01
   0.9181319040E-01
   0.9181313854E-01
   0.9181305439E-01
   0.9181292140E-01
   0.9181275380E-01
   0.9181259060E-01
   0.9181246049E-01
   0.9181236812E-01
   0.9181230426E-01
   0.9181225768E-01
   0.9181222022E-01
   0.9181218718E-01
   0.9181215624E-01
   0.9181212642E-01
   0.9181209733E-01
   0.9181206889E-01
   0.9181204110E-01
   0.9181201396E-01
   0.9181198750E-01
   0.9181196171E-01
   0.9181193655E-01
   0.9181191197E-01
   0.9181188792E-01
   0.9181186430E-01
   0.9181184102E-01
   0.9181181797E-01
   0.9181179500E-01
   0.9181177197E-01
   0.9181174869E-01
   0.9181172494E-01
   0.9181170046E-01
   0.9181167491E-01
   0.9181164783E-01
   0.9181161864E-01
   0.9181158648E-01
   0.9181155011E-01
   0.9181150763E-01
   0.9181145592E-01
   0.9181138972E-01
   0.9181129998E-01
   0.9181117271E-01
   0.9181099462E-01
   0.9181077319E-01
   0.9181054866E-01
   0.9181036612E-01
   0.9181024327E-01
   0.9181017160E-01
   0.9181013360E-01
   0.9181011428E-01
   0.9181010415E-01
   0.9181009818E-01
   0.9181009398E-01
   0.9181009052E-01
   0.9181008742E-01
   0.9181008450E-01
   0.9181008173E-01
   0.9181007908E-01
   0.9181007655E-01
   0.9181007414E-01
   0.9181007183E-01
   0.9181006963E-01
   0.9181006753E-01
   0.9181006553E-01
   0.9181006361E-01
   0.9181006178E-01
   0.9181006003E-01
   0.9181005836E-01
   0.9181005676E-01
   0.9181005523E-01
   0.9181005377E-01
   0.9181005236E-01
   0.9181005102E-01
   0.9181004973E-01
   0.9181004850E-01
   0.9181004732E-01
   0.9181004618E-01
   0.9181004510E-01
   0.9181004406E-01
   0.9181004306E-01
   0.9181004210E-01
   0.9181004119E-01
   0.9181004031E-01
   0.9181003946E-01
   0.9181003865E-01
   0.9181003788E-01
   0.9181003713E-01
   0.9181003641E-01
   0.9181003573E-01
   0.9181003507E-01
   0.9181003444E-01
   0.9181003383E-01
   0.9181003325E-01
   0.9181003270E-01
   0.9181003216E-01
   0.9181003165E-01
   0.9181003115E-01
   0.9181003068E-01
   0.9181003022E-01
   0.9181002978E-01
   0.9181002936E-01
   0.9181002896E-01
   0.9181002858E-01
   0.9181002820E-01
   0.9181002784E-01
   0.9181002749E-01
   0.9181002717E-01
   0.9181002686E-01
   0.9181002655E-01
   0.9181002625E-01
   0.9181002597E-01
   0.9181002571E-01
   0.9181002545E-01
   0.9181002520E-01
   0.9181002496E-01
   0.9181002473E-01
   0.9181002451E-01
   0.9181002430E-01
   0.9181002410E-01
   0.9181002390E-01
   0.9181002372E-01
   0.9181002354E-01
   0.9181002336E-01
   0.9181002320E-01
   0.9181002304E-01
   0.9181002289E-01
   0.9181002274E-01
   0.9181002260E-01
   0.9181002246E-01
   0.9181002233E-01
   0.9181002220E-01
   0.9181002208E-01
   0.9181002196E-01
   0.9181002185E-01
   0.9181002174E-01
   0.9181002164E-01
   0.9181002154E-01
   0.9181002145E-01
   0.9181002136E-01
   0.9181002127E-01
   0.9181002119E-01
   0.9181002111E-01
   0.9181002103E-01
   0.9181002096E-01
   0.9181002088E-01
   0.9181002082E-01
   0.9181002075E-01
   0.9181002069E-01
   0.9181002062E-01
   0.9181002057E-01
   0.9181002051E-01
   0.9181002046E-01
   0.9181002040E-01
   0.9181002036E-01
   0.9181002031E-01
   0.9181002026E-01
   0.9181002022E-01
   0.9181002017E-01
   0.9181002013E-01
   0.9181002009E-01
   0.9181002005E-01
   0.9181002002E-01
   0.9181001998E-01
   0.9181001995E-01
   0.9181001992E-01
   0.9181001989E-01
   0.9181001986E-01
   0.9181001983E-01
   0.9181001980E-01
   0.9181001977E-01
   0.9181001975E-01
   0.9181001972E-01
   0.9181001970E-01
   0.9181001968E-01
   0.9181001966E-01
   0.9181001964E-01
   0.9181001961E-01
   0.9181001960E-01
   0.9181001958E-01
   0.9181001956E-01
   0.9181001954E-01
   0.9181001953E-01
   0.9181001951E-01
   0.9181001949E-01
   0.9181001948E-01
   0.9181001947E-01
   0.9181001945E-01
   0.9181001944E-01
   0.9181001943E-01
   0.9181001941E-01
   0.9181001940E-01
   0.9181001939E-01
   0.9181001938E-01
   0.9181001937E-01
   0.9181001936E-01
   0.9181001935E-01
   0.9181001934E-01
   0.9181001933E-01
   0.9181001933E-01
   0.9181001932E-01
   0.9181001931E-01
   0.9181001930E-01
