           1        2491
  time 0.0 
        2491
           1  0.3127890536E+00
           2  0.3141400752E+00
           3  0.3151094018E+00
           4  0.3157075479E+00
           5  0.3159479810E+00
           6  0.3172005633E+00
           7  0.3178616818E+00
           8  0.3181557871E+00
           9  0.3181010056E+00
          10  0.3149418515E+00
          11  0.3100069342E+00
          12  0.3088267764E+00
          13  0.3111083796E+00
          14  0.3130179349E+00
          15  0.3145506082E+00
          16  0.3211281406E+00
          17  0.3226487445E+00
          18  0.3238306407E+00
          19  0.3213722360E+00
          20  0.3180178871E+00
          21  0.3125097002E+00
          22  0.3063022806E+00
          23  0.3048555720E+00
          24  0.3044425820E+00
          25  0.3076818844E+00
          26  0.3105418346E+00
          27  0.3276078541E+00
          28  0.3299518120E+00
          29  0.3281824782E+00
          30  0.3255628257E+00
          31  0.3220439344E+00
          32  0.3159914603E+00
          33  0.3091912406E+00
          34  0.3016631142E+00
          35  0.2999477112E+00
          36  0.2992891006E+00
          37  0.2996695326E+00
          38  0.3038647273E+00
          39  0.3363979200E+00
          40  0.3353030336E+00
          41  0.3334069385E+00
          42  0.3306761481E+00
          43  0.3270383479E+00
          44  0.3204805964E+00
          45  0.3131030119E+00
          46  0.3049435783E+00
          47  0.2960379013E+00
          48  0.2940793538E+00
          49  0.2931696103E+00
          50  0.2933160117E+00
          51  0.2945602063E+00
          52  0.3415487582E+00
          53  0.3475155262E+00
          54  0.3397705445E+00
          55  0.3372381315E+00
          56  0.3338342922E+00
          57  0.3263282931E+00
          58  0.3183237923E+00
          59  0.3094619601E+00
          60  0.2998223359E+00
          61  0.2870737478E+00
          62  0.2804540781E+00
          63  0.2799828276E+00
          64  0.2805256907E+00
          65  0.2820756870E+00
          66  0.3467785912E+00
          67  0.3534822942E+00
          68  0.3599327222E+00
          69  0.3445203192E+00
          70  0.3414582065E+00
          71  0.3341260485E+00
          72  0.2697807220E+00
          73  0.3248360319E+00
          74  0.3152340561E+00
          75  0.3047952584E+00
          76  0.2906468216E+00
          77  0.2767350102E+00
          78  0.2639823613E+00
          79  0.2649678214E+00
          80  0.2669245999E+00
          81  0.3523887939E+00
          82  0.3597021100E+00
          83  0.3663830813E+00
          84  0.3727305404E+00
          85  0.3498278348E+00
          86  0.3429089092E+00
          87  0.3337514113E+00
          88  0.2517174225E+00
          89  0.2578178540E+00
          90  0.3223607620E+00
          91  0.3110288272E+00
          92  0.2953757200E+00
          93  0.2800603529E+00
          94  0.2650548160E+00
          95  0.2467104603E+00
          96  0.2490862953E+00
          97  0.3587868785E+00
          98  0.3665542806E+00
          99  0.3731670568E+00
         100  0.3790779995E+00
         101  0.3847077380E+00
         102  0.3526636580E+00
         103  0.3439085373E+00
         104  0.3323827186E+00
         105  0.2329354969E+00
         106  0.2382337279E+00
         107  0.2446022931E+00
         108  0.3186174091E+00
         109  0.3012855516E+00
         110  0.2844864744E+00
         111  0.2681068789E+00
         112  0.2520560666E+00
         113  0.2287044169E+00
         114  0.3903379687E+00
         115  0.3948637498E+00
         116  0.2178697359E+00
         117  0.3665065756E+00
         118  0.3745604727E+00
         119  0.3806530087E+00
         120  0.3857065899E+00
         121  0.3597921694E+00
         122  0.3490662748E+00
         123  0.3349529702E+00
         124  0.2233402102E+00
         125  0.2298405587E+00
         126  0.2374183585E+00
         127  0.3229091133E+00
         128  0.3041366853E+00
         129  0.2854782993E+00
         130  0.2673868589E+00
         131  0.2497539853E+00
         132  0.1936525329E+00
         133  0.2056251155E+00
         134  0.3927581938E+00
         135  0.3960740132E+00
         136  0.3993895309E+00
         137  0.4027577023E+00
         138  0.2073264038E+00
         139  0.3767700670E+00
         140  0.3845284133E+00
         141  0.3891783833E+00
         142  0.3688651978E+00
         143  0.3544048804E+00
         144  0.3410892587E+00
         145  0.2139356508E+00
         146  0.2215875431E+00
         147  0.3276226659E+00
         148  0.2342309337E+00
         149  0.3072157423E+00
         150  0.2869685107E+00
         151  0.2671816186E+00
         152  0.2479447390E+00
         153  0.1818798228E+00
         154  0.1218318768E+00
         155  0.1383584646E+00
         156  0.1543061134E+00
         157  0.1672367509E+00
         158  0.1803169859E+00
         159  0.4000733858E+00
         160  0.3987746409E+00
         161  0.4018110206E+00
         162  0.4038629634E+00
         163  0.4061260761E+00
         164  0.4085007235E+00
         165  0.1969423176E+00
         166  0.3923795781E+00
         167  0.3975999064E+00
         168  0.3798174487E+00
         169  0.3629956241E+00
         170  0.3473755219E+00
         171  0.2046314542E+00
         172  0.3324729340E+00
         173  0.2175611084E+00
         174  0.3105464240E+00
         175  0.2315318347E+00
         176  0.2889475002E+00
         177  0.2674150326E+00
         178  0.2465988425E+00
         179  0.1702068941E+00
         180  0.1547874085E+00
         181  0.1387229409E+00
         182  0.1220459570E+00
         183  0.1067758798E+00
         184  0.9178390573E-01
         185  0.1072564373E+00
         186  0.1223826422E+00
         187  0.1388390265E+00
         188  0.1529293626E+00
         189  0.4072338132E+00
         190  0.4069506112E+00
         191  0.4082472164E+00
         192  0.4147215744E+00
         193  0.4081251937E+00
         194  0.4093830367E+00
         195  0.4108753708E+00
         196  0.4124737382E+00
         197  0.1865782347E+00
         198  0.4226442517E+00
         199  0.3942194068E+00
         200  0.3703750093E+00
         201  0.3529445189E+00
         202  0.3371105908E+00
         203  0.1997897041E+00
         204  0.3140252254E+00
         205  0.2139932046E+00
         206  0.2911784395E+00
         207  0.2292745646E+00
         208  0.2684141755E+00
         209  0.2456874743E+00
         210  0.1717583924E+00
         211  0.1561967414E+00
         212  0.1399404899E+00
         213  0.1230269309E+00
         214  0.1069609920E+00
         215  0.9130408205E-01
         216  0.7597960461E-01
         217  0.6089537220E-01
         218  0.7699140202E-01
         219  0.9283150546E-01
         220  0.1084161141E+00
         221  0.1237634115E+00
         222  0.4150640055E+00
         223  0.4140721855E+00
         224  0.4120486737E+00
         225  0.4122483641E+00
         226  0.4125397182E+00
         227  0.4303918374E+00
         228  0.4120210939E+00
         229  0.4124057237E+00
         230  0.4131440408E+00
         231  0.4037218628E+00
         232  0.3836163500E+00
         233  0.1786821685E+00
         234  0.3852405599E+00
         235  0.3602363725E+00
         236  0.3463467117E+00
         237  0.3311181168E+00
         238  0.1931147765E+00
         239  0.3073806716E+00
         240  0.2086411844E+00
         241  0.2834090635E+00
         242  0.2252753780E+00
         243  0.2596131033E+00
         244  0.2428414992E+00
         245  0.1631719861E+00
         246  0.1469240401E+00
         247  0.1299544720E+00
         248  0.1052186640E+00
         249  0.8897000366E-01
         250  0.7316371170E-01
         251  0.5771620137E-01
         252  0.4436070472E-01
         253  0.6067887476E-01
         254  0.7680365555E-01
         255  0.9271800091E-01
         256  0.4165145052E+00
         257  0.4160558254E+00
         258  0.4156069716E+00
         259  0.4152229749E+00
         260  0.4166914205E+00
         261  0.4174533037E+00
         262  0.3992677643E+00
         263  0.4155049538E+00
         264  0.4150747318E+00
         265  0.3872607369E+00
         266  0.3491684024E+00
         267  0.3475458421E+00
         268  0.3522452482E+00
         269  0.3620964152E+00
         270  0.1708819824E+00
         271  0.3450053638E+00
         272  0.3423315700E+00
         273  0.3256344440E+00
         274  0.1866018104E+00
         275  0.2998306103E+00
         276  0.2034891441E+00
         277  0.2749336387E+00
         278  0.2215741930E+00
         279  0.2576108667E+00
         280  0.2400259092E+00
         281  0.1546344510E+00
         282  0.1375949218E+00
         283  0.1119901584E+00
         284  0.4091814928E-01
         285  0.8686695784E-01
         286  0.7052912012E-01
         287  0.5466459814E-01
         288  0.2773777132E-01
         289  0.4424110930E-01
         290  0.6060241681E-01
         291  0.4169115529E+00
         292  0.4169731917E+00
         293  0.4170378402E+00
         294  0.4170769216E+00
         295  0.4170661688E+00
         296  0.4171652858E+00
         297  0.4217559162E+00
         298  0.4415958615E+00
         299  0.4182321991E+00
         300  0.4001643314E+00
         301  0.3870605342E+00
         302  0.3219675131E+00
         303  0.3145482276E+00
         304  0.3265381791E+00
         305  0.3349888288E+00
         306  0.3356700535E+00
         307  0.3428400148E+00
         308  0.1631413158E+00
         309  0.3502817857E+00
         310  0.3189600387E+00
         311  0.1802403947E+00
         312  0.2908147112E+00
         313  0.1989281895E+00
         314  0.2739068874E+00
         315  0.2179356193E+00
         316  0.2556190896E+00
         317  0.2371996028E+00
         318  0.1460414493E+00
         319  0.1194318874E+00
         320  0.9341426940E-01
         321  0.2411181889E-01
         322  0.3757981344E-01
         323  0.6804309905E-01
         324  0.5171396298E-01
         325  0.1105669946E-01
         326  0.2769415030E-01
         327  0.4163179930E+00
         328  0.4168499140E+00
         329  0.4174288680E+00
         330  0.4180454059E+00
         331  0.4185967057E+00
         332  0.4187994990E+00
         333  0.4182880102E+00
         334  0.4185025498E+00
         335  0.4104945027E+00
         336  0.3962070688E+00
         337  0.3480664077E+00
         338  0.3235438686E+00
         339  0.2967028788E+00
         340  0.2716920910E+00
         341  0.2857623872E+00
         342  0.3014889440E+00
         343  0.3097138777E+00
         344  0.3117948754E+00
         345  0.3001514606E+00
         346  0.2859685826E+00
         347  0.1554238230E+00
         348  0.2943047473E+00
         349  0.1747014521E+00
         350  0.2927197562E+00
         351  0.1945123534E+00
         352  0.2738499512E+00
         353  0.2144275334E+00
         354  0.2533257912E+00
         355  0.2342553080E+00
         356  0.1276434343E+00
         357  0.1005705401E+00
         358  0.7430801911E-01
         359  0.7313471521E-02
         360  0.2054741708E-01
         361  0.3430151975E-01
         362  0.4881580729E-01
         363 -0.5661977234E-02
         364  0.4157860808E+00
         365  0.4149213822E+00
         366  0.4167412432E+00
         367  0.4178469327E+00
         368  0.4191181891E+00
         369  0.4204649539E+00
         370  0.4212470591E+00
         371  0.4186845616E+00
         372  0.4269943083E+00
         373  0.3756060151E+00
         374  0.3428871787E+00
         375  0.3255643163E+00
         376  0.2971834587E+00
         377  0.2767510452E+00
         378  0.2659224319E+00
         379  0.2472889384E+00
         380  0.2576388637E+00
         381  0.2756135749E+00
         382  0.2859511285E+00
         383  0.2815607157E+00
         384  0.2595324358E+00
         385  0.2782965387E+00
         386  0.1418989289E+00
         387  0.1612139157E+00
         388  0.2979586009E+00
         389  0.1823447801E+00
         390  0.2650992168E+00
         391  0.2034422938E+00
         392  0.2418357065E+00
         393  0.2234273573E+00
         394  0.1128420606E+00
         395  0.8488935566E-01
         396  0.5804597892E-01
         397  0.3663580605E-01
         398 -0.1571357832E-01
         399 -0.2669176036E-02
         400  0.1080021321E-01
         401  0.2495812806E-01
         402 -0.2240373614E-01
         403 -0.3905891645E-01
         404  0.4164820602E+00
         405  0.4151637023E+00
         406  0.4140566836E+00
         407  0.4130545427E+00
         408  0.4180993887E+00
         409  0.4201154647E+00
         410  0.4228978454E+00
         411  0.4270382128E+00
         412  0.4082088905E+00
         413  0.3924707044E+00
         414  0.3578845207E+00
         415  0.3370969267E+00
         416  0.3154461644E+00
         417  0.2967791329E+00
         418  0.2480230815E+00
         419  0.2693133884E+00
         420  0.2359554798E+00
         421  0.2172101917E+00
         422  0.2279073927E+00
         423  0.2409985930E+00
         424  0.2922217070E+00
         425  0.2325736940E+00
         426  0.2531563905E+00
         427  0.2645370144E+00
         428  0.1272553689E+00
         429  0.1477742181E+00
         430  0.1694812401E+00
         431  0.2429474268E+00
         432  0.1930211086E+00
         433  0.2267560330E+00
         434  0.2133967879E+00
         435  0.9699461549E-01
         436  0.6835743295E-01
         437  0.4600847527E-01
         438  0.2365087177E-01
         439  0.1180355394E-01
         440 -0.3260052197E-01
         441 -0.2603296715E-01
         442 -0.1298402605E-01
         443  0.6601269350E-03
         444 -0.3914803717E-01
         445 -0.5565159610E-01
         446 -0.7202549600E-01
         447  0.4179527521E+00
         448  0.4159239135E+00
         449  0.4143299909E+00
         450  0.4130871139E+00
         451  0.4120524038E+00
         452  0.4110997032E+00
         453  0.4203462313E+00
         454  0.4239684645E+00
         455  0.4557787864E+00
         456  0.4098328467E+00
         457  0.4013640606E+00
         458  0.3739295575E+00
         459  0.3694895578E+00
         460  0.3544086956E+00
         461  0.3180293261E+00
         462  0.2258232535E+00
         463  0.2431519469E+00
         464  0.3039212007E+00
         465  0.2216406382E+00
         466  0.2019982409E+00
         467  0.2016893042E+00
         468  0.2136971255E+00
         469  0.2051717533E+00
         470  0.2456787385E+00
         471  0.2315823785E+00
         472  0.2199073818E+00
         473  0.1110899513E+00
         474  0.1325626506E+00
         475  0.1564676680E+00
         476  0.1832697922E+00
         477  0.2166776301E+00
         478  0.2105237538E+00
         479  0.7998202298E-01
         480  0.5638397901E-01
         481  0.3291398025E-01
         482  0.9606832703E-02
         483 -0.2278033613E-02
         484 -0.1342157440E-01
         485 -0.4959973748E-01
         486 -0.4329649833E-01
         487 -0.3692295671E-01
         488 -0.2393027765E-01
         489 -0.5591225156E-01
         490 -0.7219535745E-01
         491 -0.8828410288E-01
         492 -0.1041967734E+00
         493  0.4193479640E+00
         494  0.4174409085E+00
         495  0.4149308783E+00
         496  0.4131452093E+00
         497  0.4119093770E+00
         498  0.4109682516E+00
         499  0.4101470027E+00
         500  0.4093455471E+00
         501  0.3968303221E+00
         502  0.3846565115E+00
         503  0.3493914744E+00
         504  0.3326547134E+00
         505  0.3212849309E+00
         506  0.3530443570E+00
         507  0.3331474286E+00
         508  0.3090076785E+00
         509  0.1954517711E+00
         510  0.2138516562E+00
         511  0.2369127928E+00
         512  0.2740578131E+00
         513  0.2102981040E+00
         514  0.2235048613E+00
         515  0.1817965269E+00
         516  0.1845484027E+00
         517  0.1860535312E+00
         518  0.1973691518E+00
         519  0.1835485273E+00
         520  0.2132834097E+00
         521  0.9310400957E-01
         522  0.1146184119E+00
         523  0.1393277297E+00
         524  0.1709718305E+00
         525  0.2231864466E+00
         526  0.6775248707E-01
         527  0.4290875869E-01
         528  0.1850116007E-01
         529 -0.5607262175E-02
         530 -0.1748587452E-01
         531 -0.2857294937E-01
         532 -0.3892626690E-01
         533 -0.7270490668E-01
         534 -0.6672499138E-01
         535 -0.6077860996E-01
         536 -0.5479189175E-01
         537 -0.4867289676E-01
         538 -0.8870014301E-01
         539 -0.1044393423E+00
         540 -0.1199536601E+00
         541 -0.1352953736E+00
         542  0.4078330177E+00
         543  0.4427639382E+00
         544  0.4175305818E+00
         545  0.4132135128E+00
         546  0.4114105884E+00
         547  0.4104369550E+00
         548  0.4085440842E+00
         549  0.4097642097E+00
         550  0.4091745083E+00
         551  0.3805585805E+00
         552  0.3981752370E+00
         553  0.3573461803E+00
         554  0.3212144485E+00
         555  0.3069754977E+00
         556  0.3345426643E+00
         557  0.3463888681E+00
         558  0.3059425437E+00
         559  0.2770337698E+00
         560  0.1784413542E+00
         561  0.1901610006E+00
         562  0.2193468376E+00
         563  0.2519807140E+00
         564  0.1679669834E+00
         565  0.1579094270E+00
         566  0.1585875234E+00
         567  0.1650002828E+00
         568  0.1522482392E+00
         569  0.1518994705E+00
         570  0.1864442600E+00
         571  0.8142752059E-01
         572  0.1024940511E+00
         573  0.1258578779E+00
         574  0.1523333772E+00
         575  0.1830661702E+00
         576  0.5526212243E-01
         577  0.2999118954E-01
         578  0.5238932950E-02
         579 -0.2026067708E-01
         580 -0.1502391677E+00
         581 -0.3596946680E-01
         582 -0.4678268182E-01
         583 -0.5673500197E-01
         584 -0.6600197203E-01
         585 -0.8935266796E-01
         586 -0.8379403535E-01
         587 -0.7831076386E-01
         588 -0.7282803623E-01
         589 -0.1049796674E+00
         590 -0.1202792093E+00
         591 -0.1352744303E+00
         592 -0.1645956021E+00
         593  0.4071219513E+00
         594  0.4062096483E+00
         595  0.3808857522E+00
         596  0.3966915872E+00
         597  0.4089819756E+00
         598  0.4088466430E+00
         599  0.4086636038E+00
         600  0.4078232650E+00
         601  0.4082427211E+00
         602  0.4084771182E+00
         603  0.3748400575E+00
         604  0.3797371605E+00
         605  0.3843212990E+00
         606  0.3218841883E+00
         607  0.3644108636E+00
         608  0.3448028732E+00
         609  0.2938197688E+00
         610  0.2771548573E+00
         611  0.2903142037E+00
         612  0.2822030502E+00
         613  0.2925595916E+00
         614  0.2826261419E+00
         615  0.2617132858E+00
         616  0.1544571950E+00
         617  0.1677340280E+00
         618  0.1898822043E+00
         619  0.2189389972E+00
         620  0.1332885572E+00
         621  0.1380412498E+00
         622  0.1398472333E+00
         623  0.1195238197E+00
         624  0.1112739803E+00
         625  0.1371471729E+00
         626  0.6778437380E-01
         627  0.8719094321E-01
         628  0.1069102009E+00
         629  0.1281427796E+00
         630  0.1442269136E+00
         631  0.4161909399E-01
         632 -0.5141804865E-01
         633  0.1636854530E-01
         634 -0.9437364812E-02
         635 -0.3530753837E-01
         636 -0.1787498016E+00
         637 -0.1650655835E+00
         638 -0.1507636352E+00
         639 -0.6605165382E-01
         640 -0.7555474965E-01
         641 -0.8419146473E-01
         642 -0.9024725260E-01
         643 -0.1061432801E+00
         644 -0.1011128836E+00
         645 -0.9620579468E-01
         646 -0.1213236659E+00
         647 -0.1361073362E+00
         648 -0.1921826455E+00
         649  0.4066218778E+00
         650  0.3847245611E+00
         651  0.4052973666E+00
         652  0.3889055389E+00
         653  0.4036941213E+00
         654  0.3927755227E+00
         655  0.4073843050E+00
         656  0.3335438704E+00
         657  0.3640850495E+00
         658  0.4171759571E+00
         659  0.4063310490E+00
         660  0.4068939550E+00
         661  0.4074959940E+00
         662  0.4072379883E+00
         663  0.3798329320E+00
         664  0.3735261546E+00
         665  0.3674232832E+00
         666  0.3691584913E+00
         667  0.3703882566E+00
         668  0.3750627085E+00
         669  0.2762864116E+00
         670  0.3150708787E+00
         671  0.3110507898E+00
         672  0.3123831211E+00
         673  0.2568623537E+00
         674  0.2506547802E+00
         675  0.2546252618E+00
         676  0.2557390129E+00
         677  0.2857581457E+00
         678  0.2718195995E+00
         679  0.1303131517E+00
         680  0.2277893929E+00
         681  0.1481778292E+00
         682  0.1693735221E+00
         683  0.1983924430E+00
         684  0.1144401677E+00
         685  0.1218707605E+00
         686  0.9947134547E-01
         687  0.1011380733E+00
         688  0.1099445183E+00
         689  0.5280890014E-01
         690  0.7018138667E-01
         691  0.8857535218E-01
         692  0.1044718659E+00
         693  0.1150476900E+00
         694  0.2732214090E-01
         695 -0.8272291672E-01
         696 -0.6748766810E-01
         697  0.1514635278E-02
         698 -0.2417828728E-01
         699 -0.5032748967E-01
         700 -0.1927119821E+00
         701 -0.2053801754E+00
         702 -0.1797502015E+00
         703 -0.1661611030E+00
         704 -0.1521727793E+00
         705 -0.9564362505E-01
         706 -0.1034492274E+00
         707 -0.1085007227E+00
         708 -0.1135294481E+00
         709 -0.1231011415E+00
         710 -0.1187020015E+00
         711 -0.1377550757E+00
         712 -0.2177718978E+00
         713  0.4075960900E+00
         714  0.4066838907E+00
         715  0.3904225932E+00
         716  0.4046638781E+00
         717  0.3938009643E+00
         718  0.4020908761E+00
         719  0.3966455064E+00
         720  0.3993680636E+00
         721  0.4071189561E+00
         722  0.3181272725E+00
         723  0.3415518637E+00
         724  0.3794403959E+00
         725  0.3924060166E+00
         726  0.4053431464E+00
         727  0.4060849265E+00
         728  0.3858592575E+00
         729  0.3787279064E+00
         730  0.3716835906E+00
         731  0.3650177609E+00
         732  0.3589044667E+00
         733  0.3617397468E+00
         734  0.3638086484E+00
         735  0.3652375266E+00
         736  0.3661081669E+00
         737  0.2469386649E+00
         738  0.2751741420E+00
         739  0.2656578218E+00
         740  0.2753373009E+00
         741  0.2840306621E+00
         742  0.2402109450E+00
         743  0.2279867763E+00
         744  0.2301921271E+00
         745  0.2327935748E+00
         746  0.2610836205E+00
         747  0.1206123707E+00
         748  0.2418372948E+00
         749  0.1335583556E+00
         750  0.2189379486E+00
         751  0.1607985904E+00
         752  0.1805394556E+00
         753  0.9556163483E-01
         754  0.8798573638E-01
         755  0.8544600899E-01
         756  0.8975169799E-01
         757  0.3746507469E-01
         758  0.5501488039E-01
         759  0.7086881591E-01
         760  0.8381872553E-01
         761  0.9245382839E-01
         762 -0.1137937336E+00
         763  0.1206047086E-01
         764 -0.1006634537E+00
         765 -0.8387046626E-01
         766 -0.1301898505E-01
         767 -0.3835559679E-01
         768 -0.6461899238E-01
         769 -0.1942672561E+00
         770 -0.2064955814E+00
         771 -0.2183584745E+00
         772 -0.2299088009E+00
         773 -0.1814764463E+00
         774 -0.1682150121E+00
         775 -0.1544803530E+00
         776 -0.1240877445E+00
         777 -0.1277336557E+00
         778 -0.1315859977E+00
         779 -0.1357377669E+00
         780 -0.1402321981E+00
         781 -0.2833386971E+00
         782 -0.2731450433E+00
         783 -0.2627037264E+00
         784 -0.2520472593E+00
         785 -0.2412025099E+00
         786  0.4091971586E+00
         787  0.3936189509E+00
         788  0.4078536834E+00
         789  0.3973050692E+00
         790  0.4045834749E+00
         791  0.3992305214E+00
         792  0.4006374960E+00
         793  0.4072988200E+00
         794  0.3218543455E+00
         795  0.3302989282E+00
         796  0.3662303575E+00
         797  0.3801506074E+00
         798  0.4159858473E+00
         799  0.4046404127E+00
         800  0.3901270910E+00
         801  0.3819098740E+00
         802  0.3733663438E+00
         803  0.3654387816E+00
         804  0.3582521991E+00
         805  0.3542445198E+00
         806  0.3534375671E+00
         807  0.3571338378E+00
         808  0.3592453155E+00
         809  0.3606631476E+00
         810  0.3586183035E+00
         811  0.2261187857E+00
         812  0.2683190807E+00
         813  0.2401631601E+00
         814  0.2450271119E+00
         815  0.2559274566E+00
         816  0.2119584567E+00
         817  0.2031652579E+00
         818  0.2100392031E+00
         819  0.2228647836E+00
         820  0.1831906924E+00
         821  0.2502211724E+00
         822  0.1773517246E+00
         823  0.2533209697E+00
         824  0.1952922099E+00
         825  0.2295592403E+00
         826  0.1241567921E+00
         827  0.6770483180E-01
         828 -0.1402820198E+00
         829  0.6356643011E-01
         830  0.5972790241E-01
         831  0.5872132424E-01
         832  0.2256645245E-01
         833  0.3878124843E-01
         834  0.5301970386E-01
         835  0.6456531308E-01
         836 -0.1306063946E+00
         837 -0.1530164900E-02
         838 -0.1154757381E+00
         839 -0.9477696296E-01
         840 -0.2566532192E-01
         841 -0.5030674631E-01
         842 -0.7883279653E-01
         843 -0.2045166835E+00
         844 -0.2160320025E+00
         845 -0.2271703651E+00
         846 -0.2379519139E+00
         847 -0.1923006897E+00
         848 -0.1796157235E+00
         849 -0.1664320743E+00
         850 -0.1535622603E+00
         851 -0.1555164981E+00
         852 -0.1581596510E+00
         853 -0.1613533836E+00
         854 -0.1701203065E+00
         855 -0.2499091774E+00
         856 -0.2616903144E+00
         857 -0.2733098015E+00
         858 -0.2838916012E+00
         859 -0.2931368337E+00
         860 -0.2900791509E+00
         861 -0.2809360933E+00
         862 -0.2715549292E+00
         863 -0.2619277665E+00
         864  0.4140400385E+00
         865  0.4015130008E+00
         866  0.4045805189E+00
         867  0.4109502207E+00
         868  0.4059489951E+00
         869  0.4051786991E+00
         870  0.4082392739E+00
         871  0.2605076439E+00
         872  0.2878487236E+00
         873  0.3145749409E+00
         874  0.3325099086E+00
         875  0.3697375371E+00
         876  0.3891912457E+00
         877  0.3901611818E+00
         878  0.3818482700E+00
         879  0.3749811817E+00
         880  0.3654375154E+00
         881  0.3569520788E+00
         882  0.3514909492E+00
         883  0.3504624561E+00
         884  0.3491124629E+00
         885  0.3472446664E+00
         886  0.3533256229E+00
         887  0.3553935035E+00
         888  0.3543011645E+00
         889  0.3529479210E+00
         890  0.1975184168E+00
         891  0.2286441814E+00
         892  0.2116491196E+00
         893  0.2231614939E+00
         894  0.2323765719E+00
         895  0.1882430259E+00
         896  0.1794592491E+00
         897  0.1829527844E+00
         898  0.1680005157E+00
         899  0.1954092968E+00
         900  0.1931544475E+00
         901  0.2704251151E+00
         902  0.2067366896E+00
         903  0.2217288553E+00
         904  0.1261857651E+00
         905  0.7755377085E-01
         906  0.4339860518E-01
         907 -0.1599527683E+00
         908 -0.1889928215E+00
         909  0.3915948677E-01
         910  0.3380685888E-01
         911  0.3543589034E-01
         912  0.8792518353E-02
         913  0.2414337805E-01
         914  0.3755214705E-01
         915 -0.1502851957E+00
         916 -0.1391670587E-01
         917 -0.1291501412E+00
         918 -0.1097983911E+00
         919 -0.3682444249E-01
         920 -0.6278639665E-01
         921 -0.9090001516E-01
         922 -0.2150657193E+00
         923 -0.2258783546E+00
         924 -0.2362753938E+00
         925 -0.2034767908E+00
         926 -0.1913939680E+00
         927 -0.1871450605E+00
         928 -0.1802921647E+00
         929 -0.1813093910E+00
         930 -0.1830874588E+00
         931 -0.1957993051E+00
         932 -0.2115413968E+00
         933 -0.2493375752E+00
         934 -0.2622862978E+00
         935 -0.2741057452E+00
         936 -0.2853549445E+00
         937 -0.2942745192E+00
         938 -0.3021637234E+00
         939 -0.2988271615E+00
         940 -0.2964611234E+00
         941 -0.2884228553E+00
         942 -0.2801238246E+00
         943  0.4028394033E+00
         944  0.4172667981E+00
         945  0.4277674857E+00
         946  0.4222373693E+00
         947  0.4167258443E+00
         948  0.4224226083E+00
         949  0.2405131851E+00
         950  0.2696599054E+00
         951  0.2987150040E+00
         952  0.3194025383E+00
         953  0.3470923139E+00
         954  0.3872504074E+00
         955  0.3879746338E+00
         956  0.3778633452E+00
         957  0.3690877237E+00
         958  0.3646501782E+00
         959  0.3547694491E+00
         960  0.3486791646E+00
         961  0.3439222854E+00
         962  0.3475605989E+00
         963  0.3457578140E+00
         964  0.3433668618E+00
         965  0.3403610626E+00
         966  0.3503331813E+00
         967  0.3503274417E+00
         968  0.3500455549E+00
         969  0.3494512886E+00
         970  0.1772070659E+00
         971  0.2219995449E+00
         972  0.1897967417E+00
         973  0.2002457636E+00
         974  0.2164483416E+00
         975  0.1669661532E+00
         976  0.1574998902E+00
         977  0.1709845672E+00
         978  0.1441827417E+00
         979  0.1841575067E+00
         980  0.2062575436E+00
         981  0.2422758880E+00
         982  0.2492746176E+00
         983  0.1072325757E+00
         984  0.7166107600E-01
         985  0.4146473155E-01
         986  0.1592180585E-01
         987 -0.1872758582E+00
         988 -0.2098948276E+00
         989 -0.2171539480E+00
         990  0.1098137333E-01
         991  0.1195954377E-01
         992  0.1169122962E-01
         993 -0.3510607421E-02
         994  0.1125604368E-01
         995 -0.1722689432E+00
         996 -0.2474861161E-01
         997 -0.1464990545E+00
         998 -0.1213240047E+00
         999 -0.9956627605E-01
        1000 -0.4827701497E-01
        1001 -0.7295866935E-01
        1002 -0.2259664111E+00
        1003 -0.2360641609E+00
        1004 -0.2150242789E+00
        1005 -0.2115917069E+00
        1006 -0.2083697364E+00
        1007 -0.2049407163E+00
        1008 -0.2053564373E+00
        1009 -0.2197650419E+00
        1010 -0.2265921990E+00
        1011 -0.2327438285E+00
        1012 -0.2502720320E+00
        1013 -0.2632883804E+00
        1014 -0.2757939937E+00
        1015 -0.2877546113E+00
        1016 -0.2964120238E+00
        1017 -0.3039240259E+00
        1018 -0.3104230571E+00
        1019 -0.3068179682E+00
        1020 -0.3041976356E+00
        1021 -0.3025475664E+00
        1022 -0.2956211984E+00
        1023  0.3989257458E+00
        1024  0.4170968503E+00
        1025  0.4396478078E+00
        1026  0.4578808261E+00
        1027  0.2248363043E+00
        1028  0.4376225028E+00
        1029  0.2500752679E+00
        1030  0.2850150091E+00
        1031  0.3108744776E+00
        1032  0.3488838997E+00
        1033  0.3753940324E+00
        1034  0.3816026894E+00
        1035  0.3728346416E+00
        1036  0.3646719115E+00
        1037  0.3574632270E+00
        1038  0.3513454904E+00
        1039  0.3447723696E+00
        1040  0.3395710305E+00
        1041  0.3356213384E+00
        1042  0.3455203327E+00
        1043  0.3433482338E+00
        1044  0.3405162604E+00
        1045  0.3370206774E+00
        1046  0.3328253794E+00
        1047  0.3467098822E+00
        1048  0.3475733956E+00
        1049  0.3481107195E+00
        1050  0.3483275441E+00
        1051  0.1485281822E+00
        1052  0.1853328064E+00
        1053  0.1638721274E+00
        1054  0.1782457449E+00
        1055  0.1924458723E+00
        1056  0.1419370984E+00
        1057  0.1379967095E+00
        1058  0.1845964466E+00
        1059  0.8657274576E-01
        1060  0.1160171581E+00
        1061  0.1464327674E+00
        1062  0.1768709367E+00
        1063  0.1976490589E+00
        1064  0.5779133205E-01
        1065  0.3231564681E-01
        1066  0.1085595127E-01
        1067 -0.4823409434E-02
        1068 -0.2381697003E+00
        1069 -0.2332491889E+00
        1070 -0.2339370328E+00
        1071 -0.2102180133E+00
        1072 -0.5954410777E-02
        1073 -0.8789849774E-02
        1074 -0.1148675787E-01
        1075 -0.1422388213E-01
        1076 -0.1958504440E+00
        1077 -0.3582810971E-01
        1078 -0.1564989742E+00
        1079 -0.1269155397E+00
        1080 -0.1039798847E+00
        1081 -0.8018717190E-01
        1082 -0.5754363960E-01
        1083 -0.2372630857E+00
        1084 -0.2346551954E+00
        1085 -0.2322709033E+00
        1086 -0.2300781808E+00
        1087 -0.2280668128E+00
        1088 -0.2345289238E+00
        1089 -0.2419151994E+00
        1090 -0.2501826935E+00
        1091 -0.2541552540E+00
        1092 -0.2514024460E+00
        1093 -0.2651092723E+00
        1094 -0.2783514593E+00
        1095 -0.2910849388E+00
        1096 -0.2995583470E+00
        1097 -0.3067379190E+00
        1098 -0.3127959292E+00
        1099 -0.3179198177E+00
        1100 -0.3140324822E+00
        1101 -0.3111582934E+00
        1102 -0.3092753155E+00
        1103 -0.3084033797E+00
        1104  0.2226656802E+00
        1105  0.3785364762E+00
        1106  0.3967988444E+00
        1107  0.4140229977E+00
        1108  0.4466535514E+00
        1109  0.2836989584E+00
        1110  0.3921814043E+00
        1111  0.3004613309E+00
        1112  0.3206986477E+00
        1113  0.3546762229E+00
        1114  0.1928476599E+00
        1115  0.3574035791E+00
        1116  0.3617754082E+00
        1117  0.3548532380E+00
        1118  0.3485175663E+00
        1119  0.3429633469E+00
        1120  0.3373595881E+00
        1121  0.3323575023E+00
        1122  0.3285694113E+00
        1123  0.3259345166E+00
        1124  0.3418980119E+00
        1125  0.3386889231E+00
        1126  0.3347775638E+00
        1127  0.3301395564E+00
        1128  0.3439525634E+00
        1129  0.3456795396E+00
        1130  0.3470665778E+00
        1131  0.1284361455E+00
        1132  0.1446644605E+00
        1133  0.1573083390E+00
        1134  0.1737603425E+00
        1135  0.1238506194E+00
        1136  0.1242522294E+00
        1137  0.1368810355E+00
        1138  0.5764336185E-01
        1139  0.6298494205E-01
        1140  0.8567069628E-01
        1141  0.1066439009E+00
        1142  0.1240332914E+00
        1143  0.1263760961E+00
        1144  0.3352774444E-01
        1145  0.1181040616E-01
        1146 -0.6490660784E-02
        1147 -0.2102055631E-01
        1148 -0.2849707503E-01
        1149 -0.1965140065E+00
        1150 -0.1774639084E+00
        1151 -0.2097825409E+00
        1152 -0.1833954220E+00
        1153 -0.3402570624E-01
        1154 -0.3827330768E-01
        1155 -0.4186949612E-01
        1156 -0.1483902976E+00
        1157 -0.6069109078E-01
        1158 -0.1208856069E+00
        1159 -0.1004726299E+00
        1160 -0.8022720953E-01
        1161 -0.2553381839E+00
        1162 -0.2490777263E+00
        1163 -0.2473429226E+00
        1164 -0.2457676984E+00
        1165 -0.2443347305E+00
        1166 -0.2512674443E+00
        1167 -0.3005657353E+00
        1168 -0.2594203442E+00
        1169 -0.2731869958E+00
        1170 -0.2635121020E+00
        1171 -0.2775387113E+00
        1172 -0.2911241012E+00
        1173 -0.3058486415E+00
        1174 -0.3125863777E+00
        1175 -0.3180090934E+00
        1176 -0.3223323206E+00
        1177 -0.3248104651E+00
        1178 -0.3232610169E+00
        1179 -0.3205655500E+00
        1180 -0.3188066297E+00
        1181 -0.3179794700E+00
        1182  0.2279247590E+00
        1183  0.2581260088E+00
        1184  0.3743488083E+00
        1185  0.3949898276E+00
        1186  0.3977337254E+00
        1187  0.3363620433E+00
        1188  0.3771813605E+00
        1189  0.3325355711E+00
        1190  0.1961775364E+00
        1191  0.1765289350E+00
        1192  0.3514450208E+00
        1193  0.3309210355E+00
        1194  0.3372757632E+00
        1195  0.3426894978E+00
        1196  0.3373131143E+00
        1197  0.3324908017E+00
        1198  0.3275686799E+00
        1199  0.3238557529E+00
        1200  0.3203079812E+00
        1201  0.3178878605E+00
        1202  0.3232446263E+00
        1203  0.3378360432E+00
        1204  0.3335692603E+00
        1205  0.3285359627E+00
        1206  0.3408046329E+00
        1207  0.3434224324E+00
        1208  0.1226197308E+00
        1209  0.1380397236E+00
        1210  0.1518280438E+00
        1211  0.1124861846E+00
        1212  0.1047747436E+00
        1213  0.8739644218E-01
        1214  0.3189942405E-01
        1215  0.3651191335E-01
        1216  0.3931903292E-01
        1217  0.5736063788E-01
        1218  0.7233927837E-01
        1219  0.7668913820E-01
        1220  0.7285394524E-01
        1221  0.1047552866E-01
        1222 -0.9194021090E-02
        1223 -0.2649950531E-01
        1224 -0.4182479731E-01
        1225 -0.4971456048E-01
        1226 -0.1775589308E+00
        1227 -0.5379745644E-01
        1228 -0.1232458803E+00
        1229 -0.1359725896E+00
        1230 -0.1494678353E+00
        1231 -0.5754959798E-01
        1232 -0.6169114854E-01
        1233 -0.1113964231E+00
        1234 -0.7816698022E-01
        1235 -0.9574762254E-01
        1236 -0.2021198498E+00
        1237 -0.2490104180E+00
        1238 -0.2620418822E+00
        1239 -0.2611225998E+00
        1240 -0.2602523921E+00
        1241 -0.2674602600E+00
        1242 -0.2710547847E+00
        1243 -0.2767235618E+00
        1244 -0.2743138488E+00
        1245 -0.2768588848E+00
        1246 -0.2913339342E+00
        1247 -0.3070439284E+00
        1248 -0.3203473280E+00
        1249 -0.3251993785E+00
        1250 -0.3287346925E+00
        1251 -0.3304900446E+00
        1252 -0.3318115372E+00
        1253 -0.3283776344E+00
        1254 -0.3271121401E+00
        1255 -0.3255030850E+00
        1256 -0.3248023451E+00
        1257  0.2408799325E+00
        1258  0.2680225867E+00
        1259  0.3104621590E+00
        1260  0.3676470617E+00
        1261  0.4082812690E+00
        1262  0.3523436835E+00
        1263  0.2182705759E+00
        1264  0.2095783887E+00
        1265  0.1783484633E+00
        1266  0.3429854084E+00
        1267  0.3250928209E+00
        1268  0.3055605088E+00
        1269  0.3117250655E+00
        1270  0.3178904138E+00
        1271  0.3241497640E+00
        1272  0.3200566942E+00
        1273  0.3158904547E+00
        1274  0.3127837388E+00
        1275  0.3108204154E+00
        1276  0.3086606161E+00
        1277  0.3152325179E+00
        1278  0.3216611745E+00
        1279  0.3333699166E+00
        1280  0.3280002996E+00
        1281  0.3372709845E+00
        1282  0.1180270101E+00
        1283  0.1314747318E+00
        1284  0.1027581032E+00
        1285  0.8861289808E-01
        1286  0.7173857049E-01
        1287  0.7742955877E-02
        1288  0.1210506948E-01
        1289  0.1574534597E-01
        1290  0.1866762718E-01
        1291  0.3475295069E-01
        1292  0.4445153305E-01
        1293  0.5256997557E-01
        1294  0.5805022023E-01
        1295 -0.1254663964E-01
        1296 -0.3174163361E-01
        1297 -0.4984456401E-01
        1298 -0.6649043275E-01
        1299 -0.7431189314E-01
        1300 -0.7640594142E-01
        1301 -0.1772807387E+00
        1302 -0.1523824939E+00
        1303 -0.7795341811E-01
        1304 -0.1087063517E+00
        1305 -0.1246393218E+00
        1306 -0.8201809836E-01
        1307 -0.9815845792E-01
        1308 -0.2030779209E+00
        1309 -0.2184494026E+00
        1310 -0.2536480057E+00
        1311 -0.2907287491E+00
        1312 -0.2762101952E+00
        1313 -0.2759798311E+00
        1314 -0.2837368460E+00
        1315 -0.2915278284E+00
        1316 -0.2884921233E+00
        1317 -0.2916107455E+00
        1318 -0.3084884912E+00
        1319 -0.3227745823E+00
        1320 -0.3345316258E+00
        1321 -0.3372755077E+00
        1322 -0.3382146189E+00
        1323 -0.3387032931E+00
        1324 -0.3388471203E+00
        1325 -0.3335700523E+00
        1326 -0.3305016562E+00
        1327 -0.3294314746E+00
        1328 -0.3288594562E+00
        1329  0.2017748960E+00
        1330  0.2501608730E+00
        1331  0.2735638466E+00
        1332  0.3099538080E+00
        1333  0.3343971189E+00
        1334  0.1791326137E+00
        1335  0.1522696502E+00
        1336  0.1380711440E+00
        1337  0.3392873581E+00
        1338  0.3204911538E+00
        1339  0.2997770615E+00
        1340  0.2777464257E+00
        1341  0.2848994669E+00
        1342  0.2921099202E+00
        1343  0.2991828035E+00
        1344  0.3058669271E+00
        1345  0.3024152004E+00
        1346  0.2999520318E+00
        1347  0.2985501593E+00
        1348  0.2982294089E+00
        1349  0.3060809007E+00
        1350  0.3136936945E+00
        1351  0.3211554021E+00
        1352  0.3285659196E+00
        1353  0.1115511412E+00
        1354  0.9319036502E-01
        1355  0.7498703111E-01
        1356  0.5891788261E-01
        1357 -0.1594025606E-01
        1358 -0.1133208409E-01
        1359 -0.6579395762E-02
        1360 -0.1973960127E-02
        1361  0.2218265847E-02
        1362  0.1379488625E-01
        1363  0.2272088502E-01
        1364  0.3060507781E-01
        1365  0.3989643753E-01
        1366 -0.3639523734E-01
        1367 -0.5682531506E-01
        1368 -0.7694338227E-01
        1369 -0.9620908866E-01
        1370 -0.1050442834E+00
        1371 -0.1087596635E+00
        1372 -0.1069941778E+00
        1373 -0.1786903593E+00
        1374 -0.1511738772E+00
        1375 -0.1366469963E+00
        1376 -0.1062810339E+00
        1377 -0.2049303075E+00
        1378 -0.2203237050E+00
        1379 -0.2339047547E+00
        1380 -0.2820491208E+00
        1381 -0.3089930012E+00
        1382 -0.3087501558E+00
        1383 -0.2916893069E+00
        1384 -0.2978284386E+00
        1385 -0.3038971140E+00
        1386 -0.3102212447E+00
        1387 -0.3254108302E+00
        1388 -0.3383885112E+00
        1389 -0.3482360305E+00
        1390 -0.3482628032E+00
        1391 -0.3477242893E+00
        1392 -0.3468900540E+00
        1393 -0.3458264196E+00
        1394 -0.3388127429E+00
        1395 -0.3339895300E+00
        1396 -0.3311489698E+00
        1397 -0.3301733201E+00
        1398  0.2088365306E+00
        1399  0.2512208996E+00
        1400  0.2930111613E+00
        1401  0.3544906080E+00
        1402  0.1865699277E+00
        1403  0.1633424651E+00
        1404  0.1523751192E+00
        1405  0.3180207226E+00
        1406  0.2956630503E+00
        1407  0.2724596176E+00
        1408  0.2580952913E+00
        1409  0.2668733632E+00
        1410  0.2753614435E+00
        1411  0.2834905101E+00
        1412  0.2836533375E+00
        1413  0.2820656409E+00
        1414  0.2815240883E+00
        1415  0.2820404553E+00
        1416  0.2879207594E+00
        1417  0.2976898103E+00
        1418  0.3072183102E+00
        1419  0.3165382231E+00
        1420  0.1111671004E+00
        1421  0.8844267232E-01
        1422  0.6759682635E-01
        1423  0.4728357144E-01
        1424 -0.3449667221E-01
        1425 -0.2842876008E-01
        1426 -0.2192802249E-01
        1427 -0.1548493797E-01
        1428 -0.6889554685E-02
        1429  0.4542988984E-02
        1430  0.1292204061E-01
        1431  0.2154412137E-01
        1432 -0.5661316205E-01
        1433 -0.8012466069E-01
        1434 -0.1049530647E+00
        1435 -0.1255592445E+00
        1436 -0.1380555447E+00
        1437 -0.1380652340E+00
        1438 -0.1294296991E+00
        1439 -0.2266088418E+00
        1440 -0.1655329540E+00
        1441 -0.1494122980E+00
        1442 -0.1384360280E+00
        1443 -0.2664623291E+00
        1444 -0.2316651646E+00
        1445 -0.2445649012E+00
        1446 -0.2619038597E+00
        1447 -0.3116953710E+00
        1448 -0.3716103061E+00
        1449 -0.3488713954E+00
        1450 -0.3247492359E+00
        1451 -0.3349661559E+00
        1452 -0.3393077622E+00
        1453 -0.3528253017E+00
        1454 -0.3626651594E+00
        1455 -0.3592416615E+00
        1456 -0.3572991362E+00
        1457 -0.3552580888E+00
        1458 -0.3532249517E+00
        1459 -0.3484074651E+00
        1460 -0.3407850778E+00
        1461 -0.3352270103E+00
        1462 -0.3315590723E+00
        1463  0.2166085257E+00
        1464  0.2727940560E+00
        1465  0.3003566381E+00
        1466  0.1979024413E+00
        1467  0.1739251808E+00
        1468  0.1378406822E+00
        1469  0.2919227456E+00
        1470  0.2686971768E+00
        1471  0.2504201242E+00
        1472  0.2387481579E+00
        1473  0.2491653302E+00
        1474  0.2589767445E+00
        1475  0.2602269107E+00
        1476  0.2619492410E+00
        1477  0.2622753275E+00
        1478  0.2636321206E+00
        1479  0.2708545598E+00
        1480  0.2785435758E+00
        1481  0.2902113233E+00
        1482  0.3016235981E+00
        1483  0.1013537225E+00
        1484  0.7699546225E-01
        1485  0.5388177919E-01
        1486  0.2500720791E-01
        1487 -0.5136811439E-01
        1488 -0.4267988185E-01
        1489 -0.3373625069E-01
        1490 -0.2269632726E-01
        1491 -0.1308370651E-01
        1492 -0.4474478641E-02
        1493  0.3850452315E-02
        1494 -0.7548331114E-01
        1495 -0.1027637595E+00
        1496 -0.1301671570E+00
        1497 -0.1787773131E+00
        1498 -0.1594390998E+00
        1499 -0.1822309483E+00
        1500 -0.1743866229E+00
        1501 -0.2288526728E+00
        1502 -0.1944613552E+00
        1503 -0.1705134993E+00
        1504 -0.1537382107E+00
        1505 -0.2474100495E+00
        1506 -0.2719801209E+00
        1507 -0.2546386045E+00
        1508 -0.2699427805E+00
        1509 -0.2843787685E+00
        1510 -0.3385772453E+00
        1511 -0.3639348520E+00
        1512 -0.3614442448E+00
        1513 -0.3539063828E+00
        1514 -0.3696178353E+00
        1515 -0.3801336632E+00
        1516 -0.3738052446E+00
        1517 -0.3680868266E+00
        1518 -0.3645356145E+00
        1519 -0.3613483776E+00
        1520 -0.3553234490E+00
        1521 -0.3501242093E+00
        1522 -0.3419142504E+00
        1523 -0.3355967003E+00
        1524  0.2517721894E+00
        1525  0.3038940426E+00
        1526  0.2278035787E+00
        1527  0.1670707902E+00
        1528  0.1229929767E+00
        1529  0.2700062094E+00
        1530  0.2427457591E+00
        1531  0.2288542108E+00
        1532  0.2201600709E+00
        1533  0.2320394995E+00
        1534  0.2345564690E+00
        1535  0.2374919913E+00
        1536  0.2408148455E+00
        1537  0.2430554628E+00
        1538  0.2516534673E+00
        1539  0.2606467763E+00
        1540  0.2701000193E+00
        1541  0.2836436848E+00
        1542  0.8625326801E-01
        1543  0.6000427227E-01
        1544  0.2780806861E-01
        1545  0.3029196652E-02
        1546 -0.6467570289E-01
        1547 -0.5276968340E-01
        1548 -0.3887017317E-01
        1549 -0.2704957497E-01
        1550 -0.2220308616E-01
        1551 -0.1366524115E-01
        1552 -0.9030294146E-01
        1553 -0.1183978309E+00
        1554 -0.1523430017E+00
        1555 -0.2087353800E+00
        1556 -0.2189819609E+00
        1557 -0.1948864934E+00
        1558 -0.2517320772E+00
        1559 -0.2404948251E+00
        1560 -0.2229194177E+00
        1561 -0.1963305262E+00
        1562 -0.1820589955E+00
        1563 -0.2665235811E+00
        1564 -0.2792809337E+00
        1565 -0.3181582759E+00
        1566 -0.2833744517E+00
        1567 -0.2954796838E+00
        1568 -0.3262522418E+00
        1569 -0.3644319163E+00
        1570 -0.4047041672E+00
        1571 -0.3898215910E+00
        1572 -0.4030787081E+00
        1573 -0.3910057329E+00
        1574 -0.3817185046E+00
        1575 -0.3746204597E+00
        1576 -0.3700908616E+00
        1577 -0.3628805313E+00
        1578 -0.3566749540E+00
        1579 -0.3510657398E+00
        1580 -0.3422251497E+00
        1581  0.2716521817E+00
        1582  0.1966301564E+00
        1583  0.1433906235E+00
        1584  0.1011510725E+00
        1585  0.2347368438E+00
        1586  0.2180279647E+00
        1587  0.2084453862E+00
        1588  0.2025558460E+00
        1589  0.2065771586E+00
        1590  0.2108780650E+00
        1591  0.2154572520E+00
        1592  0.2203237195E+00
        1593  0.2303537949E+00
        1594  0.2406716052E+00
        1595  0.2513863608E+00
        1596  0.2625799434E+00
        1597  0.6549986753E-01
        1598  0.3013766808E-01
        1599  0.1757504521E-02
        1600 -0.1902608217E-01
        1601 -0.7282030403E-01
        1602 -0.5563025091E-01
        1603 -0.3974127378E-01
        1604 -0.3579216532E-01
        1605 -0.3175608826E-01
        1606 -0.9707067870E-01
        1607 -0.1262191517E+00
        1608 -0.1628043312E+00
        1609 -0.2522347629E+00
        1610 -0.2435928197E+00
        1611 -0.2620689032E+00
        1612 -0.2083465815E+00
        1613 -0.2649812262E+00
        1614 -0.2391229367E+00
        1615 -0.2180929422E+00
        1616 -0.2010238999E+00
        1617 -0.2838123956E+00
        1618 -0.2928309873E+00
        1619 -0.3043655414E+00
        1620 -0.3249186169E+00
        1621 -0.3082002034E+00
        1622 -0.3353195314E+00
        1623 -0.3575676021E+00
        1624 -0.4191915667E+00
        1625 -0.4390829829E+00
        1626 -0.4110243785E+00
        1627 -0.3962785113E+00
        1628 -0.3865211038E+00
        1629 -0.3792087072E+00
        1630 -0.3709152027E+00
        1631 -0.3638054713E+00
        1632 -0.3573701259E+00
        1633 -0.3512685062E+00
        1634  0.2136358723E+00
        1635  0.1666700853E+00
        1636  0.1221729318E+00
        1637  0.8303617137E-01
        1638  0.2004351918E+00
        1639  0.1911416900E+00
        1640  0.1853212039E+00
        1641  0.1806904974E+00
        1642  0.1868842367E+00
        1643  0.1921893608E+00
        1644  0.1976610858E+00
        1645  0.2033505910E+00
        1646  0.2162388242E+00
        1647  0.2274048563E+00
        1648  0.2389183107E+00
        1649  0.2508796650E+00
        1650  0.5336342195E-01
        1651  0.3224996946E-01
        1652  0.3221793919E-03
        1653 -0.2464508936E-01
        1654 -0.4161834832E-01
        1655 -0.7232905012E-01
        1656 -0.5412990327E-01
        1657 -0.5065408971E-01
        1658 -0.4737708705E-01
        1659 -0.9443328171E-01
        1660 -0.1201098052E+00
        1661 -0.1560311562E+00
        1662 -0.2578404430E+00
        1663 -0.2533703063E+00
        1664 -0.2397025533E+00
        1665 -0.1897660895E+00
        1666 -0.2936938722E+00
        1667 -0.2778445104E+00
        1668 -0.2526360230E+00
        1669 -0.2428517691E+00
        1670 -0.2735689972E+00
        1671 -0.3068077503E+00
        1672 -0.3117322657E+00
        1673 -0.3229556376E+00
        1674 -0.3446600798E+00
        1675 -0.3563431827E+00
        1676 -0.3658629576E+00
        1677 -0.3999800625E+00
        1678 -0.4512533521E+00
        1679 -0.4321399952E+00
        1680 -0.4154280045E+00
        1681 -0.4031548429E+00
        1682 -0.3939288414E+00
        1683 -0.3853825893E+00
        1684 -0.3770328444E+00
        1685 -0.3695300903E+00
        1686 -0.3624389329E+00
        1687  0.1741405010E+00
        1688  0.1373140774E+00
        1689  0.9895608072E-01
        1690  0.6718225292E-01
        1691  0.1698743057E+00
        1692  0.1656673176E+00
        1693  0.1613541505E+00
        1694  0.1580468189E+00
        1695  0.1654769954E+00
        1696  0.1727067221E+00
        1697  0.1790927914E+00
        1698  0.1856055865E+00
        1699  0.1996497173E+00
        1700  0.2134020646E+00
        1701  0.2257090589E+00
        1702  0.2384300156E+00
        1703  0.3718697833E-01
        1704  0.1673927497E-01
        1705 -0.1145914001E-02
        1706 -0.3024793415E-01
        1707 -0.5198802087E-01
        1708 -0.6147441242E-01
        1709 -0.7036133966E-01
        1710 -0.6529421052E-01
        1711 -0.6194529036E-01
        1712 -0.8699867781E-01
        1713 -0.9845463732E-01
        1714 -0.1428625605E+00
        1715 -0.2455932124E+00
        1716 -0.2204523413E+00
        1717 -0.1762133390E+00
        1718 -0.2719385566E+00
        1719 -0.3137208781E+00
        1720 -0.3035757858E+00
        1721 -0.2669359018E+00
        1722 -0.3129444082E+00
        1723 -0.3076617162E+00
        1724 -0.2749243333E+00
        1725 -0.3295120257E+00
        1726 -0.3578066879E+00
        1727 -0.3444981527E+00
        1728 -0.3577536645E+00
        1729 -0.3707913619E+00
        1730 -0.4007939153E+00
        1731 -0.4166212239E+00
        1732 -0.4300280945E+00
        1733 -0.4246776536E+00
        1734 -0.4155786390E+00
        1735 -0.4068333358E+00
        1736 -0.3981564623E+00
        1737 -0.3905169602E+00
        1738 -0.3825429424E+00
        1739 -0.3749505636E+00
        1740  0.1424619996E+00
        1741  0.1099393793E+00
        1742  0.7871643969E-01
        1743  0.4835361102E-01
        1744  0.1424744982E+00
        1745  0.1393639747E+00
        1746  0.1368110919E+00
        1747  0.1348719055E+00
        1748  0.1434625721E+00
        1749  0.1517359751E+00
        1750  0.1598307643E+00
        1751  0.1671585605E+00
        1752  0.1823268006E+00
        1753  0.1971493630E+00
        1754  0.2117775256E+00
        1755  0.2252443848E+00
        1756  0.1863701920E-01
        1757 -0.1600275687E-02
        1758 -0.2013056511E-01
        1759 -0.3544214589E-01
        1760 -0.6226285057E-01
        1761 -0.7647846703E-01
        1762 -0.8207414750E-01
        1763 -0.7937412533E-01
        1764 -0.7721978517E-01
        1765 -0.9020491949E-01
        1766 -0.1131012061E+00
        1767 -0.1483641135E+00
        1768 -0.2295495670E+00
        1769 -0.1960547122E+00
        1770 -0.2716290572E+00
        1771 -0.2424856672E+00
        1772 -0.2306387583E+00
        1773 -0.2573241075E+00
        1774 -0.3389678087E+00
        1775 -0.3284668995E+00
        1776 -0.3568770972E+00
        1777 -0.2881281098E+00
        1778 -0.3172091704E+00
        1779 -0.3557684005E+00
        1780 -0.3701915025E+00
        1781 -0.3752408086E+00
        1782 -0.3904824567E+00
        1783 -0.3980511704E+00
        1784 -0.4545515978E+00
        1785 -0.4222198983E+00
        1786 -0.4320715415E+00
        1787 -0.4275532772E+00
        1788 -0.4159377069E+00
        1789 -0.4087257972E+00
        1790 -0.4017214312E+00
        1791 -0.3951398987E+00
        1792 -0.3877857693E+00
        1793  0.1147977067E+00
        1794  0.8649072315E-01
        1795  0.5767556779E-01
        1796  0.2868045184E-01
        1797  0.1140361673E+00
        1798  0.1129712122E+00
        1799  0.1120338754E+00
        1800  0.1114323606E+00
        1801  0.1210272306E+00
        1802  0.1302609138E+00
        1803  0.1392429908E+00
        1804  0.1480837716E+00
        1805  0.1643297515E+00
        1806  0.1801755439E+00
        1807  0.1958031595E+00
        1808  0.2113397070E+00
        1809 -0.4908162849E-03
        1810 -0.2116232729E-01
        1811 -0.4109692862E-01
        1812 -0.5860489372E-01
        1813 -0.7164519586E-01
        1814 -0.9141960843E-01
        1815 -0.1026235194E+00
        1816 -0.1041824725E+00
        1817 -0.9458759313E-01
        1818 -0.1085642180E+00
        1819 -0.1278245074E+00
        1820 -0.1661733050E+00
        1821 -0.2103451173E+00
        1822 -0.2442594515E+00
        1823 -0.2062983661E+00
        1824 -0.2122399533E+00
        1825 -0.2174433667E+00
        1826 -0.2353414922E+00
        1827 -0.2503303757E+00
        1828 -0.2836113356E+00
        1829 -0.3823937980E+00
        1830 -0.3597563728E+00
        1831 -0.3473741024E+00
        1832 -0.3702108414E+00
        1833 -0.3126634041E+00
        1834 -0.4065294922E+00
        1835 -0.3991602958E+00
        1836 -0.4261653991E+00
        1837 -0.4153317755E+00
        1838 -0.4323575104E+00
        1839 -0.4214589874E+00
        1840 -0.4258921891E+00
        1841 -0.4295505782E+00
        1842 -0.4162876987E+00
        1843 -0.4107200903E+00
        1844 -0.4051352238E+00
        1845 -0.3996783861E+00
        1846  0.6788000557E-01
        1847  0.4104418944E-01
        1848  0.1355151154E-01
        1849 -0.1457074713E-01
        1850  0.6930105275E-01
        1851  0.7054245423E-01
        1852  0.7175389888E-01
        1853  0.9157371471E-01
        1854  0.1019602030E+00
        1855  0.1119576757E+00
        1856  0.1217021403E+00
        1857  0.1474320243E+00
        1858  0.1640807704E+00
        1859  0.1804702788E+00
        1860  0.1967512993E+00
        1861 -0.3047327141E-01
        1862 -0.5220879897E-01
        1863 -0.7361545951E-01
        1864 -0.9269203689E-01
        1865 -0.1107769253E+00
        1866 -0.1338607884E+00
        1867 -0.1332947404E+00
        1868 -0.1448241751E+00
        1869 -0.1470553498E+00
        1870 -0.1236085337E+00
        1871 -0.1148819941E+00
        1872 -0.1265148049E+00
        1873 -0.1459707352E+00
        1874 -0.2123036803E+00
        1875 -0.1890341343E+00
        1876 -0.1906995687E+00
        1877 -0.1968207210E+00
        1878 -0.2426250125E+00
        1879 -0.2657465725E+00
        1880 -0.2564542144E+00
        1881 -0.2739790226E+00
        1882 -0.3166606797E+00
        1883 -0.4012192557E+00
        1884 -0.3841850394E+00
        1885 -0.3758449633E+00
        1886 -0.3469393554E+00
        1887 -0.4132306936E+00
        1888 -0.4243320762E+00
        1889 -0.4458097512E+00
        1890 -0.4306370492E+00
        1891 -0.4299860384E+00
        1892 -0.4278782180E+00
        1893 -0.4215712485E+00
        1894 -0.4250058536E+00
        1895 -0.4176903088E+00
        1896 -0.4135510633E+00
        1897 -0.4093431436E+00
        1898  0.2591331669E-01
        1899 -0.1121614951E-03
        1900 -0.2683350843E-01
        1901 -0.4277741235E-01
        1902  0.2898253809E-01
        1903  0.3183038038E-01
        1904  0.5270465400E-01
        1905  0.7268031105E-01
        1906  0.8364195493E-01
        1907  0.9424405339E-01
        1908  0.1214791319E+00
        1909  0.1473955609E+00
        1910  0.1645136536E+00
        1911  0.1815004510E+00
        1912 -0.5991761255E-01
        1913 -0.8364187893E-01
        1914 -0.1080711364E+00
        1915 -0.1447887547E+00
        1916 -0.1574874165E+00
        1917 -0.1787045126E+00
        1918 -0.1769168957E+00
        1919 -0.1857203816E+00
        1920 -0.1946112863E+00
        1921 -0.1711462230E+00
        1922 -0.1392764040E+00
        1923 -0.1309147250E+00
        1924 -0.1262908884E+00
        1925 -0.1402916468E+00
        1926 -0.1666257447E+00
        1927 -0.1781787376E+00
        1928 -0.1861067593E+00
        1929 -0.2179993126E+00
        1930 -0.2628061758E+00
        1931 -0.2719558038E+00
        1932 -0.2452741354E+00
        1933 -0.2790336849E+00
        1934 -0.2956281563E+00
        1935 -0.3310502322E+00
        1936 -0.4132715869E+00
        1937 -0.4107803663E+00
        1938 -0.3515441587E+00
        1939 -0.4310975721E+00
        1940 -0.4336103585E+00
        1941 -0.4360012464E+00
        1942 -0.4314176827E+00
        1943 -0.4290713633E+00
        1944 -0.4269699871E+00
        1945 -0.4246818529E+00
        1946 -0.4221299785E+00
        1947 -0.4193511722E+00
        1948 -0.4164510228E+00
        1949 -0.1215616086E-01
        1950 -0.3734741108E-01
        1951 -0.5279125913E-01
        1952 -0.6973037153E-01
        1953 -0.7825337854E-02
        1954  0.1373778035E-01
        1955  0.3453685414E-01
        1956  0.5458936985E-01
        1957  0.6597298765E-01
        1958  0.9450324745E-01
        1959  0.1217556931E+00
        1960  0.1479755800E+00
        1961  0.1656285283E+00
        1962 -0.8835451005E-01
        1963 -0.1147979221E+00
        1964 -0.1432104400E+00
        1965 -0.1955005971E+00
        1966 -0.2388150620E+00
        1967 -0.2338769792E+00
        1968 -0.2152448780E+00
        1969 -0.2212390900E+00
        1970 -0.2566555662E+00
        1971 -0.2271535033E+00
        1972 -0.1930658405E+00
        1973 -0.1708083276E+00
        1974 -0.1533571626E+00
        1975 -0.1466736352E+00
        1976 -0.1440467603E+00
        1977 -0.1598782796E+00
        1978 -0.1732533208E+00
        1979 -0.2037050861E+00
        1980 -0.2308007740E+00
        1981 -0.2887907713E+00
        1982 -0.3108590129E+00
        1983 -0.2737498459E+00
        1984 -0.2615455691E+00
        1985 -0.3021109635E+00
        1986 -0.3268375786E+00
        1987 -0.3499936741E+00
        1988 -0.4205681006E+00
        1989 -0.3803244310E+00
        1990 -0.4574972047E+00
        1991 -0.4382913220E+00
        1992 -0.4331651129E+00
        1993 -0.4299599548E+00
        1994 -0.4279115992E+00
        1995 -0.4262482856E+00
        1996 -0.4246215879E+00
        1997 -0.4229157792E+00
        1998 -0.4211334757E+00
        1999 -0.4671837246E-01
        2000 -0.6124425997E-01
        2001 -0.7720980989E-01
        2002 -0.9493193810E-01
        2003 -0.2477962026E-01
        2004 -0.3513111639E-02
        2005  0.1713177805E-01
        2006  0.3718691786E-01
        2007  0.6674427866E-01
        2008  0.9512587248E-01
        2009  0.1225338801E+00
        2010  0.1491841524E+00
        2011 -0.1149150472E+00
        2012 -0.1630976968E+00
        2013 -0.2081687395E+00
        2014 -0.2435460934E+00
        2015 -0.2694944297E+00
        2016 -0.2655102756E+00
        2017 -0.2666700929E+00
        2018 -0.2776913838E+00
        2019 -0.2918230341E+00
        2020 -0.2760439574E+00
        2021 -0.2249357945E+00
        2022 -0.2131316989E+00
        2023 -0.1978282944E+00
        2024 -0.1755749477E+00
        2025 -0.1685707762E+00
        2026 -0.1661315192E+00
        2027 -0.1605235418E+00
        2028 -0.1888427380E+00
        2029 -0.2177439009E+00
        2030 -0.2465905023E+00
        2031 -0.3117576966E+00
        2032 -0.3189065233E+00
        2033 -0.2927674407E+00
        2034 -0.2859117279E+00
        2035 -0.2784755085E+00
        2036 -0.3321215637E+00
        2037 -0.3477939556E+00
        2038 -0.3820453449E+00
        2039 -0.3983746999E+00
        2040 -0.4259782976E+00
        2041 -0.4288795710E+00
        2042 -0.4284070675E+00
        2043 -0.4273452463E+00
        2044 -0.4263667891E+00
        2045 -0.4254899244E+00
        2046 -0.4246404763E+00
        2047 -0.4237781085E+00
        2048 -0.5289950522E-01
        2049 -0.7271890698E-01
        2050 -0.8788363498E-01
        2051 -0.1046169664E+00
        2052 -0.1233489411E+00
        2053 -0.3176346085E-01
        2054 -0.1109729803E-01
        2055  0.9111263300E-02
        2056  0.2844791438E-01
        2057  0.5796820601E-01
        2058  0.8665097153E-01
        2059  0.1146891756E+00
        2060 -0.1526035832E+00
        2061 -0.1942565281E+00
        2062 -0.2296914501E+00
        2063 -0.2584445978E+00
        2064 -0.2840324936E+00
        2065 -0.2774226824E+00
        2066 -0.2744042179E+00
        2067 -0.2928943789E+00
        2068 -0.2519432271E+00
        2069 -0.2276828651E+00
        2070 -0.2324271805E+00
        2071 -0.2519634071E+00
        2072 -0.2088822190E+00
        2073 -0.2006665996E+00
        2074 -0.1933370067E+00
        2075 -0.2557436312E+00
        2076 -0.2805735979E+00
        2077 -0.3266921216E+00
        2078 -0.3558686026E+00
        2079 -0.3178900798E+00
        2080 -0.3069154727E+00
        2081 -0.3060071429E+00
        2082 -0.3625265762E+00
        2083 -0.3848460149E+00
        2084 -0.4182301896E+00
        2085 -0.4118407356E+00
        2086 -0.4191462961E+00
        2087 -0.4228389314E+00
        2088 -0.4242382021E+00
        2089 -0.4246470655E+00
        2090 -0.4247203741E+00
        2091 -0.4247040936E+00
        2092 -0.4246722850E+00
        2093 -0.1567636594E+00
        2094 -0.5900917400E-01
        2095 -0.7798810064E-01
        2096 -0.9778938728E-01
        2097 -0.1133252955E+00
        2098 -0.1304966859E+00
        2099 -0.3857445416E-01
        2100 -0.1845009372E-01
        2101  0.9471408722E-03
        2102  0.2006134075E-01
        2103  0.4956876435E-01
        2104  0.7858915704E-01
        2105 -0.1831843061E+00
        2106 -0.2180354443E+00
        2107 -0.2479331874E+00
        2108 -0.2745629217E+00
        2109 -0.2997476755E+00
        2110 -0.2898974749E+00
        2111 -0.2673659816E+00
        2112 -0.2645619959E+00
        2113 -0.2612515591E+00
        2114 -0.2802157230E+00
        2115 -0.2402923285E+00
        2116 -0.2331837673E+00
        2117 -0.2270291035E+00
        2118 -0.2684715533E+00
        2119 -0.3024060134E+00
        2120 -0.3296174869E+00
        2121 -0.3437586931E+00
        2122 -0.3321917603E+00
        2123 -0.3275458682E+00
        2124 -0.3824163371E+00
        2125 -0.3952034158E+00
        2126 -0.4080735934E+00
        2127 -0.4116118353E+00
        2128 -0.4159250416E+00
        2129 -0.4190926027E+00
        2130 -0.4210599048E+00
        2131 -0.4222844504E+00
        2132 -0.4231635032E+00
        2133 -0.4239337905E+00
        2134 -0.1850093506E+00
        2135 -0.1612305738E+00
        2136 -0.6514495547E-01
        2137 -0.8333427990E-01
        2138 -0.1021492573E+00
        2139 -0.1216869383E+00
        2140 -0.1373108757E+00
        2141 -0.4534086639E-01
        2142 -0.2611859839E-01
        2143 -0.7051924990E-02
        2144  0.1188087107E-01
        2145  0.4142185903E-01
        2146 -0.2081904203E+00
        2147 -0.2383746080E+00
        2148 -0.2647743134E+00
        2149 -0.2905387999E+00
        2150 -0.3185043082E+00
        2151 -0.3197548407E+00
        2152 -0.3079235897E+00
        2153 -0.2923808504E+00
        2154 -0.2705494211E+00
        2155 -0.2685543812E+00
        2156 -0.2650303678E+00
        2157 -0.3015610727E+00
        2158 -0.3276479058E+00
        2159 -0.3725630680E+00
        2160 -0.3640353244E+00
        2161 -0.3669921105E+00
        2162 -0.4075094565E+00
        2163 -0.4033968052E+00
        2164 -0.4072476841E+00
        2165 -0.4106083393E+00
        2166 -0.4138489492E+00
        2167 -0.4165460383E+00
        2168 -0.4186241920E+00
        2169 -0.4202673640E+00
        2170 -0.4217154336E+00
        2171 -0.2093561650E+00
        2172 -0.1880720380E+00
        2173 -0.1662843606E+00
        2174 -0.7139421011E-01
        2175 -0.8886502032E-01
        2176 -0.1067759337E+00
        2177 -0.1252172669E+00
        2178 -0.1442064875E+00
        2179 -0.5259167129E-01
        2180 -0.3379954258E-01
        2181 -0.1501905497E-01
        2182  0.3768733407E-02
        2183 -0.2299347158E+00
        2184 -0.2553837787E+00
        2185 -0.2810146149E+00
        2186 -0.3075327367E+00
        2187 -0.3269366304E+00
        2188 -0.3211656873E+00
        2189 -0.2918462573E+00
        2190 -0.2954266378E+00
        2191 -0.2993135535E+00
        2192 -0.3283676200E+00
        2193 -0.3503148576E+00
        2194 -0.3847109361E+00
        2195 -0.3807522229E+00
        2196 -0.3989932827E+00
        2197 -0.4097249080E+00
        2198 -0.4069124513E+00
        2199 -0.4036266397E+00
        2200 -0.4123162386E+00
        2201 -0.4146184972E+00
        2202 -0.4166234889E+00
        2203 -0.4184454160E+00
        2204 -0.2222559532E+00
        2205 -0.2386688318E+00
        2206 -0.2026009302E+00
        2207 -0.1823874924E+00
        2208 -0.1617793433E+00
        2209 -0.8881979970E-01
        2210 -0.1056730671E+00
        2211 -0.1228711403E+00
        2212 -0.1404812773E+00
        2213 -0.7049952711E-01
        2214 -0.5210446194E-01
        2215 -0.3361817280E-01
        2216 -0.2631718910E+00
        2217 -0.2701946758E+00
        2218 -0.2879050702E+00
        2219 -0.3139619698E+00
        2220 -0.3431605275E+00
        2221 -0.3722719232E+00
        2222 -0.3380187920E+00
        2223 -0.3254982417E+00
        2224 -0.3335728230E+00
        2225 -0.3518407413E+00
        2226 -0.3833759992E+00
        2227 -0.4314533569E+00
        2228 -0.4060745898E+00
        2229 -0.4040845768E+00
        2230 -0.4052052481E+00
        2231 -0.4090625984E+00
        2232 -0.4070505708E+00
        2233 -0.4110725664E+00
        2234 -0.4129881591E+00
        2235 -0.4148058240E+00
        2236 -0.2161702296E+00
        2237 -0.2317808102E+00
        2238 -0.2768898720E+00
        2239 -0.2471358394E+00
        2240 -0.1974234182E+00
        2241 -0.1782119160E+00
        2242 -0.1582041503E+00
        2243 -0.1058391572E+00
        2244 -0.1219839448E+00
        2245 -0.1383794382E+00
        2246 -0.8810221816E-01
        2247 -0.7019715457E-01
        2248 -0.3047422665E+00
        2249 -0.2997349545E+00
        2250 -0.2943061057E+00
        2251 -0.3192469229E+00
        2252 -0.3458847069E+00
        2253 -0.3604562421E+00
        2254 -0.3604155450E+00
        2255 -0.3627037172E+00
        2256 -0.3579500614E+00
        2257 -0.3867262796E+00
        2258 -0.3989588052E+00
        2259 -0.4122620410E+00
        2260 -0.4079973705E+00
        2261 -0.4060649936E+00
        2262 -0.4060595824E+00
        2263 -0.4070219319E+00
        2264 -0.4084023585E+00
        2265 -0.4099232756E+00
        2266 -0.4114557281E+00
        2267 -0.2966783874E+00
        2268 -0.2115418507E+00
        2269 -0.2263202463E+00
        2270 -0.2408911464E+00
        2271 -0.2832114004E+00
        2272 -0.2552310634E+00
        2273 -0.1936787872E+00
        2274 -0.1750071145E+00
        2275 -0.1563935033E+00
        2276 -0.1225105860E+00
        2277 -0.1378468202E+00
        2278 -0.1054295979E+00
        2279 -0.3096593163E+00
        2280 -0.3182193266E+00
        2281 -0.3276907653E+00
        2282 -0.3238997001E+00
        2283 -0.3485764522E+00
        2284 -0.3621831817E+00
        2285 -0.3745609937E+00
        2286 -0.3984677327E+00
        2287 -0.4160589638E+00
        2288 -0.4378339759E+00
        2289 -0.4148902350E+00
        2290 -0.4106303834E+00
        2291 -0.4075865036E+00
        2292 -0.4061187804E+00
        2293 -0.4059462679E+00
        2294 -0.4065752124E+00
        2295 -0.4076015839E+00
        2296 -0.4087624298E+00
        2297 -0.3020459883E+00
        2298 -0.2895349601E+00
        2299 -0.2764979679E+00
        2300 -0.2082797097E+00
        2301 -0.2222467426E+00
        2302 -0.2360260779E+00
        2303 -0.2495866371E+00
        2304 -0.2628642563E+00
        2305 -0.1909669822E+00
        2306 -0.1736169252E+00
        2307 -0.1562558243E+00
        2308 -0.1388977222E+00
        2309 -0.3140790070E+00
        2310 -0.3221744285E+00
        2311 -0.3312890816E+00
        2312 -0.3413390784E+00
        2313 -0.3521247259E+00
        2314 -0.3666216241E+00
        2315 -0.3829358383E+00
        2316 -0.4059931412E+00
        2317 -0.4354534628E+00
        2318 -0.4225033139E+00
        2319 -0.4121291127E+00
        2320 -0.4077814203E+00
        2321 -0.4055993063E+00
        2322 -0.4048773506E+00
        2323 -0.4050314953E+00
        2324 -0.4057310543E+00
        2325 -0.4066663213E+00
        2326 -0.3063031827E+00
        2327 -0.2949321840E+00
        2328 -0.2830252890E+00
        2329 -0.2705864354E+00
        2330 -0.2178623641E+00
        2331 -0.2306986557E+00
        2332 -0.2433537553E+00
        2333 -0.2558164210E+00
        2334 -0.2019403473E+00
        2335 -0.1859331402E+00
        2336 -0.1698401518E+00
        2337 -0.3174616600E+00
        2338 -0.3270983148E+00
        2339 -0.3356388165E+00
        2340 -0.3453536211E+00
        2341 -0.3562965314E+00
        2342 -0.3699456123E+00
        2343 -0.3840658233E+00
        2344 -0.3964054793E+00
        2345 -0.4111363174E+00
        2346 -0.4094558070E+00
        2347 -0.4059328246E+00
        2348 -0.4040263060E+00
        2349 -0.4024763462E+00
        2350 -0.4027598871E+00
        2351 -0.4035713592E+00
        2352 -0.4046512067E+00
        2353 -0.3106888566E+00
        2354 -0.2999023889E+00
        2355 -0.2891297827E+00
        2356 -0.2778192705E+00
        2357 -0.2643771324E+00
        2358 -0.2275122740E+00
        2359 -0.2392430496E+00
        2360 -0.2507881703E+00
        2361 -0.2129712662E+00
        2362 -0.1983093719E+00
        2363 -0.3203310881E+00
        2364 -0.3286773171E+00
        2365 -0.3383146256E+00
        2366 -0.3472261946E+00
        2367 -0.3575774495E+00
        2368 -0.3682349289E+00
        2369 -0.3772969728E+00
        2370 -0.3887107752E+00
        2371 -0.3983454527E+00
        2372 -0.4003495364E+00
        2373 -0.4003572440E+00
        2374 -0.3990188391E+00
        2375 -0.3985804899E+00
        2376 -0.4001144685E+00
        2377 -0.4018428744E+00
        2378 -0.3145931804E+00
        2379 -0.3052654482E+00
        2380 -0.2948229938E+00
        2381 -0.2846270346E+00
        2382 -0.2725377827E+00
        2383 -0.2602902068E+00
        2384 -0.2372620332E+00
        2385 -0.2478847035E+00
        2386 -0.2240909624E+00
        2387 -0.3227849018E+00
        2388 -0.3298080555E+00
        2389 -0.3379982530E+00
        2390 -0.3474250342E+00
        2391 -0.3563956119E+00
        2392 -0.3642042830E+00
        2393 -0.3736722554E+00
        2394 -0.3826895379E+00
        2395 -0.3902964730E+00
        2396 -0.3938075684E+00
        2397 -0.3934999643E+00
        2398 -0.3937011114E+00
        2399 -0.3944351214E+00
        2400 -0.3972747950E+00
        2401 -0.3249101684E+00
        2402 -0.3180944726E+00
        2403 -0.3101756730E+00
        2404 -0.3011525191E+00
        2405 -0.2910141093E+00
        2406 -0.2803047299E+00
        2407 -0.2693990548E+00
        2408 -0.2583351847E+00
        2409 -0.2471550314E+00
        2410 -0.3306673541E+00
        2411 -0.3374809104E+00
        2412 -0.3453509613E+00
        2413 -0.3542796227E+00
        2414 -0.3623908528E+00
        2415 -0.3704454034E+00
        2416 -0.3780319170E+00
        2417 -0.3846213621E+00
        2418 -0.3859491562E+00
        2419 -0.3871533632E+00
        2420 -0.3885537755E+00
        2421 -0.3903600457E+00
        2422 -0.3282517728E+00
        2423 -0.3198429651E+00
        2424 -0.3129447846E+00
        2425 -0.3049724853E+00
        2426 -0.2959229219E+00
        2427 -0.2865107340E+00
        2428 -0.2769229994E+00
        2429 -0.2671708089E+00
        2430 -0.3334848381E+00
        2431 -0.3397071807E+00
        2432 -0.3468784191E+00
        2433 -0.3538407126E+00
        2434 -0.3606466151E+00
        2435 -0.3673686130E+00
        2436 -0.3737809621E+00
        2437 -0.3762345282E+00
        2438 -0.3784813617E+00
        2439 -0.3807713859E+00
        2440 -0.3308525187E+00
        2441 -0.3237202313E+00
        2442 -0.3157645610E+00
        2443 -0.3088236316E+00
        2444 -0.3008192831E+00
        2445 -0.2927143325E+00
        2446 -0.2844357375E+00
        2447 -0.3355901982E+00
        2448 -0.3412617735E+00
        2449 -0.3470065535E+00
        2450 -0.3529042095E+00
        2451 -0.3587651573E+00
        2452 -0.3646496050E+00
        2453 -0.3674125152E+00
        2454 -0.3699761341E+00
        2455 -0.3327471670E+00
        2456 -0.3268358574E+00
        2457 -0.3201453297E+00
        2458 -0.3127052057E+00
        2459 -0.3057383644E+00
        2460 -0.2989163593E+00
        2461 -0.3370225000E+00
        2462 -0.3415807191E+00
        2463 -0.3464037432E+00
        2464 -0.3514487679E+00
        2465 -0.3566298798E+00
        2466 -0.3591622773E+00
        2467 -0.3339660220E+00
        2468 -0.3292144191E+00
        2469 -0.3237453904E+00
        2470 -0.3175524197E+00
        2471 -0.3107301494E+00
        2472 -0.3373098247E+00
        2473 -0.3410034902E+00
        2474 -0.3450124404E+00
        2475 -0.3493039207E+00
        2476 -0.3324673887E+00
        2477 -0.3288231179E+00
        2478 -0.3244892804E+00
        2479 -0.3194644756E+00
        2480 -0.3350654090E+00
        2481 -0.3380283236E+00
        2482 -0.3413473222E+00
        2483 -0.3313992838E+00
        2484 -0.3288683100E+00
        2485 -0.3256740996E+00
        2486 -0.3332252885E+00
        2487 -0.3354354182E+00
        2488 -0.3307379303E+00
        2489 -0.3293401131E+00
        2490 -0.3317850036E+00
        2491 -0.3304574788E+00
  time 1.0e30 
