           1        1212
  time 0.0 
        1212
           1  0.8608844630E+00
           2  0.4127339020E+00
           3  0.5174618783E+00
           4  0.4941454131E+00
           5  0.1165713440E+01
           6  0.1242777376E+01
           7  0.1150785605E+01
           8  0.1199555205E+01
           9  0.3103557878E+01
          10  0.1633319362E+01
          11  0.1440552799E+01
          12  0.1986128690E+01
          13  0.1954478794E+00
          14  0.2793160389E-01
          15  0.4457045498E-01
          16  0.4626395948E-01
          17  0.2410562163E+00
          18  0.8675990173E+00
          19  0.4077591820E+00
          20  0.3322390847E+00
          21  0.4430093427E+00
          22  0.6005337217E+00
          23  0.6374123773E+00
          24  0.5586587000E+00
          25  0.8690249110E+00
          26  0.7425034374E+00
          27  0.7076592085E+00
          28  0.7731509159E+00
          29  0.2277955241E+01
          30  0.1724443310E+01
          31  0.1405225151E+01
          32  0.1634441087E+01
          33  0.1873804564E+01
          34  0.1097787114E+01
          35  0.2462304500E+01
          36  0.1453778962E+01
          37  0.3208668892E-01
          38  0.9295009020E-01
          39  0.9896411516E-01
          40  0.5906000152E-01
          41  0.1286483508E+01
          42  0.1194127455E+01
          43  0.1262424229E+01
          44  0.1237277488E+01
          45  0.5253279988E+00
          46  0.6381538085E+00
          47  0.6405324505E+00
          48  0.6130627543E+00
          49  0.8735186162E+00
          50  0.1394962260E+01
          51  0.6348877141E+00
          52  0.8260965938E+00
          53  0.1696128779E+01
          54  0.2070067383E+01
          55  0.1908570286E+01
          56  0.1550957517E+01
          57  0.1195643672E+01
          58  0.1205187427E+01
          59  0.1236782302E+01
          60  0.1214259184E+01
          61  0.1701634061E+01
          62  0.1395431220E+01
          63  0.9165696910E+00
          64  0.1132883428E+01
          65  0.3445647193E+00
          66  0.1166720619E+00
          67  0.5843311930E-01
          68  0.7853462689E-01
          69  0.2053193475E+00
          70  0.2458915592E+00
          71  0.2782495008E+00
          72  0.2488591121E+00
          73  0.4228550036E+00
          74  0.1395211043E+01
          75  0.1075328679E+00
          76  0.4253047557E+00
          77  0.1011025286E+01
          78  0.1441138983E+01
          79  0.1441731114E+01
          80  0.1370009755E+01
          81  0.1400437883E+01
          82  0.7904135283E+00
          83  0.9499361538E+00
          84  0.9276428151E+00
          85  0.3338176358E+00
          86  0.9638200684E-01
          87  0.5859179423E-01
          88  0.8204955071E-01
          89  0.2224312768E+01
          90  0.1548192882E+01
          91  0.2363069176E+01
          92  0.1766256142E+01
          93  0.3245097403E+00
          94  0.2954452741E+00
          95  0.2473842620E+00
          96  0.2988923871E+00
          97  0.1425905970E+00
          98  0.7403498534E-01
          99  0.8814955337E-01
         100  0.7864746865E-01
         101  0.6770281671E+00
         102  0.6782207259E+00
         103  0.8161210898E+00
         104  0.7407700288E+00
         105  0.3307967084E+00
         106  0.2903301662E+00
         107  0.3652849047E+00
         108  0.3156772876E+00
         109  0.1773683312E+01
         110  0.2066305474E+01
         111  0.1246083433E+01
         112  0.1886675945E+01
         113  0.9547899498E+00
         114  0.1111990427E+00
         115  0.6007524022E+00
         116  0.4100931835E+00
         117  0.9156810698E+00
         118  0.1149896049E+01
         119  0.9201319145E+00
         120  0.9677353358E+00
         121  0.5697477843E+00
         122  0.4190854477E+00
         123  0.4638762750E+00
         124  0.4972691426E+00
         125  0.6467981244E+00
         126  0.2886839951E+00
         127  0.3423592379E+00
         128  0.3989735605E+00
         129  0.2292489988E+01
         130  0.1562701057E+01
         131  0.2401996633E+01
         132  0.1783759785E+01
         133  0.8850223941E+00
         134  0.7667572575E+00
         135  0.9402359857E+00
         136  0.8367446411E+00
         137  0.1378574143E+01
         138  0.1521053441E+01
         139  0.1372583138E+01
         140  0.1444503729E+01
         141  0.3921713858E+00
         142  0.4374213434E+00
         143  0.5568853164E+00
         144  0.4515884290E+00
         145  0.2429016995E+00
         146  0.9087285579E-01
         147  0.1801121085E+00
         148  0.1599950713E+00
         149  0.6867120497E+00
         150  0.5341431680E+00
         151  0.1171403388E+01
         152  0.6709795197E+00
         153  0.4945342149E+00
         154  0.6062145227E+00
         155  0.6120459653E+00
         156  0.5506962229E+00
         157  0.6035986366E-01
         158  0.5466417663E-01
         159  0.7272951890E-01
         160  0.6568151308E-01
         161  0.2273502893E+00
         162  0.5963128704E-01
         163  0.9486694202E-01
         164  0.7194630139E-01
         165  0.1148856563E+01
         166  0.5490875984E+00
         167  0.1262059533E+00
         168  0.4388600392E+00
         169  0.9920228260E+00
         170  0.1141068956E+01
         171  0.2402284125E+01
         172  0.1064296362E+01
         173  0.9811298050E+00
         174  0.1148164731E+01
         175  0.8052345218E+00
         176  0.9317803445E+00
         177  0.1232830463E+01
         178  0.1521869983E+01
         179  0.1041700246E+01
         180  0.1969806540E+01
         181  0.1211881180E+01
         182  0.1259418172E+01
         183  0.1283109110E+01
         184  0.1252188922E+01
         185  0.1210784532E+01
         186  0.6226537903E+00
         187  0.7185245047E+00
         188  0.7395280997E+00
         189  0.5069928069E+00
         190  0.4368087287E+00
         191  0.6009004562E+00
         192  0.5197712544E+00
         193  0.4017338780E+00
         194  0.3802549010E+00
         195  0.4392547113E+00
         196  0.4176618344E+00
         197  0.8512825690E+00
         198  0.8617127090E+00
         199  0.7559536580E+00
         200  0.8218620530E+00
         201  0.4494921903E+00
         202  0.3516836382E+00
         203  0.3823032884E+00
         204  0.3813128901E+00
         205  0.7217225953E+00
         206  0.8208362210E+00
         207  0.7195001284E+00
         208  0.7466740106E+00
         209  0.2529014023E+00
         210  0.3222237343E+00
         211  0.3833712327E+00
         212  0.3341139414E+00
         213  0.1855318450E+00
         214  0.2434123092E+00
         215  0.9162095512E-01
         216  0.1550652154E+00
         217  0.4289164946E+00
         218  0.6000991089E+00
         219  0.4790130617E+00
         220  0.4873589628E+00
         221  0.5366838752E+00
         222  0.6483568671E+00
         223  0.6373556285E+00
         224  0.5889402736E+00
         225  0.1053462587E+01
         226  0.1093085761E+01
         227  0.1048564836E+01
         228  0.1063965497E+01
         229  0.7738806696E+00
         230  0.8704605068E+00
         231  0.8864576902E+00
         232  0.8234117802E+00
         233  0.1395569407E+01
         234  0.1387943783E+01
         235  0.1330835871E+01
         236  0.1382773043E+01
         237  0.1077017548E+01
         238  0.8573934663E+00
         239  0.1446541397E+01
         240  0.1212467674E+01
         241  0.1421791021E+01
         242  0.1922956818E+01
         243  0.1231508500E+01
         244  0.1367612868E+01
         245  0.3558343284E+00
         246  0.2757752143E+00
         247  0.4060501051E+00
         248  0.3287758941E+00
         249  0.1537393069E+01
         250  0.1512516743E+01
         251  0.9440930688E+00
         252  0.9233540763E+00
         253  0.1138252624E+01
         254  0.1324552480E+01
         255  0.1065945035E+01
         256  0.1149727147E+01
         257  0.7760961294E+00
         258  0.9076419361E+00
         259  0.8607131157E+00
         260  0.8483251885E+00
         261  0.9303677702E+00
         262  0.9172605905E+00
         263  0.1032966299E+01
         264  0.9559476881E+00
         265  0.9920031761E+00
         266  0.1035062454E+01
         267  0.1018436107E+01
         268  0.1006738043E+01
         269  0.1554273342E+01
         270  0.2613086772E+01
         271  0.1597655711E+01
         272  0.1740771715E+01
         273  0.7905331710E+00
         274  0.9640682730E+00
         275  0.1076392707E+01
         276  0.1010068500E+01
         277  0.1073126619E+01
         278  0.1050697739E+01
         279  0.9698912401E+00
         280  0.1024812834E+01
         281  0.1289795715E+01
         282  0.1317573920E+01
         283  0.1184623010E+01
         284  0.1240441041E+01
         285  0.8578390433E+00
         286  0.9118578188E+00
         287  0.7856880113E+00
         288  0.8529704242E+00
         289  0.1144643475E+01
         290  0.1273576803E+01
         291  0.1153534406E+01
         292  0.1202607191E+01
         293  0.1345175558E+01
         294  0.1360398622E+01
         295  0.1338498128E+01
         296  0.1350006963E+01
         297  0.1012090567E+01
         298  0.1049851580E+01
         299  0.9379627065E+00
         300  0.1002503139E+01
         301  0.2104524919E+00
         302  0.1663581645E+00
         303  0.8200386156E-01
         304  0.1380382573E+00
         305  0.9509726501E+00
         306  0.9857549488E+00
         307  0.9127292831E+00
         308  0.9544771438E+00
         309  0.1110523308E+01
         310  0.1108177635E+01
         311  0.1060513821E+01
         312  0.1090044899E+01
         313  0.1011383838E+01
         314  0.1061116678E+01
         315  0.1043167533E+01
         316  0.1041838577E+01
         317  0.1069211707E+01
         318  0.1084957150E+01
         319  0.1056644283E+01
         320  0.1075268860E+01
         321  0.1575386031E+00
         322  0.2929235853E+00
         323  0.2349052886E+00
         324  0.2184784957E+00
         325  0.2739982430E+00
         326  0.1278587390E+00
         327  0.1983228185E+00
         328  0.1463529909E+00
         329  0.8069661507E+00
         330  0.1011546446E+01
         331  0.2288293862E+00
         332  0.4218813083E+00
         333  0.1340826977E+01
         334  0.1016456263E+01
         335  0.7671950685E+00
         336  0.9618063965E+00
         337  0.8769056945E+00
         338  0.9071079529E+00
         339  0.7508268653E+00
         340  0.8290897403E+00
         341  0.4260125239E+00
         342  0.5529148842E+00
         343  0.3830134755E+00
         344  0.4669109884E+00
         345  0.9531449620E+00
         346  0.1102059716E+01
         347  0.1411995188E+01
         348  0.1008080867E+01
         349  0.7871794574E+00
         350  0.9034013323E+00
         351  0.8806921601E+00
         352  0.8627634144E+00
         353  0.2298105255E+00
         354  0.3469589645E+00
         355  0.2995223230E+00
         356  0.3047698120E+00
         357  0.5313809303E+00
         358  0.4202831941E+00
         359  0.3751086657E+00
         360  0.4552852113E+00
         361  0.1122496554E+00
         362  0.4796337996E-01
         363  0.5206719030E-01
         364  0.5697017178E-01
         365  0.7554248452E+00
         366  0.1567675632E+00
         367  0.1242713404E+00
         368  0.2030967964E+00
         369  0.1713717328E+01
         370  0.1730936745E+01
         371  0.1209976599E+01
         372  0.2140091602E+01
         373  0.2310250339E+01
         374  0.1372834688E+01
         375  0.2378897780E+01
         376  0.1708749942E+01
         377  0.1148526614E+01
         378  0.1495872068E+01
         379  0.1517922368E+01
         380  0.1111252371E+01
         381  0.1101879002E+01
         382  0.9872450040E+00
         383  0.9505877348E+00
         384  0.1015669764E+01
         385  0.1078764745E+01
         386  0.9774197174E+00
         387  0.7990852700E+00
         388  0.1000092234E+01
         389  0.1439358605E+01
         390  0.1608257582E+01
         391  0.1616630246E+01
         392  0.1538787274E+01
         393  0.1151830094E+01
         394  0.1220775247E+01
         395  0.1117427265E+01
         396  0.1152924645E+01
         397  0.1150167285E+01
         398  0.9916864786E+00
         399  0.1138409891E+01
         400  0.1083844644E+01
         401  0.1107157279E+01
         402  0.1026058350E+01
         403  0.1137478636E+01
         404  0.1097632925E+01
         405  0.1186485138E+01
         406  0.1276368985E+01
         407  0.1249862370E+01
         408  0.1244241156E+01
         409  0.1071970787E+01
         410  0.9561398323E+00
         411  0.9885168776E+00
         412  0.9895785775E+00
         413  0.9687812607E+00
         414  0.1070417719E+01
         415  0.1046735934E+01
         416  0.1036581501E+01
         417  0.1743199974E+01
         418  0.1912318190E+01
         419  0.1076065100E+01
         420  0.1078177541E+01
         421  0.9384308015E+00
         422  0.1011436525E+01
         423  0.1339684933E+01
         424  0.1037638364E+01
         425  0.1740631571E+01
         426  0.1262692225E+01
         427  0.1235342779E+01
         428  0.1433475373E+01
         429  0.1173502568E+01
         430  0.1222055772E+01
         431  0.1282478869E+01
         432  0.1210192514E+01
         433  0.7018365781E+00
         434  0.7091544110E+00
         435  0.8244045695E+00
         436  0.7556586791E+00
         437  0.9805095546E+00
         438  0.1033638211E+01
         439  0.2168154613E+01
         440  0.9290061791E+00
         441  0.1804448762E+01
         442  0.2340675627E+01
         443  0.1323578348E+01
         444  0.1632515050E+01
         445  0.8988056722E+00
         446  0.9744418274E+00
         447  0.9480137175E+00
         448  0.9517636229E+00
         449  0.1999837085E+01
         450  0.2178895635E+01
         451  0.2471548955E+01
         452  0.1261845768E+01
         453  0.1560784003E+01
         454  0.1489514307E+01
         455  0.2057612488E+01
         456  0.2329851835E+01
         457  0.1860832087E+01
         458  0.1067331621E+01
         459  0.1181822506E+01
         460  0.1133800531E+01
         461  0.2363663301E+01
         462  0.1164111904E+01
         463  0.1129577860E+01
         464  0.1039609291E+01
         465  0.1075685132E+01
         466  0.1183570117E+01
         467  0.1143274915E+01
         468  0.1133137593E+01
         469  0.2061617376E-01
         470  0.6760641729E-01
         471  0.5969916692E-01
         472  0.3589600417E-01
         473  0.4075071268E+00
         474  0.3962273783E-01
         475  0.8697767886E-01
         476  0.8984796123E-01
         477  0.1351359404E+01
         478  0.2027933017E+01
         479  0.1788805576E+01
         480  0.2144062276E+01
         481  0.3637077118E+00
         482  0.2477463108E+00
         483  0.3160453973E+00
         484  0.2944827700E+00
         485  0.1825514980E+01
         486  0.1147192368E+01
         487  0.2163737736E+01
         488  0.2160741700E+01
         489  0.1568579981E+01
         490  0.1769694923E+01
         491  0.1278891256E+01
         492  0.2291993283E+01
         493  0.1835267516E+01
         494  0.2342098102E+01
         495  0.1401859509E+01
         496  0.1709490978E+01
         497  0.2396500217E+01
         498  0.1467454120E+01
         499  0.2380784962E+01
         500  0.1733654179E+01
         501  0.1174280677E+01
         502  0.1449681141E+01
         503  0.1285032502E+01
         504  0.1269985879E+01
         505  0.1768217926E+01
         506  0.1985016760E+01
         507  0.1020491865E+01
         508  0.1454524882E+01
         509  0.1036820902E+01
         510  0.1224490453E+01
         511  0.1910866451E+01
         512  0.1068572394E+01
         513  0.1950723313E+01
         514  0.2046746154E+01
         515  0.9521157355E+00
         516  0.1872970889E+01
         517  0.1452405758E+01
         518  0.1466977672E+01
         519  0.1228453422E+01
         520  0.1385172236E+01
         521  0.2067799217E+01
         522  0.1486856125E+01
         523  0.1033545577E+01
         524  0.1906558422E+01
         525  0.1590535144E+01
         526  0.1444463166E+01
         527  0.1495166274E+01
         528  0.1905778272E+01
         529  0.2135352494E+01
         530  0.9220364595E+00
         531  0.1000176694E+01
         532  0.9177413751E+00
         533  0.8993152443E+00
         534  0.2071971481E+01
         535  0.8705256320E+00
         536  0.8631664730E+00
         537  0.9542927485E+00
         538  0.1720125604E+01
         539  0.1331619422E+01
         540  0.1237359656E+01
         541  0.2423447541E+01
         542  0.1452481674E+01
         543  0.2315005393E+01
         544  0.1761206577E+01
         545  0.1590092811E+01
         546  0.2556836377E+01
         547  0.1569829766E+01
         548  0.1640081275E+01
         549  0.1254636564E+01
         550  0.1709895930E+01
         551  0.2609926033E+01
         552  0.1690695398E+01
         553  0.2864746051E+00
         554  0.2293822358E+00
         555  0.3164994451E+00
         556  0.2843453981E+00
         557  0.1002370539E+00
         558  0.2610473181E+00
         559  0.1967984415E+00
         560  0.1749849510E+00
         561  0.2002114310E+01
         562  0.1974324785E+01
         563  0.3299725904E+01
         564  0.1984467120E+01
         565  0.1043095214E+01
         566  0.1282511635E+01
         567  0.1481837298E+01
         568  0.1500477238E+01
         569  0.1876673859E+01
         570  0.1019262103E+01
         571  0.1726059108E+01
         572  0.1442495137E+01
         573  0.1068930161E+01
         574  0.8713212555E+00
         575  0.1179099577E+01
         576  0.1055381882E+01
         577  0.2712431636E+01
         578  0.1867516503E+01
         579  0.1812448405E+01
         580  0.2257069438E+01
         581  0.9575833275E+00
         582  0.1592983547E+01
         583  0.2102304246E+01
         584  0.1250156427E+01
         585  0.7919706437E+00
         586  0.9532379688E+00
         587  0.8162461852E+00
         588  0.7827208887E+00
         589  0.1663758977E+01
         590  0.1666855172E+01
         591  0.1731433921E+01
         592  0.1732155089E+01
         593  0.8720790560E+00
         594  0.2768194812E+01
         595  0.1370800610E+01
         596  0.1362724413E+01
         597  0.1491150386E+01
         598  0.2321673623E+01
         599  0.1530119882E+01
         600  0.1622537407E+01
         601  0.1337958216E+01
         602  0.1422382073E+01
         603  0.1325528091E+01
         604  0.1392320148E+01
         605  0.1089299770E+01
         606  0.1200882269E+01
         607  0.1287482997E+01
         608  0.1214256309E+01
         609  0.1722150192E+01
         610  0.2578933579E+01
         611  0.1143548549E+01
         612  0.1835372143E+01
         613  0.2122270991E+01
         614  0.1779007432E+01
         615  0.9949292505E+00
         616  0.1316106580E+01
         617  0.1379497251E+01
         618  0.1287458067E+01
         619  0.1028839771E+01
         620  0.1221663984E+01
         621  0.1381012787E+01
         622  0.3450795983E+01
         623  0.1795003032E+01
         624  0.2054463184E+01
         625  0.2768939874E+01
         626  0.8835082843E+00
         627  0.1394879971E+01
         628  0.1366507483E+01
         629  0.8964718050E+00
         630  0.7917145375E+00
         631  0.8281052938E+00
         632  0.7797864627E+00
         633  0.1153590237E+01
         634  0.1295441586E+01
         635  0.1321457059E+01
         636  0.1229516162E+01
         637  0.2487857490E+01
         638  0.1469738200E+01
         639  0.1554895568E+01
         640  0.1660060130E+01
         641  0.1222849282E+01
         642  0.1084701268E+01
         643  0.1332509264E+01
         644  0.1241071050E+01
         645  0.1043022196E+01
         646  0.1003105044E+01
         647  0.7805507713E+00
         648  0.9134448131E+00
         649  0.5494667706E+00
         650  0.4717611123E+00
         651  0.6323481835E+00
         652  0.5683327118E+00
         653  0.1041169615E+01
         654  0.1015696444E+01
         655  0.1151952285E+01
         656  0.1072681414E+01
         657  0.1081027267E+01
         658  0.1130594179E+01
         659  0.1116157159E+01
         660  0.1099613097E+01
         661  0.1101914402E+01
         662  0.1071607917E+01
         663  0.1064636750E+01
         664  0.1085312066E+01
         665  0.1300398144E+01
         666  0.1097591969E+01
         667  0.1039883501E+01
         668  0.1040236404E+01
         669  0.1046914924E+01
         670  0.1578807670E+01
         671  0.1242858086E+01
         672  0.1147971963E+01
         673  0.1050382982E+01
         674  0.1113547250E+01
         675  0.1062528389E+01
         676  0.1077594786E+01
         677  0.1450065587E+01
         678  0.2411120805E+01
         679  0.1573889082E+01
         680  0.1630352722E+01
         681  0.6848758824E+00
         682  0.6157557682E+00
         683  0.7505144858E+00
         684  0.7024951773E+00
         685  0.1840205110E+01
         686  0.1832838540E+01
         687  0.1232934301E+01
         688  0.2094078106E+01
         689  0.8908113272E+00
         690  0.9623301056E+00
         691  0.9840347442E+00
         692  0.9445291965E+00
         693  0.1439199289E+00
         694  0.3428669444E+00
         695  0.3404536519E+00
         696  0.2401778383E+00
         697  0.1690246345E+01
         698  0.1042226716E+01
         699  0.1329402558E+01
         700  0.9095238322E+00
         701  0.8712512128E+00
         702  0.9677528905E+00
         703  0.8862774564E+00
         704  0.9040868820E+00
         705  0.9247833427E+00
         706  0.9468274437E+00
         707  0.8717516865E+00
         708  0.9030637596E+00
         709  0.9603237658E+00
         710  0.1206027487E+01
         711  0.9814847786E+00
         712  0.9728672594E+00
         713  0.2378417313E+01
         714  0.1493617535E+01
         715  0.2257418597E+01
         716  0.1746833207E+01
         717  0.1063182127E+01
         718  0.8363121445E+00
         719  0.2049048482E+01
         720  0.9549609774E+00
         721  0.1852120092E+01
         722  0.1182389421E+01
         723  0.1104626811E+01
         724  0.1137344206E+01
         725  0.7582492607E+00
         726  0.8179135119E+00
         727  0.8411742906E+00
         728  0.7844641977E+00
         729  0.8797080513E+00
         730  0.8201711129E+00
         731  0.7769418514E+00
         732  0.8327168498E+00
         733  0.8761228556E+00
         734  0.7504646925E+00
         735  0.7412965392E+00
         736  0.8079344473E+00
         737  0.1896418765E+01
         738  0.1032447328E+01
         739  0.1186888668E+01
         740  0.9887126514E+00
         741  0.1453311798E+01
         742  0.3018464335E+01
         743  0.1123830441E+01
         744  0.1875164306E+01
         745  0.1066138452E+01
         746  0.2051511716E+01
         747  0.1067670427E+01
         748  0.1038560337E+01
         749  0.1126819648E+01
         750  0.1933958573E+01
         751  0.1138659611E+01
         752  0.9956722078E+00
         753  0.1231189346E+00
         754  0.5449145752E+00
         755  0.1547913309E+00
         756  0.1958489848E+00
         757  0.2259841880E+00
         758  0.1025166516E+01
         759  0.9411336221E+00
         760  0.4149517641E+00
         761  0.1798129495E+01
         762  0.1910325202E+01
         763  0.1842253647E+01
         764  0.1814960450E+01
         765  0.1893436695E+01
         766  0.1848619991E+01
         767  0.1692474684E+01
         768  0.2412193894E+01
         769  0.1340506380E+01
         770  0.1805358262E+01
         771  0.1598867398E+01
         772  0.1453145477E+01
         773  0.2181107650E+01
         774  0.2117064603E+01
         775  0.2279875419E+01
         776  0.1511578896E+01
         777  0.2094648783E+01
         778  0.1499337665E+01
         779  0.1082336895E+01
         780  0.1343069659E+01
         781  0.1762076642E+01
         782  0.1275278738E+01
         783  0.2306577326E+01
         784  0.1587255204E+01
         785  0.1309966552E+01
         786  0.1591073566E+01
         787  0.1680062748E+01
         788  0.1457019767E+01
         789  0.2145128067E+01
         790  0.1463371738E+01
         791  0.1202725782E+01
         792  0.1997281660E+01
         793  0.2136619505E+01
         794  0.1091765085E+01
         795  0.1076920445E+01
         796  0.9734587094E+00
         797  0.1419860408E+01
         798  0.2300906943E+01
         799  0.1269169097E+01
         800  0.1392769247E+01
         801  0.1692447049E+01
         802  0.1296958715E+01
         803  0.2324550950E+01
         804  0.1470421986E+01
         805  0.6558295241E+00
         806  0.7649437638E+00
         807  0.5814514604E+00
         808  0.6831616919E+00
         809  0.1483637164E+01
         810  0.1549683576E+01
         811  0.1660914983E+01
         812  0.1597755937E+01
         813  0.2633280937E+01
         814  0.2795572497E+01
         815  0.1727371955E+01
         816  0.2135795084E+01
         817  0.1981366036E+01
         818  0.1702367402E+01
         819  0.1934893869E+01
         820  0.2058570591E+01
         821  0.1062907668E+01
         822  0.1013091420E+01
         823  0.1047376333E+01
         824  0.1044516763E+01
         825  0.1018257182E+01
         826  0.1040131525E+01
         827  0.9935963295E+00
         828  0.1007197022E+01
         829  0.2447947942E+01
         830  0.1401498116E+01
         831  0.2164144946E+01
         832  0.1819526226E+01
         833  0.2354063619E+01
         834  0.1336631279E+01
         835  0.2404038183E+01
         836  0.1835061017E+01
         837  0.1074379389E+01
         838  0.1112694249E+01
         839  0.8283034222E+00
         840  0.9743070514E+00
         841  0.1105461983E+01
         842  0.2486844047E+01
         843  0.1140143073E+01
         844  0.1056877699E+01
         845  0.2094217541E+01
         846  0.1034140174E+01
         847  0.9620588808E+00
         848  0.9253337364E+00
         849  0.1486103532E+00
         850  0.4909586265E+00
         851  0.5299899432E+00
         852  0.3019226318E+00
         853  0.1384722327E+01
         854  0.1798673537E+01
         855  0.1636782129E+01
         856  0.2000378136E+01
         857  0.2286590709E+01
         858  0.1552942460E+01
         859  0.2400911001E+01
         860  0.1784722026E+01
         861  0.1295426724E+01
         862  0.1535126071E+01
         863  0.1347892252E+01
         864  0.1423904502E+01
         865  0.1786120349E+01
         866  0.1940197424E+01
         867  0.2873184886E+01
         868  0.2017975271E+01
         869  0.1736501158E+01
         870  0.1005571856E+01
         871  0.7947459462E+00
         872  0.8873963834E+00
         873  0.2009483252E+01
         874  0.3177952665E+01
         875  0.1939124984E+01
         876  0.2154635434E+01
         877  0.1210426020E+01
         878  0.9106474617E+00
         879  0.8482598999E+00
         880  0.1017129719E+01
         881  0.1923693873E+01
         882  0.2997480345E+01
         883  0.1827583969E+01
         884  0.2090202398E+01
         885  0.7996898230E+00
         886  0.8970901678E+00
         887  0.8176631488E+00
         888  0.8258983633E+00
         889  0.1330402094E+01
         890  0.1830764201E+01
         891  0.1874164634E+01
         892  0.1568686745E+01
         893  0.1343071926E+01
         894  0.1550865934E+01
         895  0.1448466674E+01
         896  0.1530791846E+01
         897  0.9912321419E+00
         898  0.1451508643E+01
         899  0.1439295509E+01
         900  0.1305090318E+01
         901  0.1146830186E+01
         902  0.7711455987E+00
         903  0.7570275553E+00
         904  0.7579293571E+00
         905  0.1243454253E+01
         906  0.1010739806E+01
         907  0.1306070324E+01
         908  0.1221980964E+01
         909  0.1625812977E+01
         910  0.2007391323E+01
         911  0.2565586557E+01
         912  0.1984582669E+01
         913  0.1703198039E+01
         914  0.1141628963E+01
         915  0.1995880951E+01
         916  0.1546105802E+01
         917  0.2459500199E+01
         918  0.1941391251E+01
         919  0.2955266870E+01
         920  0.2090270238E+01
         921  0.1084305237E+01
         922  0.1275751649E+01
         923  0.1482933142E+01
         924  0.1242457279E+01
         925  0.1334425280E+01
         926  0.1088639984E+01
         927  0.1439849431E+01
         928  0.1212268173E+01
         929  0.1133900088E+01
         930  0.7547176446E+00
         931  0.9632349772E+00
         932  0.8910781430E+00
         933  0.1275520298E+01
         934  0.1212594500E+01
         935  0.1065806203E+01
         936  0.1221545006E+01
         937  0.8289882101E+00
         938  0.1368234810E+01
         939  0.2181940387E+01
         940  0.1224716319E+01
         941  0.1690115611E+01
         942  0.8180380394E+00
         943  0.8463099038E+00
         944  0.8591818069E+00
         945  0.7436977235E+00
         946  0.7477259381E+00
         947  0.8160314287E+00
         948  0.7389014972E+00
         949  0.1248052850E+01
         950  0.7691085678E+00
         951  0.6436420715E+00
         952  0.7737047153E+00
         953  0.7785754174E+00
         954  0.6394023956E+00
         955  0.7242317046E+00
         956  0.6948483029E+00
         957  0.1629713151E+01
         958  0.1374920934E+01
         959  0.1848440884E+01
         960  0.1823972091E+01
         961  0.2933129694E+00
         962  0.1722594713E+00
         963  0.9704115397E-01
         964  0.1272620231E+00
         965  0.1091791882E+01
         966  0.2089138897E+01
         967  0.1031001354E+01
         968  0.1028112970E+01
         969  0.1117420422E+01
         970  0.1849581860E+01
         971  0.1219047342E+01
         972  0.1157060206E+01
         973  0.1812232957E+01
         974  0.2359753748E+01
         975  0.1375516023E+01
         976  0.1664438854E+01
         977  0.1730570409E+01
         978  0.1476999551E+01
         979  0.1830388881E+01
         980  0.2304890514E+01
         981  0.2447659418E+01
         982  0.1602239492E+01
         983  0.2434702639E+01
         984  0.1888736793E+01
         985  0.1963888742E+01
         986  0.1957628391E+01
         987  0.1242380996E+01
         988  0.2226426570E+01
         989  0.1892467280E+00
         990  0.1286472079E+00
         991  0.7481570976E-01
         992  0.1124575687E+00
         993  0.4294034260E+00
         994  0.5719522062E+00
         995  0.4217565507E+00
         996  0.4918777084E+00
         997  0.6917337952E+00
         998  0.5736830485E+00
         999  0.6507263385E+00
        1000  0.6594500813E+00
        1001  0.3537364220E+00
        1002  0.2988728200E+00
        1003  0.4707563406E+00
        1004  0.3839272711E+00
        1005  0.6253355705E+00
        1006  0.4551700962E+00
        1007  0.5521284875E+00
        1008  0.5416208400E+00
        1009  0.4202765421E+00
        1010  0.5058462711E+00
        1011  0.3988741460E+00
        1012  0.4264830877E+00
        1013  0.1150531993E+00
        1014  0.3132664604E+00
        1015  0.2872365794E+00
        1016  0.2441047106E+00
        1017  0.1157736991E+00
        1018  0.2738453619E+00
        1019  0.3075770878E+00
        1020  0.2439013738E+00
        1021  0.2739450875E+00
        1022  0.1221012174E+00
        1023  0.2145265542E+00
        1024  0.1902218392E+00
        1025  0.5507437561E+00
        1026  0.3769468536E+00
        1027  0.9737872988E+00
        1028  0.5600822945E+00
        1029  0.2399229732E+00
        1030  0.6118118722E-01
        1031  0.1091523826E+00
        1032  0.9837176547E-01
        1033  0.1226675408E+01
        1034  0.6150548392E+00
        1035  0.1907662795E+00
        1036  0.3079814467E+00
        1037  0.1632067891E+01
        1038  0.1592055365E+01
        1039  0.1424099403E+01
        1040  0.1524653088E+01
        1041  0.1086790183E+01
        1042  0.1167091207E+01
        1043  0.1402273795E+01
        1044  0.1245195575E+01
        1045  0.1213651684E+01
        1046  0.1201579274E+01
        1047  0.1139181556E+01
        1048  0.1193988768E+01
        1049  0.1333770385E+01
        1050  0.1330345807E+01
        1051  0.1284990839E+01
        1052  0.1310826742E+01
        1053  0.1764448255E+01
        1054  0.1736909400E+01
        1055  0.1683841445E+01
        1056  0.1804922529E+01
        1057  0.1101979416E+01
        1058  0.1089935064E+01
        1059  0.1516983471E+01
        1060  0.1213865946E+01
        1061  0.8344635218E+00
        1062  0.1389947539E+01
        1063  0.1418587831E+01
        1064  0.8073650114E+00
        1065  0.1004514672E+01
        1066  0.1056395893E+01
        1067  0.9317622592E+00
        1068  0.1014464872E+01
        1069  0.1501594246E+01
        1070  0.1377097448E+01
        1071  0.8258385275E+00
        1072  0.9457977021E+00
        1073  0.1148026151E+01
        1074  0.1124483225E+01
        1075  0.1073844319E+01
        1076  0.1096648889E+01
        1077  0.9152120577E+00
        1078  0.9526322785E+00
        1079  0.9033713065E+00
        1080  0.9275963151E+00
        1081  0.3625785007E+00
        1082  0.1954684966E+00
        1083  0.2584071328E+00
        1084  0.2828665593E+00
        1085  0.7697271007E+00
        1086  0.7360768910E+00
        1087  0.8339335245E+00
        1088  0.7530774464E+00
        1089  0.1177185610E+01
        1090  0.1185057119E+01
        1091  0.1267203556E+01
        1092  0.1209862522E+01
        1093  0.1100669416E+01
        1094  0.1185198993E+01
        1095  0.1157110070E+01
        1096  0.1152454524E+01
        1097  0.1435850981E+01
        1098  0.1228474002E+01
        1099  0.1318667659E+01
        1100  0.1336866540E+01
        1101  0.1085219071E+01
        1102  0.1005322814E+01
        1103  0.9438082254E+00
        1104  0.9891305491E+00
        1105  0.8007874973E+00
        1106  0.8612490786E+00
        1107  0.9130807866E+00
        1108  0.8765699558E+00
        1109  0.9514245734E+00
        1110  0.8719507655E+00
        1111  0.7812657408E+00
        1112  0.8653825311E+00
        1113  0.8575515995E+00
        1114  0.9148268339E+00
        1115  0.1006704913E+01
        1116  0.9123397613E+00
        1117  0.5739428141E+00
        1118  0.4150107569E+00
        1119  0.5045390180E+00
        1120  0.5060578404E+00
        1121  0.3723840197E+00
        1122  0.4642314301E-01
        1123  0.7706581269E-01
        1124  0.3573060463E-01
        1125  0.9767173288E+00
        1126  0.1082705677E+01
        1127  0.1741177815E+00
        1128  0.3955230112E+00
        1129  0.1143338038E+00
        1130  0.7663625404E-01
        1131  0.1105414687E+00
        1132  0.9981954557E-01
        1133  0.3636375405E+00
        1134  0.1319045966E+00
        1135  0.1412040523E+00
        1136  0.1761521883E+00
        1137  0.9200620900E+00
        1138  0.8429942610E+00
        1139  0.1315040710E+01
        1140  0.9112783829E+00
        1141  0.5052733198E+00
        1142  0.6577849282E+00
        1143  0.6793063579E+00
        1144  0.5841363761E+00
        1145  0.3848930358E+00
        1146  0.4001097013E+00
        1147  0.4459261305E+00
        1148  0.4219772806E+00
        1149  0.3647242105E+00
        1150  0.4705324896E+00
        1151  0.4134606153E+00
        1152  0.4001479528E+00
        1153  0.6266162864E+00
        1154  0.4659818433E+00
        1155  0.5288354136E+00
        1156  0.5503095321E+00
        1157  0.4338183797E+00
        1158  0.3399162404E+00
        1159  0.4423696028E+00
        1160  0.3894602714E+00
        1161  0.7446656472E+00
        1162  0.7797269125E+00
        1163  0.7019298212E+00
        1164  0.7374120759E+00
        1165  0.5980481059E+00
        1166  0.5180195960E+00
        1167  0.4219638369E+00
        1168  0.5066247445E+00
        1169  0.4605415402E+00
        1170  0.3618024093E+00
        1171  0.3583037600E+00
        1172  0.3834191950E+00
        1173  0.5492986662E+00
        1174  0.5357599821E+00
        1175  0.1093017391E+01
        1176  0.6385660397E+00
        1177  0.5898764664E+00
        1178  0.7143280594E+00
        1179  0.6578405558E+00
        1180  0.6355505204E+00
        1181  0.2759004575E+00
        1182  0.2937806198E+00
        1183  0.2066676563E+00
        1184  0.2639501130E+00
        1185  0.2827169272E+00
        1186  0.4680032165E+00
        1187  0.9388756181E+00
        1188  0.4598721960E+00
        1189  0.3381109245E+00
        1190  0.3803881929E+00
        1191  0.3259570706E+00
        1192  0.3574028562E+00
        1193  0.4096601823E+00
        1194  0.5768307117E+00
        1195  0.4755665964E+00
        1196  0.4882833956E+00
        1197  0.2781958244E+00
        1198  0.2278179558E+00
        1199  0.3630628761E+00
        1200  0.3034683115E+00
        1201  0.3364801981E+00
        1202  0.4023697999E+00
        1203  0.2538792229E+00
        1204  0.3104396793E+00
        1205  0.2264705477E+00
        1206  0.9273022974E-01
        1207  0.1737906791E+00
        1208  0.1571837432E+00
        1209  0.2353689360E+00
        1210  0.1656878468E+00
        1211  0.8303668093E-01
        1212  0.1404737147E+00
  time 1.0e30 
