           1        1212
  time 0.0 
        1212
           1  0.1000000000E-11
           2  0.1000000000E-11
           3  0.1000000000E-11
           4  0.1000000000E-11
           5  0.1000000000E-11
           6  0.1000000000E-11
           7  0.1000000000E-11
           8  0.1000000000E-11
           9  0.1000000000E-11
          10  0.5172789870E-01
          11  0.1095856046E+00
          12  0.1296659750E-01
          13  0.1000000000E-11
          14  0.1000000000E-11
          15  0.1000000000E-11
          16  0.1000000000E-11
          17  0.1000000000E-11
          18  0.1000000000E-11
          19  0.1000000000E-11
          20  0.1000000000E-11
          21  0.1000000000E-11
          22  0.1000000000E-11
          23  0.1000000000E-11
          24  0.1000000000E-11
          25  0.1000000000E-11
          26  0.1000000000E-11
          27  0.1000000000E-11
          28  0.1000000000E-11
          29  0.1000000000E-11
          30  0.1000000000E-11
          31  0.1000000000E-11
          32  0.1000000000E-11
          33  0.2261501481E-01
          34  0.5706341158E+00
          35  0.4418821819E-02
          36  0.1015819285E+00
          37  0.1000000000E-11
          38  0.1000000000E-11
          39  0.1000000000E-11
          40  0.1000000000E-11
          41  0.1000000000E-11
          42  0.1000000000E-11
          43  0.1000000000E-11
          44  0.1000000000E-11
          45  0.1000000000E-11
          46  0.1000000000E-11
          47  0.1000000000E-11
          48  0.1000000000E-11
          49  0.1000000000E-11
          50  0.1000000000E-11
          51  0.1000000000E-11
          52  0.1000000000E-11
          53  0.4086396683E-01
          54  0.1256302672E-01
          55  0.1995055300E-01
          56  0.7049421188E-01
          57  0.1000000000E-11
          58  0.1000000000E-11
          59  0.1000000000E-11
          60  0.1000000000E-11
          61  0.4101945554E-01
          62  0.1349924956E+00
          63  0.1679840439E+01
          64  0.4693074187E+00
          65  0.1000000000E-11
          66  0.1000000000E-11
          67  0.1000000000E-11
          68  0.1000000000E-11
          69  0.1000000000E-11
          70  0.1000000000E-11
          71  0.1000000000E-11
          72  0.1000000000E-11
          73  0.1000000000E-11
          74  0.1000000000E-11
          75  0.1000000000E-11
          76  0.1000000000E-11
          77  0.1000000000E-11
          78  0.1000000000E-11
          79  0.1000000000E-11
          80  0.1000000000E-11
          81  0.1000000000E-11
          82  0.1000000000E-11
          83  0.1000000000E-11
          84  0.1000000000E-11
          85  0.1000000000E-11
          86  0.1000000000E-11
          87  0.1000000000E-11
          88  0.1000000000E-11
          89  0.7689081535E-02
          90  0.7187147615E-01
          91  0.5610010438E-02
          92  0.3135725401E-01
          93  0.1000000000E-11
          94  0.1000000000E-11
          95  0.1000000000E-11
          96  0.1000000000E-11
          97  0.1000000000E-11
          98  0.1000000000E-11
          99  0.1000000000E-11
         100  0.1000000000E-11
         101  0.1000000000E-11
         102  0.1000000000E-11
         103  0.1000000000E-11
         104  0.1000000000E-11
         105  0.1000000000E-11
         106  0.1000000000E-11
         107  0.1000000000E-11
         108  0.1000000000E-11
         109  0.2943504929E-01
         110  0.1245951760E-01
         111  0.2646425539E+00
         112  0.1000000000E-11
         113  0.1000000000E-11
         114  0.1000000000E-11
         115  0.1000000000E-11
         116  0.1000000000E-11
         117  0.1000000000E-11
         118  0.1000000000E-11
         119  0.1000000000E-11
         120  0.1000000000E-11
         121  0.1000000000E-11
         122  0.1000000000E-11
         123  0.1000000000E-11
         124  0.1000000000E-11
         125  0.1000000000E-11
         126  0.1000000000E-11
         127  0.1000000000E-11
         128  0.1000000000E-11
         129  0.6648215390E-02
         130  0.6805409621E-01
         131  0.5098656229E-02
         132  0.2933241265E-01
         133  0.1000000000E-11
         134  0.1000000000E-11
         135  0.1000000000E-11
         136  0.1000000000E-11
         137  0.1000000000E-11
         138  0.1000000000E-11
         139  0.1000000000E-11
         140  0.1000000000E-11
         141  0.1000000000E-11
         142  0.1000000000E-11
         143  0.1000000000E-11
         144  0.1000000000E-11
         145  0.1000000000E-11
         146  0.1000000000E-11
         147  0.1000000000E-11
         148  0.1000000000E-11
         149  0.1000000000E-11
         150  0.1000000000E-11
         151  0.1000000000E-11
         152  0.1000000000E-11
         153  0.1000000000E-11
         154  0.1000000000E-11
         155  0.1000000000E-11
         156  0.1000000000E-11
         157  0.1000000000E-11
         158  0.1000000000E-11
         159  0.1000000000E-11
         160  0.1000000000E-11
         161  0.1000000000E-11
         162  0.1000000000E-11
         163  0.1000000000E-11
         164  0.1000000000E-11
         165  0.1000000000E-11
         166  0.1000000000E-11
         167  0.1000000000E-11
         168  0.1000000000E-11
         169  0.1038176419E+01
         170  0.4499715305E+00
         171  0.1000000000E-11
         172  0.6877658478E+00
         173  0.1000000000E-11
         174  0.1000000000E-11
         175  0.3665291126E+01
         176  0.1000000000E-11
         177  0.2811904322E+00
         178  0.7247590515E-01
         179  0.7436382888E+00
         180  0.1000000000E-11
         181  0.1000000000E-11
         182  0.1000000000E-11
         183  0.1000000000E-11
         184  0.1000000000E-11
         185  0.1000000000E-11
         186  0.1000000000E-11
         187  0.1000000000E-11
         188  0.1000000000E-11
         189  0.1000000000E-11
         190  0.1000000000E-11
         191  0.1000000000E-11
         192  0.1000000000E-11
         193  0.1000000000E-11
         194  0.1000000000E-11
         195  0.1000000000E-11
         196  0.1000000000E-11
         197  0.1000000000E-11
         198  0.1000000000E-11
         199  0.1000000000E-11
         200  0.1000000000E-11
         201  0.1000000000E-11
         202  0.1000000000E-11
         203  0.1000000000E-11
         204  0.1000000000E-11
         205  0.1000000000E-11
         206  0.1000000000E-11
         207  0.1000000000E-11
         208  0.1000000000E-11
         209  0.1000000000E-11
         210  0.1000000000E-11
         211  0.1000000000E-11
         212  0.1000000000E-11
         213  0.1000000000E-11
         214  0.1000000000E-11
         215  0.1000000000E-11
         216  0.1000000000E-11
         217  0.1000000000E-11
         218  0.1000000000E-11
         219  0.1000000000E-11
         220  0.1000000000E-11
         221  0.1000000000E-11
         222  0.1000000000E-11
         223  0.1000000000E-11
         224  0.1000000000E-11
         225  0.1000000000E-11
         226  0.1000000000E-11
         227  0.1000000000E-11
         228  0.1000000000E-11
         229  0.1000000000E-11
         230  0.1000000000E-11
         231  0.1000000000E-11
         232  0.1000000000E-11
         233  0.1000000000E-11
         234  0.1000000000E-11
         235  0.1000000000E-11
         236  0.1000000000E-11
         237  0.1000000000E-11
         238  0.1000000000E-11
         239  0.1000000000E-11
         240  0.1000000000E-11
         241  0.1000000000E-11
         242  0.1000000000E-11
         243  0.1000000000E-11
         244  0.1000000000E-11
         245  0.1000000000E-11
         246  0.1000000000E-11
         247  0.1000000000E-11
         248  0.1000000000E-11
         249  0.1000000000E-11
         250  0.1000000000E-11
         251  0.1000000000E-11
         252  0.1000000000E-11
         253  0.1000000000E-11
         254  0.1000000000E-11
         255  0.1000000000E-11
         256  0.1000000000E-11
         257  0.1000000000E-11
         258  0.1000000000E-11
         259  0.1000000000E-11
         260  0.1000000000E-11
         261  0.1000000000E-11
         262  0.1000000000E-11
         263  0.1000000000E-11
         264  0.1000000000E-11
         265  0.1000000000E-11
         266  0.1000000000E-11
         267  0.1000000000E-11
         268  0.1000000000E-11
         269  0.1000000000E-11
         270  0.1000000000E-11
         271  0.1000000000E-11
         272  0.1000000000E-11
         273  0.1000000000E-11
         274  0.1000000000E-11
         275  0.1000000000E-11
         276  0.1000000000E-11
         277  0.1000000000E-11
         278  0.1000000000E-11
         279  0.1000000000E-11
         280  0.1000000000E-11
         281  0.1000000000E-11
         282  0.1000000000E-11
         283  0.1000000000E-11
         284  0.1000000000E-11
         285  0.1000000000E-11
         286  0.1000000000E-11
         287  0.1000000000E-11
         288  0.1000000000E-11
         289  0.1000000000E-11
         290  0.1000000000E-11
         291  0.1000000000E-11
         292  0.1000000000E-11
         293  0.1000000000E-11
         294  0.1000000000E-11
         295  0.1000000000E-11
         296  0.1000000000E-11
         297  0.1000000000E-11
         298  0.1000000000E-11
         299  0.1000000000E-11
         300  0.1000000000E-11
         301  0.1000000000E-11
         302  0.1000000000E-11
         303  0.1000000000E-11
         304  0.1000000000E-11
         305  0.1000000000E-11
         306  0.1000000000E-11
         307  0.1000000000E-11
         308  0.1000000000E-11
         309  0.1000000000E-11
         310  0.1000000000E-11
         311  0.1000000000E-11
         312  0.1000000000E-11
         313  0.1000000000E-11
         314  0.1000000000E-11
         315  0.1000000000E-11
         316  0.1000000000E-11
         317  0.1000000000E-11
         318  0.1000000000E-11
         319  0.1000000000E-11
         320  0.1000000000E-11
         321  0.1000000000E-11
         322  0.1000000000E-11
         323  0.1000000000E-11
         324  0.1000000000E-11
         325  0.1000000000E-11
         326  0.1000000000E-11
         327  0.1000000000E-11
         328  0.1000000000E-11
         329  0.1000000000E-11
         330  0.1000000000E-11
         331  0.1000000000E-11
         332  0.1000000000E-11
         333  0.1000000000E-11
         334  0.1000000000E-11
         335  0.1000000000E-11
         336  0.1000000000E-11
         337  0.1000000000E-11
         338  0.1000000000E-11
         339  0.1000000000E-11
         340  0.1000000000E-11
         341  0.1000000000E-11
         342  0.1000000000E-11
         343  0.1000000000E-11
         344  0.1000000000E-11
         345  0.1314905574E+01
         346  0.5539100344E+00
         347  0.1253706153E+00
         348  0.9525464411E+00
         349  0.1000000000E-11
         350  0.1000000000E-11
         351  0.1000000000E-11
         352  0.1000000000E-11
         353  0.1000000000E-11
         354  0.1000000000E-11
         355  0.1000000000E-11
         356  0.1000000000E-11
         357  0.1000000000E-11
         358  0.1000000000E-11
         359  0.1000000000E-11
         360  0.1000000000E-11
         361  0.1000000000E-11
         362  0.1000000000E-11
         363  0.1000000000E-11
         364  0.1000000000E-11
         365  0.1000000000E-11
         366  0.1000000000E-11
         367  0.1000000000E-11
         368  0.1000000000E-11
         369  0.3655756613E-01
         370  0.1000000000E-11
         371  0.3132359804E+00
         372  0.1034864018E-01
         373  0.6116684590E-02
         374  0.1415039180E+00
         375  0.5407927891E-02
         376  0.3897534485E-01
         377  0.1000000000E-11
         378  0.1000000000E-11
         379  0.1000000000E-11
         380  0.1000000000E-11
         381  0.1000000000E-11
         382  0.1000000000E-11
         383  0.1000000000E-11
         384  0.1000000000E-11
         385  0.1000000000E-11
         386  0.1000000000E-11
         387  0.1000000000E-11
         388  0.1000000000E-11
         389  0.1000000000E-11
         390  0.1000000000E-11
         391  0.1000000000E-11
         392  0.1000000000E-11
         393  0.1000000000E-11
         394  0.1000000000E-11
         395  0.1000000000E-11
         396  0.1000000000E-11
         397  0.1000000000E-11
         398  0.1000000000E-11
         399  0.1000000000E-11
         400  0.1000000000E-11
         401  0.1000000000E-11
         402  0.1000000000E-11
         403  0.1000000000E-11
         404  0.1000000000E-11
         405  0.1000000000E-11
         406  0.1000000000E-11
         407  0.1000000000E-11
         408  0.1000000000E-11
         409  0.1000000000E-11
         410  0.1000000000E-11
         411  0.1000000000E-11
         412  0.1000000000E-11
         413  0.1000000000E-11
         414  0.1000000000E-11
         415  0.1000000000E-11
         416  0.1000000000E-11
         417  0.1000000000E-11
         418  0.1000000000E-11
         419  0.1000000000E-11
         420  0.1000000000E-11
         421  0.1000000000E-11
         422  0.1000000000E-11
         423  0.1000000000E-11
         424  0.1000000000E-11
         425  0.1000000000E-11
         426  0.1000000000E-11
         427  0.1000000000E-11
         428  0.1000000000E-11
         429  0.1000000000E-11
         430  0.1000000000E-11
         431  0.1000000000E-11
         432  0.1000000000E-11
         433  0.1000000000E-11
         434  0.1000000000E-11
         435  0.1000000000E-11
         436  0.1000000000E-11
         437  0.1109749671E+01
         438  0.8155405813E+00
         439  0.9204439966E-02
         440  0.1548068699E+01
         441  0.2775767638E-01
         442  0.5962416568E-02
         443  0.1847519492E+00
         444  0.5058368278E-01
         445  0.1000000000E-11
         446  0.1000000000E-11
         447  0.1000000000E-11
         448  0.1000000000E-11
         449  0.1501951833E-01
         450  0.9289086505E-02
         451  0.1000000000E-11
         452  0.2212488592E+00
         453  0.5666773040E-01
         454  0.9137714327E-01
         455  0.1295508391E-01
         456  0.1000000000E-11
         457  0.2368574289E-01
         458  0.6761652124E+00
         459  0.3646712802E+00
         460  0.4686951054E+00
         461  0.1000000000E-11
         462  0.4015109518E+00
         463  0.4742531349E+00
         464  0.7842119005E+00
         465  0.1000000000E-11
         466  0.1000000000E-11
         467  0.1000000000E-11
         468  0.1000000000E-11
         469  0.1000000000E-11
         470  0.1000000000E-11
         471  0.1000000000E-11
         472  0.1000000000E-11
         473  0.1000000000E-11
         474  0.1000000000E-11
         475  0.1000000000E-11
         476  0.1000000000E-11
         477  0.1610718781E+00
         478  0.1391540195E-01
         479  0.2771091093E-01
         480  0.1000000000E-11
         481  0.1000000000E-11
         482  0.1000000000E-11
         483  0.1000000000E-11
         484  0.1000000000E-11
         485  0.2610472708E-01
         486  0.4354572822E+00
         487  0.9373766925E-02
         488  0.1000000000E-11
         489  0.5759467196E-01
         490  0.2935633500E-01
         491  0.2253458788E+00
         492  0.1000000000E-11
         493  0.2444791509E-01
         494  0.5948588361E-02
         495  0.1299031855E+00
         496  0.3801861048E-01
         497  0.5184593010E-02
         498  0.9786179373E-01
         499  0.5107230538E-02
         500  0.3568323577E-01
         501  0.1000000000E-11
         502  0.1000000000E-11
         503  0.1000000000E-11
         504  0.1000000000E-11
         505  0.3191826534E-01
         506  0.1564380102E-01
         507  0.8809674293E+00
         508  0.1047177954E+00
         509  0.7906458988E+00
         510  0.2952774272E+00
         511  0.2002120767E-01
         512  0.6664307059E+00
         513  0.1000000000E-11
         514  0.1000000000E-11
         515  0.1338015501E+01
         516  0.2254976547E-01
         517  0.1000000000E-11
         518  0.9702822238E-01
         519  0.2906592887E+00
         520  0.1405843455E+00
         521  0.1226179755E-01
         522  0.9247513518E-01
         523  0.7974133893E+00
         524  0.2053046846E-01
         525  0.1000000000E-11
         526  0.1046823436E+00
         527  0.8786133572E-01
         528  0.1989791689E-01
         529  0.9982564516E-02
         530  0.1589547517E+01
         531  0.9368920136E+00
         532  0.1599604912E+01
         533  0.1886532395E+01
         534  0.1177730864E-01
         535  0.2297685396E+01
         536  0.2412545661E+01
         537  0.1251462832E+01
         538  0.3831809253E-01
         539  0.1785262830E+00
         540  0.2771990329E+00
         541  0.4779024495E-02
         542  0.1025190282E+00
         543  0.6428990124E-02
         544  0.3218223220E-01
         545  0.1000000000E-11
         546  0.1000000000E-11
         547  0.1000000000E-11
         548  0.1000000000E-11
         549  0.1000000000E-11
         550  0.1000000000E-11
         551  0.1000000000E-11
         552  0.1000000000E-11
         553  0.1000000000E-11
         554  0.1000000000E-11
         555  0.1000000000E-11
         556  0.1000000000E-11
         557  0.1000000000E-11
         558  0.1000000000E-11
         559  0.1000000000E-11
         560  0.1000000000E-11
         561  0.1442246360E-01
         562  0.1629539433E-01
         563  0.1000000000E-11
         564  0.1237025591E-01
         565  0.7647218032E+00
         566  0.2243731931E+00
         567  0.9246388759E-01
         568  0.8698393935E-01
         569  0.1000000000E-11
         570  0.8859016139E+00
         571  0.3694500679E-01
         572  0.1105183193E+00
         573  0.6692458794E+00
         574  0.2070197674E+01
         575  0.3685550433E+00
         576  0.7195805014E+00
         577  0.2425675528E-02
         578  0.1506401179E-01
         579  0.2640420769E-01
         580  0.7215127278E-02
         581  0.1288666435E+01
         582  0.6100630336E-01
         583  0.1107048663E-01
         584  0.2602306774E+00
         585  0.4041294791E+01
         586  0.1000000000E-11
         587  0.3353036295E+01
         588  0.4346431802E+01
         589  0.1000000000E-11
         590  0.1000000000E-11
         591  0.1000000000E-11
         592  0.1000000000E-11
         593  0.2184747040E+01
         594  0.1000000000E-11
         595  0.1000000000E-11
         596  0.1000000000E-11
         597  0.1000000000E-11
         598  0.1000000000E-11
         599  0.1000000000E-11
         600  0.1000000000E-11
         601  0.1000000000E-11
         602  0.1000000000E-11
         603  0.1000000000E-11
         604  0.1000000000E-11
         605  0.1000000000E-11
         606  0.1000000000E-11
         607  0.1000000000E-11
         608  0.1000000000E-11
         609  0.1000000000E-11
         610  0.3317825906E-02
         611  0.1000000000E-11
         612  0.1000000000E-11
         613  0.1061404731E-01
         614  0.3134419438E-01
         615  0.1028639491E+01
         616  0.1887969222E+00
         617  0.1000000000E-11
         618  0.1000000000E-11
         619  0.1000000000E-11
         620  0.1000000000E-11
         621  0.1407520711E+00
         622  0.1000000000E-11
         623  0.1000000000E-11
         624  0.1000000000E-11
         625  0.1000000000E-11
         626  0.2022982363E+01
         627  0.1000000000E-11
         628  0.1000000000E-11
         629  0.1000000000E-11
         630  0.4049172320E+01
         631  0.3093149419E+01
         632  0.4419012146E+01
         633  0.1000000000E-11
         634  0.1000000000E-11
         635  0.1000000000E-11
         636  0.1000000000E-11
         637  0.1000000000E-11
         638  0.1000000000E-11
         639  0.1000000000E-11
         640  0.1000000000E-11
         641  0.1000000000E-11
         642  0.1000000000E-11
         643  0.1000000000E-11
         644  0.1000000000E-11
         645  0.1000000000E-11
         646  0.1000000000E-11
         647  0.4384831761E+01
         648  0.1000000000E-11
         649  0.1000000000E-11
         650  0.1000000000E-11
         651  0.1000000000E-11
         652  0.1000000000E-11
         653  0.1000000000E-11
         654  0.1000000000E-11
         655  0.1000000000E-11
         656  0.1000000000E-11
         657  0.1000000000E-11
         658  0.1000000000E-11
         659  0.1000000000E-11
         660  0.1000000000E-11
         661  0.1000000000E-11
         662  0.1000000000E-11
         663  0.1000000000E-11
         664  0.1000000000E-11
         665  0.1000000000E-11
         666  0.1000000000E-11
         667  0.1000000000E-11
         668  0.1000000000E-11
         669  0.1000000000E-11
         670  0.1000000000E-11
         671  0.1000000000E-11
         672  0.1000000000E-11
         673  0.1000000000E-11
         674  0.1000000000E-11
         675  0.1000000000E-11
         676  0.1000000000E-11
         677  0.1000000000E-11
         678  0.1000000000E-11
         679  0.1000000000E-11
         680  0.1000000000E-11
         681  0.1000000000E-11
         682  0.1000000000E-11
         683  0.1000000000E-11
         684  0.1000000000E-11
         685  0.2448631434E-01
         686  0.2450632583E-01
         687  0.2831528237E+00
         688  0.1000000000E-11
         689  0.1000000000E-11
         690  0.1000000000E-11
         691  0.1000000000E-11
         692  0.1000000000E-11
         693  0.1000000000E-11
         694  0.1000000000E-11
         695  0.1000000000E-11
         696  0.1000000000E-11
         697  0.1000000000E-11
         698  0.1000000000E-11
         699  0.1000000000E-11
         700  0.1000000000E-11
         701  0.1000000000E-11
         702  0.1000000000E-11
         703  0.1000000000E-11
         704  0.1000000000E-11
         705  0.1000000000E-11
         706  0.1000000000E-11
         707  0.1000000000E-11
         708  0.1000000000E-11
         709  0.1000000000E-11
         710  0.1000000000E-11
         711  0.1000000000E-11
         712  0.1000000000E-11
         713  0.5357911802E-02
         714  0.8245191664E-01
         715  0.7337311775E-02
         716  0.3342654575E-01
         717  0.6838921615E+00
         718  0.2625995751E+01
         719  0.1281849998E-01
         720  0.1285382767E+01
         721  0.2445852272E-01
         722  0.3652784909E+00
         723  0.5494419057E+00
         724  0.4603573913E+00
         725  0.1000000000E-11
         726  0.1000000000E-11
         727  0.1000000000E-11
         728  0.1000000000E-11
         729  0.1000000000E-11
         730  0.1000000000E-11
         731  0.1000000000E-11
         732  0.1000000000E-11
         733  0.1000000000E-11
         734  0.1000000000E-11
         735  0.1000000000E-11
         736  0.1000000000E-11
         737  0.1000000000E-11
         738  0.1000000000E-11
         739  0.1000000000E-11
         740  0.1000000000E-11
         741  0.1038545374E+00
         742  0.1000000000E-11
         743  0.1000000000E-11
         744  0.1954090873E-01
         745  0.6503259804E+00
         746  0.1327491532E-01
         747  0.6748247807E+00
         748  0.7953081180E+00
         749  0.4817223837E+00
         750  0.1000000000E-11
         751  0.4542333101E+00
         752  0.9638491324E+00
         753  0.1000000000E-11
         754  0.1000000000E-11
         755  0.1000000000E-11
         756  0.1000000000E-11
         757  0.1000000000E-11
         758  0.1000000000E-11
         759  0.1000000000E-11
         760  0.1000000000E-11
         761  0.2389304751E-01
         762  0.1938809254E-01
         763  0.2530915839E-01
         764  0.1000000000E-11
         765  0.1887186145E-01
         766  0.2120837151E-01
         767  0.4224934623E-01
         768  0.1000000000E-11
         769  0.1696831289E+00
         770  0.2842101690E-01
         771  0.5770435222E-01
         772  0.1031615779E+00
         773  0.9277934685E-02
         774  0.1000000000E-11
         775  0.1000000000E-11
         776  0.7919290806E-01
         777  0.1000000000E-11
         778  0.8791388660E-01
         779  0.6197781005E+00
         780  0.1679065632E+00
         781  0.3187238728E-01
         782  0.2306839132E+00
         783  0.6537390352E-02
         784  0.6003688857E-01
         785  0.1975288775E+00
         786  0.1000000000E-11
         787  0.4322813280E-01
         788  0.1030927905E+00
         789  0.1014414374E-01
         790  0.1013074598E+00
         791  0.3252595797E+00
         792  0.1536512140E-01
         793  0.1038569593E-01
         794  0.5729838223E+00
         795  0.6320086662E+00
         796  0.1126328366E+01
         797  0.1209134106E+00
         798  0.1000000000E-11
         799  0.2386158276E+00
         800  0.1358633085E+00
         801  0.4002328107E-01
         802  0.2084161854E+00
         803  0.1000000000E-11
         804  0.9890898690E-01
         805  0.1000000000E-11
         806  0.1000000000E-11
         807  0.1000000000E-11
         808  0.1000000000E-11
         809  0.1000000000E-11
         810  0.1000000000E-11
         811  0.1000000000E-11
         812  0.1000000000E-11
         813  0.2734764112E-02
         814  0.1911354423E-02
         815  0.3072175742E-01
         816  0.9721635630E-02
         817  0.1607230513E-01
         818  0.4051178891E-01
         819  0.1645271565E-01
         820  0.1000000000E-11
         821  0.1000000000E-11
         822  0.1000000000E-11
         823  0.1000000000E-11
         824  0.1000000000E-11
         825  0.1000000000E-11
         826  0.1000000000E-11
         827  0.1000000000E-11
         828  0.1000000000E-11
         829  0.1000000000E-11
         830  0.1314920140E+00
         831  0.1000000000E-11
         832  0.2635104094E-01
         833  0.5572547434E-02
         834  0.1610234637E+00
         835  0.4906864395E-02
         836  0.2434190650E-01
         837  0.6493396519E+00
         838  0.5220450321E+00
         839  0.2918163630E+01
         840  0.1168784889E+01
         841  0.5475465073E+00
         842  0.1000000000E-11
         843  0.4549247444E+00
         844  0.7151114935E+00
         845  0.1131130182E-01
         846  0.8148249096E+00
         847  0.1227185353E+01
         848  0.1564330047E+01
         849  0.1000000000E-11
         850  0.1000000000E-11
         851  0.1000000000E-11
         852  0.1000000000E-11
         853  0.1406677532E+00
         854  0.2938014440E-01
         855  0.4739550301E-01
         856  0.1000000000E-11
         857  0.6699548632E-02
         858  0.6998393082E-01
         859  0.5149571723E-02
         860  0.2927757026E-01
         861  0.1000000000E-11
         862  0.1000000000E-11
         863  0.1000000000E-11
         864  0.1000000000E-11
         865  0.1000000000E-11
         866  0.1000000000E-11
         867  0.1000000000E-11
         868  0.1000000000E-11
         869  0.1000000000E-11
         870  0.1000000000E-11
         871  0.3921894710E+01
         872  0.1000000000E-11
         873  0.1000000000E-11
         874  0.1000000000E-11
         875  0.1000000000E-11
         876  0.1000000000E-11
         877  0.1000000000E-11
         878  0.1000000000E-11
         879  0.1000000000E-11
         880  0.1000000000E-11
         881  0.1000000000E-11
         882  0.1000000000E-11
         883  0.1000000000E-11
         884  0.1000000000E-11
         885  0.1000000000E-11
         886  0.1000000000E-11
         887  0.1000000000E-11
         888  0.1000000000E-11
         889  0.1785761686E+00
         890  0.2508448441E-01
         891  0.1000000000E-11
         892  0.6223043837E-01
         893  0.1000000000E-11
         894  0.1000000000E-11
         895  0.1000000000E-11
         896  0.1000000000E-11
         897  0.1000000000E-11
         898  0.1057305729E+00
         899  0.1000000000E-11
         900  0.1000000000E-11
         901  0.1000000000E-11
         902  0.4734518283E+01
         903  0.5310627334E+01
         904  0.5266565670E+01
         905  0.1000000000E-11
         906  0.1000000000E-11
         907  0.1000000000E-11
         908  0.1000000000E-11
         909  0.1000000000E-11
         910  0.1000000000E-11
         911  0.1000000000E-11
         912  0.1000000000E-11
         913  0.1000000000E-11
         914  0.1000000000E-11
         915  0.1000000000E-11
         916  0.1000000000E-11
         917  0.4269382463E-02
         918  0.1000000000E-11
         919  0.1000000000E-11
         920  0.1000000000E-11
         921  0.1000000000E-11
         922  0.1000000000E-11
         923  0.1000000000E-11
         924  0.1000000000E-11
         925  0.1000000000E-11
         926  0.1000000000E-11
         927  0.1000000000E-11
         928  0.1000000000E-11
         929  0.1000000000E-11
         930  0.5407379626E+01
         931  0.1000000000E-11
         932  0.1000000000E-11
         933  0.1000000000E-11
         934  0.1000000000E-11
         935  0.1000000000E-11
         936  0.1000000000E-11
         937  0.2999826282E+01
         938  0.1000000000E-11
         939  0.1000000000E-11
         940  0.1000000000E-11
         941  0.4226228882E-01
         942  0.3300321185E+01
         943  0.2698109347E+01
         944  0.2480568933E+01
         945  0.5909977079E+01
         946  0.5721075880E+01
         947  0.1000000000E-11
         948  0.6143181185E+01
         949  0.1000000000E-11
         950  0.1000000000E-11
         951  0.1000000000E-11
         952  0.1000000000E-11
         953  0.1000000000E-11
         954  0.1000000000E-11
         955  0.1000000000E-11
         956  0.1000000000E-11
         957  0.5329329600E-01
         958  0.1451355344E+00
         959  0.2390176341E-01
         960  0.2712146053E-01
         961  0.1000000000E-11
         962  0.1000000000E-11
         963  0.1000000000E-11
         964  0.1000000000E-11
         965  0.5900225137E+00
         966  0.1153140141E-01
         967  0.8320862043E+00
         968  0.8413830030E+00
         969  0.5113425127E+00
         970  0.2480187211E-01
         971  0.3042103414E+00
         972  0.4165063904E+00
         973  0.2686881865E-01
         974  0.5720300725E-02
         975  0.1466879734E+00
         976  0.4525067327E-01
         977  0.3318716866E-01
         978  0.9600954266E-01
         979  0.2494143535E-01
         980  0.1000000000E-11
         981  0.4486010121E-02
         982  0.5263380338E-01
         983  0.4733873188E-02
         984  0.2055199630E-01
         985  0.1690881837E-01
         986  0.1723738073E-01
         987  0.2688910214E+00
         988  0.1000000000E-11
         989  0.1000000000E-11
         990  0.1000000000E-11
         991  0.1000000000E-11
         992  0.1000000000E-11
         993  0.1000000000E-11
         994  0.1000000000E-11
         995  0.1000000000E-11
         996  0.1000000000E-11
         997  0.1000000000E-11
         998  0.1000000000E-11
         999  0.1000000000E-11
        1000  0.1000000000E-11
        1001  0.1000000000E-11
        1002  0.1000000000E-11
        1003  0.1000000000E-11
        1004  0.1000000000E-11
        1005  0.1000000000E-11
        1006  0.1000000000E-11
        1007  0.1000000000E-11
        1008  0.1000000000E-11
        1009  0.1000000000E-11
        1010  0.1000000000E-11
        1011  0.1000000000E-11
        1012  0.1000000000E-11
        1013  0.1000000000E-11
        1014  0.1000000000E-11
        1015  0.1000000000E-11
        1016  0.1000000000E-11
        1017  0.1000000000E-11
        1018  0.1000000000E-11
        1019  0.1000000000E-11
        1020  0.1000000000E-11
        1021  0.1000000000E-11
        1022  0.1000000000E-11
        1023  0.1000000000E-11
        1024  0.1000000000E-11
        1025  0.1000000000E-11
        1026  0.1000000000E-11
        1027  0.1000000000E-11
        1028  0.1000000000E-11
        1029  0.1000000000E-11
        1030  0.1000000000E-11
        1031  0.1000000000E-11
        1032  0.1000000000E-11
        1033  0.1000000000E-11
        1034  0.1000000000E-11
        1035  0.1000000000E-11
        1036  0.1000000000E-11
        1037  0.1000000000E-11
        1038  0.1000000000E-11
        1039  0.1000000000E-11
        1040  0.1000000000E-11
        1041  0.1000000000E-11
        1042  0.1000000000E-11
        1043  0.1000000000E-11
        1044  0.1000000000E-11
        1045  0.1000000000E-11
        1046  0.1000000000E-11
        1047  0.1000000000E-11
        1048  0.1000000000E-11
        1049  0.1000000000E-11
        1050  0.1000000000E-11
        1051  0.1000000000E-11
        1052  0.1000000000E-11
        1053  0.1000000000E-11
        1054  0.1000000000E-11
        1055  0.1000000000E-11
        1056  0.1000000000E-11
        1057  0.1000000000E-11
        1058  0.1000000000E-11
        1059  0.1000000000E-11
        1060  0.1000000000E-11
        1061  0.1000000000E-11
        1062  0.1000000000E-11
        1063  0.1000000000E-11
        1064  0.1000000000E-11
        1065  0.1000000000E-11
        1066  0.1000000000E-11
        1067  0.1000000000E-11
        1068  0.1000000000E-11
        1069  0.1000000000E-11
        1070  0.1000000000E-11
        1071  0.1000000000E-11
        1072  0.1000000000E-11
        1073  0.1000000000E-11
        1074  0.1000000000E-11
        1075  0.1000000000E-11
        1076  0.1000000000E-11
        1077  0.1000000000E-11
        1078  0.1000000000E-11
        1079  0.1000000000E-11
        1080  0.1000000000E-11
        1081  0.1000000000E-11
        1082  0.1000000000E-11
        1083  0.1000000000E-11
        1084  0.1000000000E-11
        1085  0.1000000000E-11
        1086  0.1000000000E-11
        1087  0.1000000000E-11
        1088  0.1000000000E-11
        1089  0.1000000000E-11
        1090  0.1000000000E-11
        1091  0.1000000000E-11
        1092  0.1000000000E-11
        1093  0.1000000000E-11
        1094  0.1000000000E-11
        1095  0.1000000000E-11
        1096  0.1000000000E-11
        1097  0.1000000000E-11
        1098  0.1000000000E-11
        1099  0.1000000000E-11
        1100  0.1000000000E-11
        1101  0.1000000000E-11
        1102  0.1000000000E-11
        1103  0.1000000000E-11
        1104  0.1000000000E-11
        1105  0.1000000000E-11
        1106  0.1000000000E-11
        1107  0.1000000000E-11
        1108  0.1000000000E-11
        1109  0.1000000000E-11
        1110  0.1000000000E-11
        1111  0.1000000000E-11
        1112  0.1000000000E-11
        1113  0.1000000000E-11
        1114  0.1000000000E-11
        1115  0.1000000000E-11
        1116  0.1000000000E-11
        1117  0.1000000000E-11
        1118  0.1000000000E-11
        1119  0.1000000000E-11
        1120  0.1000000000E-11
        1121  0.1000000000E-11
        1122  0.1000000000E-11
        1123  0.1000000000E-11
        1124  0.1000000000E-11
        1125  0.1000000000E-11
        1126  0.1000000000E-11
        1127  0.1000000000E-11
        1128  0.1000000000E-11
        1129  0.1000000000E-11
        1130  0.1000000000E-11
        1131  0.1000000000E-11
        1132  0.1000000000E-11
        1133  0.1000000000E-11
        1134  0.1000000000E-11
        1135  0.1000000000E-11
        1136  0.1000000000E-11
        1137  0.1000000000E-11
        1138  0.1000000000E-11
        1139  0.1000000000E-11
        1140  0.1000000000E-11
        1141  0.1000000000E-11
        1142  0.1000000000E-11
        1143  0.1000000000E-11
        1144  0.1000000000E-11
        1145  0.1000000000E-11
        1146  0.1000000000E-11
        1147  0.1000000000E-11
        1148  0.1000000000E-11
        1149  0.1000000000E-11
        1150  0.1000000000E-11
        1151  0.1000000000E-11
        1152  0.1000000000E-11
        1153  0.1000000000E-11
        1154  0.1000000000E-11
        1155  0.1000000000E-11
        1156  0.1000000000E-11
        1157  0.1000000000E-11
        1158  0.1000000000E-11
        1159  0.1000000000E-11
        1160  0.1000000000E-11
        1161  0.1000000000E-11
        1162  0.1000000000E-11
        1163  0.1000000000E-11
        1164  0.1000000000E-11
        1165  0.1000000000E-11
        1166  0.1000000000E-11
        1167  0.1000000000E-11
        1168  0.1000000000E-11
        1169  0.1000000000E-11
        1170  0.1000000000E-11
        1171  0.1000000000E-11
        1172  0.1000000000E-11
        1173  0.1000000000E-11
        1174  0.1000000000E-11
        1175  0.1000000000E-11
        1176  0.1000000000E-11
        1177  0.1000000000E-11
        1178  0.1000000000E-11
        1179  0.1000000000E-11
        1180  0.1000000000E-11
        1181  0.1000000000E-11
        1182  0.1000000000E-11
        1183  0.1000000000E-11
        1184  0.1000000000E-11
        1185  0.1000000000E-11
        1186  0.1000000000E-11
        1187  0.1000000000E-11
        1188  0.1000000000E-11
        1189  0.1000000000E-11
        1190  0.1000000000E-11
        1191  0.1000000000E-11
        1192  0.1000000000E-11
        1193  0.1000000000E-11
        1194  0.1000000000E-11
        1195  0.1000000000E-11
        1196  0.1000000000E-11
        1197  0.1000000000E-11
        1198  0.1000000000E-11
        1199  0.1000000000E-11
        1200  0.1000000000E-11
        1201  0.1000000000E-11
        1202  0.1000000000E-11
        1203  0.1000000000E-11
        1204  0.1000000000E-11
        1205  0.1000000000E-11
        1206  0.1000000000E-11
        1207  0.1000000000E-11
        1208  0.1000000000E-11
        1209  0.1000000000E-11
        1210  0.1000000000E-11
        1211  0.1000000000E-11
        1212  0.1000000000E-11
  time 1.0e30 
