         142        1212  ! # of filtered nodes, # number of original nodes 
          11
          34
          36
          62
          63
          64
         111
         169
         170
         172
         175
         177
         179
         345
         346
         347
         348
         371
         374
         437
         438
         440
         443
         452
         458
         459
         460
         462
         463
         464
         477
         486
         491
         495
         507
         508
         509
         510
         512
         515
         519
         520
         523
         526
         530
         531
         532
         533
         535
         536
         537
         539
         540
         542
         565
         566
         570
         572
         573
         574
         575
         576
         581
         584
         585
         587
         588
         593
         615
         616
         621
         626
         630
         631
         632
         647
         687
         717
         718
         720
         722
         723
         724
         741
         745
         747
         748
         749
         751
         752
         769
         772
         779
         780
         782
         785
         788
         790
         791
         794
         795
         796
         797
         799
         800
         802
         830
         834
         837
         838
         839
         840
         841
         843
         844
         846
         847
         848
         853
         871
         889
         898
         902
         903
         904
         930
         937
         942
         943
         944
         945
         946
         948
         958
         965
         967
         968
         969
         971
         972
         975
         987
