           1        2368
  time 0.0 
        2368
           1  0.1000000000E-11
           2  0.1000000000E-11
           3  0.1000000000E-11
           4  0.1000000000E-11
           5  0.1000000000E-11
           6  0.1000000000E-11
           7  0.1000000000E-11
           8  0.1000000000E-11
           9  0.1000000000E-11
          10  0.2643325140E+00
          11  0.2496688696E-01
          12  0.5300153549E-03
          13  0.2468656645E+01
          14  0.1000000000E-11
          15  0.2468656645E+01
          16  0.1000000000E-11
          17  0.1000000000E-11
          18  0.1000000000E-11
          19  0.1000000000E-11
          20  0.1000000000E-11
          21  0.1000000000E-11
          22  0.1000000000E-11
          23  0.1000000000E-11
          24  0.1000000000E-11
          25  0.1000000000E-11
          26  0.1000000000E-11
          27  0.1000000000E-11
          28  0.1000000000E-11
          29  0.1000000000E-11
          30  0.1000000000E-11
          31  0.1000000000E-11
          32  0.1000000000E-11
          33  0.1000000000E-11
          34  0.1000000000E-11
          35  0.1000000000E-11
          36  0.1000000000E-11
          37  0.1000000000E-11
          38  0.1000000000E-11
          39  0.1000000000E-11
          40  0.1000000000E-11
          41  0.1000000000E-11
          42  0.1000000000E-11
          43  0.1000000000E-11
          44  0.1000000000E-11
          45  0.1000000000E-11
          46  0.1000000000E-11
          47  0.1000000000E-11
          48  0.1000000000E-11
          49  0.1798250088E-02
          50  0.4758411002E-01
          51  0.1000000000E-11
          52  0.3927357285E-02
          53  0.1000000000E-11
          54  0.1000000000E-11
          55  0.1000000000E-11
          56  0.1000000000E-11
          57  0.1000000000E-11
          58  0.1000000000E-11
          59  0.1000000000E-11
          60  0.1000000000E-11
          61  0.1000000000E-11
          62  0.1000000000E-11
          63  0.1000000000E-11
          64  0.1000000000E-11
          65  0.1000000000E-11
          66  0.1000000000E-11
          67  0.1000000000E-11
          68  0.1000000000E-11
          69  0.1000000000E-11
          70  0.1000000000E-11
          71  0.1000000000E-11
          72  0.1000000000E-11
          73  0.1000000000E-11
          74  0.1000000000E-11
          75  0.1000000000E-11
          76  0.1000000000E-11
          77  0.1000000000E-11
          78  0.1000000000E-11
          79  0.1000000000E-11
          80  0.1000000000E-11
          81  0.1000000000E-11
          82  0.1000000000E-11
          83  0.1000000000E-11
          84  0.1000000000E-11
          85  0.1000000000E-11
          86  0.1000000000E-11
          87  0.1000000000E-11
          88  0.1000000000E-11
          89  0.8964710475E-02
          90  0.5400904942E-03
          91  0.4865543077E-01
          92  0.1000000000E-11
          93  0.1000000000E-11
          94  0.1000000000E-11
          95  0.1000000000E-11
          96  0.1000000000E-11
          97  0.1688594608E+01
          98  0.4746948310E+01
          99  0.2419078087E+01
         100  0.1000000000E-11
         101  0.1000000000E-11
         102  0.1000000000E-11
         103  0.1000000000E-11
         104  0.1000000000E-11
         105  0.1000000000E-11
         106  0.1000000000E-11
         107  0.1000000000E-11
         108  0.1000000000E-11
         109  0.1000000000E-11
         110  0.1000000000E-11
         111  0.1000000000E-11
         112  0.1000000000E-11
         113  0.1000000000E-11
         114  0.1000000000E-11
         115  0.1000000000E-11
         116  0.1000000000E-11
         117  0.1000000000E-11
         118  0.1000000000E-11
         119  0.1000000000E-11
         120  0.1000000000E-11
         121  0.1000000000E-11
         122  0.1000000000E-11
         123  0.1000000000E-11
         124  0.1000000000E-11
         125  0.1000000000E-11
         126  0.1000000000E-11
         127  0.1000000000E-11
         128  0.1000000000E-11
         129  0.1000000000E-11
         130  0.1000000000E-11
         131  0.1000000000E-11
         132  0.1000000000E-11
         133  0.1000000000E-11
         134  0.1000000000E-11
         135  0.1000000000E-11
         136  0.1000000000E-11
         137  0.1000000000E-11
         138  0.1000000000E-11
         139  0.1000000000E-11
         140  0.1000000000E-11
         141  0.1000000000E-11
         142  0.1000000000E-11
         143  0.1000000000E-11
         144  0.1000000000E-11
         145  0.1000000000E-11
         146  0.1000000000E-11
         147  0.1000000000E-11
         148  0.1000000000E-11
         149  0.1000000000E-11
         150  0.1000000000E-11
         151  0.1000000000E-11
         152  0.1000000000E-11
         153  0.1000000000E-11
         154  0.1000000000E-11
         155  0.1000000000E-11
         156  0.1000000000E-11
         157  0.1057968354E-01
         158  0.9659806693E-03
         159  0.2717557667E-03
         160  0.6817695152E-02
         161  0.2704726771E-01
         162  0.7599780022E-02
         163  0.2960850805E-01
         164  0.1000000000E-11
         165  0.1546261741E-01
         166  0.1895016078E-03
         167  0.1000000000E-11
         168  0.2454531050E-02
         169  0.4386690580E-02
         170  0.1874099318E-02
         171  0.1000000000E-11
         172  0.2290705854E-03
         173  0.7856730552E+00
         174  0.5694829704E+00
         175  0.1000000000E-11
         176  0.1760624560E-03
         177  0.1000000000E-11
         178  0.1000000000E-11
         179  0.1000000000E-11
         180  0.1000000000E-11
         181  0.2620798378E-03
         182  0.2724798726E-03
         183  0.1000000000E-11
         184  0.7813355787E-02
         185  0.1000000000E-11
         186  0.1000000000E-11
         187  0.1000000000E-11
         188  0.1000000000E-11
         189  0.1000000000E-11
         190  0.1000000000E-11
         191  0.1000000000E-11
         192  0.1000000000E-11
         193  0.1000000000E-11
         194  0.1000000000E-11
         195  0.1000000000E-11
         196  0.1000000000E-11
         197  0.1000000000E-11
         198  0.1000000000E-11
         199  0.1000000000E-11
         200  0.1000000000E-11
         201  0.3001830788E-03
         202  0.2674858123E-03
         203  0.1000000000E-11
         204  0.8047977332E-02
         205  0.1000000000E-11
         206  0.1000000000E-11
         207  0.2749305450E-03
         208  0.1000000000E-11
         209  0.1000000000E-11
         210  0.2568292066E+00
         211  0.5676353568E-02
         212  0.2250970704E-01
         213  0.1000000000E-11
         214  0.1000000000E-11
         215  0.1000000000E-11
         216  0.1000000000E-11
         217  0.3384376672E-03
         218  0.1000000000E-11
         219  0.1000000000E-11
         220  0.1000000000E-11
         221  0.1564986365E-02
         222  0.1606817871E-02
         223  0.1000000000E-11
         224  0.2123607490E-03
         225  0.1000000000E-11
         226  0.1000000000E-11
         227  0.2164219697E+01
         228  0.1000000000E-11
         229  0.1000000000E-11
         230  0.1000000000E-11
         231  0.1000000000E-11
         232  0.1000000000E-11
         233  0.1000000000E-11
         234  0.1000000000E-11
         235  0.1000000000E-11
         236  0.1000000000E-11
         237  0.1000000000E-11
         238  0.1000000000E-11
         239  0.1000000000E-11
         240  0.1000000000E-11
         241  0.1000000000E-11
         242  0.1000000000E-11
         243  0.1000000000E-11
         244  0.1000000000E-11
         245  0.1000000000E-11
         246  0.1000000000E-11
         247  0.1000000000E-11
         248  0.1000000000E-11
         249  0.1000000000E-11
         250  0.1000000000E-11
         251  0.1000000000E-11
         252  0.1000000000E-11
         253  0.1000000000E-11
         254  0.1000000000E-11
         255  0.1000000000E-11
         256  0.1000000000E-11
         257  0.1000000000E-11
         258  0.1276254194E+01
         259  0.1000000000E-11
         260  0.1000000000E-11
         261  0.5393979098E-03
         262  0.4776271934E-03
         263  0.2362505516E+00
         264  0.1000000000E-11
         265  0.1000000000E-11
         266  0.1000000000E-11
         267  0.1000000000E-11
         268  0.1000000000E-11
         269  0.1000000000E-11
         270  0.1000000000E-11
         271  0.1000000000E-11
         272  0.1000000000E-11
         273  0.1000000000E-11
         274  0.1292272182E-02
         275  0.1810836302E-02
         276  0.2111744922E-03
         277  0.1000000000E-11
         278  0.1000000000E-11
         279  0.1000000000E-11
         280  0.1000000000E-11
         281  0.1000000000E-11
         282  0.1000000000E-11
         283  0.1000000000E-11
         284  0.1000000000E-11
         285  0.1000000000E-11
         286  0.1000000000E-11
         287  0.1000000000E-11
         288  0.1000000000E-11
         289  0.1000000000E-11
         290  0.1000000000E-11
         291  0.1000000000E-11
         292  0.1000000000E-11
         293  0.1000000000E-11
         294  0.1000000000E-11
         295  0.1000000000E-11
         296  0.1000000000E-11
         297  0.1000000000E-11
         298  0.1000000000E-11
         299  0.1000000000E-11
         300  0.1000000000E-11
         301  0.1000000000E-11
         302  0.1000000000E-11
         303  0.1000000000E-11
         304  0.1000000000E-11
         305  0.1000000000E-11
         306  0.1000000000E-11
         307  0.1000000000E-11
         308  0.1000000000E-11
         309  0.1000000000E-11
         310  0.1000000000E-11
         311  0.1000000000E-11
         312  0.1000000000E-11
         313  0.1000000000E-11
         314  0.1000000000E-11
         315  0.1000000000E-11
         316  0.1000000000E-11
         317  0.1761168322E-01
         318  0.1000000000E-11
         319  0.2403165551E-03
         320  0.2746749783E-02
         321  0.1000000000E-11
         322  0.1000000000E-11
         323  0.1000000000E-11
         324  0.1000000000E-11
         325  0.1000000000E-11
         326  0.1000000000E-11
         327  0.1000000000E-11
         328  0.1000000000E-11
         329  0.1000000000E-11
         330  0.1000000000E-11
         331  0.1783229552E+01
         332  0.1000000000E-11
         333  0.1000000000E-11
         334  0.1000000000E-11
         335  0.1000000000E-11
         336  0.1000000000E-11
         337  0.1000000000E-11
         338  0.1000000000E-11
         339  0.1042119968E+00
         340  0.1000000000E-11
         341  0.1000000000E-11
         342  0.1000000000E-11
         343  0.1000000000E-11
         344  0.1000000000E-11
         345  0.7098092661E-01
         346  0.1000000000E-11
         347  0.2396811076E-02
         348  0.4069882765E-02
         349  0.1000000000E-11
         350  0.1000000000E-11
         351  0.1000000000E-11
         352  0.1000000000E-11
         353  0.1000000000E-11
         354  0.1000000000E-11
         355  0.2027314328E-02
         356  0.1000000000E-11
         357  0.1000000000E-11
         358  0.1000000000E-11
         359  0.1000000000E-11
         360  0.1000000000E-11
         361  0.1000000000E-11
         362  0.1000000000E-11
         363  0.1000000000E-11
         364  0.1000000000E-11
         365  0.1000000000E-11
         366  0.1000000000E-11
         367  0.1000000000E-11
         368  0.1000000000E-11
         369  0.1000000000E-11
         370  0.1000000000E-11
         371  0.1000000000E-11
         372  0.1000000000E-11
         373  0.1000000000E-11
         374  0.1000000000E-11
         375  0.1000000000E-11
         376  0.1000000000E-11
         377  0.8603455224E-02
         378  0.1722840523E+00
         379  0.3475666023E+00
         380  0.1000000000E-11
         381  0.1000000000E-11
         382  0.1000000000E-11
         383  0.1000000000E-11
         384  0.1000000000E-11
         385  0.1000000000E-11
         386  0.1000000000E-11
         387  0.1000000000E-11
         388  0.1000000000E-11
         389  0.1488524791E-02
         390  0.5251247217E+00
         391  0.1163948825E+01
         392  0.1000000000E-11
         393  0.1000000000E-11
         394  0.1000000000E-11
         395  0.1000000000E-11
         396  0.1000000000E-11
         397  0.1000000000E-11
         398  0.1000000000E-11
         399  0.1000000000E-11
         400  0.1000000000E-11
         401  0.1000000000E-11
         402  0.1000000000E-11
         403  0.1000000000E-11
         404  0.1000000000E-11
         405  0.1264656756E+01
         406  0.3537329105E-03
         407  0.5032000261E-02
         408  0.1000000000E-11
         409  0.1000000000E-11
         410  0.1000000000E-11
         411  0.1000000000E-11
         412  0.1000000000E-11
         413  0.1000000000E-11
         414  0.1000000000E-11
         415  0.1000000000E-11
         416  0.1000000000E-11
         417  0.1000000000E-11
         418  0.1000000000E-11
         419  0.1000000000E-11
         420  0.1000000000E-11
         421  0.1000000000E-11
         422  0.1000000000E-11
         423  0.1000000000E-11
         424  0.1000000000E-11
         425  0.1000000000E-11
         426  0.1000000000E-11
         427  0.1000000000E-11
         428  0.1000000000E-11
         429  0.1000000000E-11
         430  0.6367050220E+00
         431  0.1000000000E-11
         432  0.1000000000E-11
         433  0.1388407876E+01
         434  0.1302664424E+01
         435  0.1000000000E-11
         436  0.1000000000E-11
         437  0.2467681977E-03
         438  0.1322275500E-02
         439  0.1302807144E+00
         440  0.7569704176E-02
         441  0.1000000000E-11
         442  0.1000000000E-11
         443  0.1000000000E-11
         444  0.1000000000E-11
         445  0.1000000000E-11
         446  0.1000000000E-11
         447  0.1000000000E-11
         448  0.1000000000E-11
         449  0.1000000000E-11
         450  0.1000000000E-11
         451  0.1000000000E-11
         452  0.1000000000E-11
         453  0.1000000000E-11
         454  0.1000000000E-11
         455  0.1000000000E-11
         456  0.1000000000E-11
         457  0.1000000000E-11
         458  0.1000000000E-11
         459  0.1000000000E-11
         460  0.1000000000E-11
         461  0.1000000000E-11
         462  0.1000000000E-11
         463  0.1000000000E-11
         464  0.1000000000E-11
         465  0.7424723901E-03
         466  0.4329483979E-01
         467  0.1305968290E-01
         468  0.1000000000E-11
         469  0.1000000000E-11
         470  0.1000000000E-11
         471  0.1000000000E-11
         472  0.1000000000E-11
         473  0.1000000000E-11
         474  0.1000000000E-11
         475  0.1000000000E-11
         476  0.1000000000E-11
         477  0.1000000000E-11
         478  0.1000000000E-11
         479  0.1000000000E-11
         480  0.1000000000E-11
         481  0.2586114752E+01
         482  0.1000000000E-11
         483  0.2586114752E+01
         484  0.1000000000E-11
         485  0.1836019733E+01
         486  0.7005569537E+00
         487  0.1000000000E-11
         488  0.4642119593E+00
         489  0.1000000000E-11
         490  0.1000000000E-11
         491  0.1000000000E-11
         492  0.1000000000E-11
         493  0.1000000000E-11
         494  0.1000000000E-11
         495  0.1000000000E-11
         496  0.1000000000E-11
         497  0.1000000000E-11
         498  0.1000000000E-11
         499  0.1000000000E-11
         500  0.1000000000E-11
         501  0.1000000000E-11
         502  0.1000000000E-11
         503  0.1000000000E-11
         504  0.1000000000E-11
         505  0.1000000000E-11
         506  0.6139407844E+00
         507  0.1000000000E-11
         508  0.1000000000E-11
         509  0.1000000000E-11
         510  0.1000000000E-11
         511  0.1000000000E-11
         512  0.1000000000E-11
         513  0.6321925184E-03
         514  0.2350475926E-03
         515  0.2053623300E-03
         516  0.7405805579E-02
         517  0.1000000000E-11
         518  0.1000000000E-11
         519  0.1000000000E-11
         520  0.1000000000E-11
         521  0.1000000000E-11
         522  0.1000000000E-11
         523  0.1000000000E-11
         524  0.1000000000E-11
         525  0.1000000000E-11
         526  0.1000000000E-11
         527  0.1000000000E-11
         528  0.1000000000E-11
         529  0.1000000000E-11
         530  0.1000000000E-11
         531  0.1000000000E-11
         532  0.1000000000E-11
         533  0.1000000000E-11
         534  0.1000000000E-11
         535  0.1000000000E-11
         536  0.1000000000E-11
         537  0.1000000000E-11
         538  0.1000000000E-11
         539  0.1000000000E-11
         540  0.1000000000E-11
         541  0.1000000000E-11
         542  0.1000000000E-11
         543  0.1000000000E-11
         544  0.1000000000E-11
         545  0.1000000000E-11
         546  0.1000000000E-11
         547  0.1000000000E-11
         548  0.1000000000E-11
         549  0.1000000000E-11
         550  0.1000000000E-11
         551  0.1000000000E-11
         552  0.1000000000E-11
         553  0.1000000000E-11
         554  0.1000000000E-11
         555  0.1000000000E-11
         556  0.1000000000E-11
         557  0.1000000000E-11
         558  0.1000000000E-11
         559  0.1000000000E-11
         560  0.1000000000E-11
         561  0.1000000000E-11
         562  0.1000000000E-11
         563  0.1000000000E-11
         564  0.1000000000E-11
         565  0.1000000000E-11
         566  0.1000000000E-11
         567  0.1000000000E-11
         568  0.1000000000E-11
         569  0.1000000000E-11
         570  0.1000000000E-11
         571  0.1000000000E-11
         572  0.1000000000E-11
         573  0.1000000000E-11
         574  0.1000000000E-11
         575  0.1000000000E-11
         576  0.1000000000E-11
         577  0.1000000000E-11
         578  0.1000000000E-11
         579  0.1000000000E-11
         580  0.1000000000E-11
         581  0.1000000000E-11
         582  0.1000000000E-11
         583  0.1000000000E-11
         584  0.1000000000E-11
         585  0.1000000000E-11
         586  0.1000000000E-11
         587  0.1000000000E-11
         588  0.1000000000E-11
         589  0.1000000000E-11
         590  0.1000000000E-11
         591  0.1308454196E+01
         592  0.1000000000E-11
         593  0.1000000000E-11
         594  0.1000000000E-11
         595  0.1000000000E-11
         596  0.1000000000E-11
         597  0.1000000000E-11
         598  0.1000000000E-11
         599  0.1000000000E-11
         600  0.1000000000E-11
         601  0.1000000000E-11
         602  0.2609638434E+00
         603  0.7407335363E+00
         604  0.2247687573E+00
         605  0.1000000000E-11
         606  0.1000000000E-11
         607  0.1000000000E-11
         608  0.1000000000E-11
         609  0.1000000000E-11
         610  0.1000000000E-11
         611  0.1000000000E-11
         612  0.1000000000E-11
         613  0.1000000000E-11
         614  0.1000000000E-11
         615  0.1000000000E-11
         616  0.1000000000E-11
         617  0.1000000000E-11
         618  0.1000000000E-11
         619  0.1000000000E-11
         620  0.1000000000E-11
         621  0.1000000000E-11
         622  0.1000000000E-11
         623  0.1000000000E-11
         624  0.1000000000E-11
         625  0.1000000000E-11
         626  0.1000000000E-11
         627  0.1000000000E-11
         628  0.1000000000E-11
         629  0.1000000000E-11
         630  0.1000000000E-11
         631  0.1000000000E-11
         632  0.1000000000E-11
         633  0.1000000000E-11
         634  0.1000000000E-11
         635  0.1000000000E-11
         636  0.1000000000E-11
         637  0.1000000000E-11
         638  0.1000000000E-11
         639  0.1000000000E-11
         640  0.1000000000E-11
         641  0.1000000000E-11
         642  0.1000000000E-11
         643  0.1000000000E-11
         644  0.1000000000E-11
         645  0.1000000000E-11
         646  0.1000000000E-11
         647  0.1000000000E-11
         648  0.1000000000E-11
         649  0.1000000000E-11
         650  0.1000000000E-11
         651  0.1000000000E-11
         652  0.1000000000E-11
         653  0.1000000000E-11
         654  0.1000000000E-11
         655  0.1000000000E-11
         656  0.1000000000E-11
         657  0.1000000000E-11
         658  0.1000000000E-11
         659  0.1000000000E-11
         660  0.1000000000E-11
         661  0.1000000000E-11
         662  0.1000000000E-11
         663  0.1000000000E-11
         664  0.1000000000E-11
         665  0.1000000000E-11
         666  0.1000000000E-11
         667  0.1000000000E-11
         668  0.1000000000E-11
         669  0.1000000000E-11
         670  0.1000000000E-11
         671  0.1000000000E-11
         672  0.1000000000E-11
         673  0.1000000000E-11
         674  0.1000000000E-11
         675  0.1000000000E-11
         676  0.1000000000E-11
         677  0.1000000000E-11
         678  0.1000000000E-11
         679  0.1000000000E-11
         680  0.1000000000E-11
         681  0.1000000000E-11
         682  0.1000000000E-11
         683  0.1000000000E-11
         684  0.1000000000E-11
         685  0.1000000000E-11
         686  0.1000000000E-11
         687  0.1000000000E-11
         688  0.1000000000E-11
         689  0.1000000000E-11
         690  0.1000000000E-11
         691  0.1000000000E-11
         692  0.1000000000E-11
         693  0.1000000000E-11
         694  0.1000000000E-11
         695  0.1000000000E-11
         696  0.1000000000E-11
         697  0.1000000000E-11
         698  0.1000000000E-11
         699  0.1000000000E-11
         700  0.1000000000E-11
         701  0.1000000000E-11
         702  0.1000000000E-11
         703  0.1000000000E-11
         704  0.1000000000E-11
         705  0.1000000000E-11
         706  0.1000000000E-11
         707  0.1000000000E-11
         708  0.1000000000E-11
         709  0.1000000000E-11
         710  0.1000000000E-11
         711  0.1000000000E-11
         712  0.1000000000E-11
         713  0.1007265064E+00
         714  0.2554205421E-03
         715  0.1000000000E-11
         716  0.1062045892E-01
         717  0.1000000000E-11
         718  0.1000000000E-11
         719  0.1000000000E-11
         720  0.1000000000E-11
         721  0.1000000000E-11
         722  0.1000000000E-11
         723  0.1000000000E-11
         724  0.1000000000E-11
         725  0.1000000000E-11
         726  0.1000000000E-11
         727  0.1000000000E-11
         728  0.1000000000E-11
         729  0.1000000000E-11
         730  0.1000000000E-11
         731  0.1000000000E-11
         732  0.1000000000E-11
         733  0.1000000000E-11
         734  0.1000000000E-11
         735  0.1000000000E-11
         736  0.1000000000E-11
         737  0.1000000000E-11
         738  0.1000000000E-11
         739  0.1000000000E-11
         740  0.1000000000E-11
         741  0.3256688418E+01
         742  0.1061180152E+01
         743  0.1000000000E-11
         744  0.7288184433E+00
         745  0.1000000000E-11
         746  0.1000000000E-11
         747  0.1000000000E-11
         748  0.1000000000E-11
         749  0.1000000000E-11
         750  0.1000000000E-11
         751  0.1000000000E-11
         752  0.1000000000E-11
         753  0.1000000000E-11
         754  0.1000000000E-11
         755  0.1000000000E-11
         756  0.1000000000E-11
         757  0.1000000000E-11
         758  0.1000000000E-11
         759  0.1000000000E-11
         760  0.1000000000E-11
         761  0.1000000000E-11
         762  0.1000000000E-11
         763  0.1000000000E-11
         764  0.1000000000E-11
         765  0.1000000000E-11
         766  0.1000000000E-11
         767  0.1000000000E-11
         768  0.2339922111E-02
         769  0.1000000000E-11
         770  0.1000000000E-11
         771  0.1000000000E-11
         772  0.1000000000E-11
         773  0.1000000000E-11
         774  0.1000000000E-11
         775  0.1387174995E-01
         776  0.2590023835E-01
         777  0.1000000000E-11
         778  0.1000000000E-11
         779  0.1000000000E-11
         780  0.1000000000E-11
         781  0.1000000000E-11
         782  0.1000000000E-11
         783  0.1000000000E-11
         784  0.1000000000E-11
         785  0.1000000000E-11
         786  0.1000000000E-11
         787  0.1000000000E-11
         788  0.1000000000E-11
         789  0.1357699924E-01
         790  0.1000000000E-11
         791  0.1000000000E-11
         792  0.8610404592E-03
         793  0.1000000000E-11
         794  0.1000000000E-11
         795  0.1000000000E-11
         796  0.1000000000E-11
         797  0.1000000000E-11
         798  0.1000000000E-11
         799  0.1000000000E-11
         800  0.1000000000E-11
         801  0.1000000000E-11
         802  0.1000000000E-11
         803  0.1000000000E-11
         804  0.1000000000E-11
         805  0.1000000000E-11
         806  0.1000000000E-11
         807  0.1000000000E-11
         808  0.1000000000E-11
         809  0.1000000000E-11
         810  0.1000000000E-11
         811  0.1000000000E-11
         812  0.1000000000E-11
         813  0.1000000000E-11
         814  0.1000000000E-11
         815  0.1000000000E-11
         816  0.1000000000E-11
         817  0.1000000000E-11
         818  0.1000000000E-11
         819  0.1000000000E-11
         820  0.1000000000E-11
         821  0.1000000000E-11
         822  0.1000000000E-11
         823  0.1000000000E-11
         824  0.1000000000E-11
         825  0.3361709303E-02
         826  0.1764737205E-03
         827  0.4690874529E-01
         828  0.2849753655E-02
         829  0.1000000000E-11
         830  0.1000000000E-11
         831  0.5196966161E-03
         832  0.1000000000E-11
         833  0.1000000000E-11
         834  0.1000000000E-11
         835  0.1000000000E-11
         836  0.1000000000E-11
         837  0.1000000000E-11
         838  0.1000000000E-11
         839  0.1000000000E-11
         840  0.1000000000E-11
         841  0.1000000000E-11
         842  0.1000000000E-11
         843  0.1000000000E-11
         844  0.1000000000E-11
         845  0.1000000000E-11
         846  0.1000000000E-11
         847  0.1000000000E-11
         848  0.1000000000E-11
         849  0.1000000000E-11
         850  0.1000000000E-11
         851  0.1000000000E-11
         852  0.1000000000E-11
         853  0.1000000000E-11
         854  0.1000000000E-11
         855  0.1000000000E-11
         856  0.1000000000E-11
         857  0.1000000000E-11
         858  0.1000000000E-11
         859  0.1000000000E-11
         860  0.1000000000E-11
         861  0.7359381033E+00
         862  0.1000000000E-11
         863  0.1000000000E-11
         864  0.1000000000E-11
         865  0.1000000000E-11
         866  0.1000000000E-11
         867  0.1000000000E-11
         868  0.1000000000E-11
         869  0.4609184091E+00
         870  0.1000000000E-11
         871  0.1000000000E-11
         872  0.1000000000E-11
         873  0.1000000000E-11
         874  0.1000000000E-11
         875  0.1000000000E-11
         876  0.1000000000E-11
         877  0.1000000000E-11
         878  0.1000000000E-11
         879  0.1000000000E-11
         880  0.1000000000E-11
         881  0.1895153481E+01
         882  0.2006613594E+01
         883  0.7048030825E+01
         884  0.1000000000E-11
         885  0.1000000000E-11
         886  0.1000000000E-11
         887  0.1000000000E-11
         888  0.1000000000E-11
         889  0.1000000000E-11
         890  0.1000000000E-11
         891  0.1000000000E-11
         892  0.1000000000E-11
         893  0.1000000000E-11
         894  0.1000000000E-11
         895  0.1000000000E-11
         896  0.1000000000E-11
         897  0.1000000000E-11
         898  0.1000000000E-11
         899  0.1000000000E-11
         900  0.1000000000E-11
         901  0.1000000000E-11
         902  0.1000000000E-11
         903  0.1000000000E-11
         904  0.1000000000E-11
         905  0.1000000000E-11
         906  0.1000000000E-11
         907  0.1000000000E-11
         908  0.1000000000E-11
         909  0.1000000000E-11
         910  0.1000000000E-11
         911  0.1000000000E-11
         912  0.1000000000E-11
         913  0.1000000000E-11
         914  0.1000000000E-11
         915  0.1000000000E-11
         916  0.1000000000E-11
         917  0.1000000000E-11
         918  0.1000000000E-11
         919  0.1000000000E-11
         920  0.1000000000E-11
         921  0.1000000000E-11
         922  0.1000000000E-11
         923  0.1000000000E-11
         924  0.1000000000E-11
         925  0.1000000000E-11
         926  0.1000000000E-11
         927  0.1000000000E-11
         928  0.1000000000E-11
         929  0.1000000000E-11
         930  0.1000000000E-11
         931  0.1000000000E-11
         932  0.1000000000E-11
         933  0.1000000000E-11
         934  0.1000000000E-11
         935  0.1000000000E-11
         936  0.1000000000E-11
         937  0.1000000000E-11
         938  0.1000000000E-11
         939  0.1000000000E-11
         940  0.1000000000E-11
         941  0.1000000000E-11
         942  0.1000000000E-11
         943  0.1000000000E-11
         944  0.1000000000E-11
         945  0.1000000000E-11
         946  0.1000000000E-11
         947  0.1000000000E-11
         948  0.1000000000E-11
         949  0.1000000000E-11
         950  0.1000000000E-11
         951  0.1000000000E-11
         952  0.1000000000E-11
         953  0.1000000000E-11
         954  0.1000000000E-11
         955  0.1000000000E-11
         956  0.1000000000E-11
         957  0.1000000000E-11
         958  0.1000000000E-11
         959  0.1000000000E-11
         960  0.1000000000E-11
         961  0.1000000000E-11
         962  0.1000000000E-11
         963  0.1000000000E-11
         964  0.1000000000E-11
         965  0.1000000000E-11
         966  0.1000000000E-11
         967  0.1000000000E-11
         968  0.1000000000E-11
         969  0.1000000000E-11
         970  0.1000000000E-11
         971  0.1000000000E-11
         972  0.1000000000E-11
         973  0.1000000000E-11
         974  0.1000000000E-11
         975  0.1000000000E-11
         976  0.1000000000E-11
         977  0.1000000000E-11
         978  0.1000000000E-11
         979  0.1000000000E-11
         980  0.1000000000E-11
         981  0.1000000000E-11
         982  0.1000000000E-11
         983  0.1000000000E-11
         984  0.1000000000E-11
         985  0.1000000000E-11
         986  0.1000000000E-11
         987  0.1000000000E-11
         988  0.1000000000E-11
         989  0.1000000000E-11
         990  0.1000000000E-11
         991  0.1000000000E-11
         992  0.1000000000E-11
         993  0.1000000000E-11
         994  0.1000000000E-11
         995  0.1000000000E-11
         996  0.1000000000E-11
         997  0.1000000000E-11
         998  0.1000000000E-11
         999  0.1000000000E-11
        1000  0.1000000000E-11
        1001  0.1000000000E-11
        1002  0.1000000000E-11
        1003  0.1000000000E-11
        1004  0.1000000000E-11
        1005  0.1000000000E-11
        1006  0.1000000000E-11
        1007  0.1000000000E-11
        1008  0.1000000000E-11
        1009  0.1000000000E-11
        1010  0.1000000000E-11
        1011  0.1000000000E-11
        1012  0.1000000000E-11
        1013  0.1000000000E-11
        1014  0.1000000000E-11
        1015  0.1000000000E-11
        1016  0.1000000000E-11
        1017  0.1000000000E-11
        1018  0.1000000000E-11
        1019  0.1000000000E-11
        1020  0.1000000000E-11
        1021  0.1000000000E-11
        1022  0.6038957198E+01
        1023  0.6038957198E+01
        1024  0.1000000000E-11
        1025  0.1000000000E-11
        1026  0.1000000000E-11
        1027  0.1000000000E-11
        1028  0.1000000000E-11
        1029  0.1000000000E-11
        1030  0.1000000000E-11
        1031  0.1000000000E-11
        1032  0.1000000000E-11
        1033  0.1000000000E-11
        1034  0.1000000000E-11
        1035  0.1000000000E-11
        1036  0.1000000000E-11
        1037  0.1000000000E-11
        1038  0.1000000000E-11
        1039  0.1000000000E-11
        1040  0.1000000000E-11
        1041  0.4755870362E+01
        1042  0.1000000000E-11
        1043  0.4755870362E+01
        1044  0.1000000000E-11
        1045  0.6470185175E-03
        1046  0.1000000000E-11
        1047  0.1000000000E-11
        1048  0.1000000000E-11
        1049  0.1000000000E-11
        1050  0.1000000000E-11
        1051  0.1000000000E-11
        1052  0.1000000000E-11
        1053  0.1000000000E-11
        1054  0.1000000000E-11
        1055  0.1000000000E-11
        1056  0.1000000000E-11
        1057  0.1000000000E-11
        1058  0.1000000000E-11
        1059  0.1000000000E-11
        1060  0.1000000000E-11
        1061  0.1000000000E-11
        1062  0.1000000000E-11
        1063  0.1000000000E-11
        1064  0.1000000000E-11
        1065  0.1000000000E-11
        1066  0.1000000000E-11
        1067  0.1226442281E+02
        1068  0.1000000000E-11
        1069  0.1000000000E-11
        1070  0.1000000000E-11
        1071  0.1000000000E-11
        1072  0.1000000000E-11
        1073  0.1000000000E-11
        1074  0.1000000000E-11
        1075  0.1000000000E-11
        1076  0.1000000000E-11
        1077  0.1000000000E-11
        1078  0.1000000000E-11
        1079  0.1000000000E-11
        1080  0.1000000000E-11
        1081  0.1000000000E-11
        1082  0.1000000000E-11
        1083  0.1000000000E-11
        1084  0.1000000000E-11
        1085  0.1000000000E-11
        1086  0.1000000000E-11
        1087  0.1000000000E-11
        1088  0.1000000000E-11
        1089  0.1000000000E-11
        1090  0.1000000000E-11
        1091  0.1000000000E-11
        1092  0.1000000000E-11
        1093  0.1000000000E-11
        1094  0.1000000000E-11
        1095  0.1000000000E-11
        1096  0.1000000000E-11
        1097  0.1000000000E-11
        1098  0.1000000000E-11
        1099  0.1000000000E-11
        1100  0.1000000000E-11
        1101  0.1000000000E-11
        1102  0.1000000000E-11
        1103  0.1000000000E-11
        1104  0.1000000000E-11
        1105  0.1000000000E-11
        1106  0.1000000000E-11
        1107  0.1000000000E-11
        1108  0.1000000000E-11
        1109  0.1000000000E-11
        1110  0.1000000000E-11
        1111  0.1000000000E-11
        1112  0.1000000000E-11
        1113  0.1000000000E-11
        1114  0.1000000000E-11
        1115  0.1000000000E-11
        1116  0.1000000000E-11
        1117  0.1000000000E-11
        1118  0.1000000000E-11
        1119  0.1000000000E-11
        1120  0.1000000000E-11
        1121  0.1000000000E-11
        1122  0.7809097987E+01
        1123  0.7809097987E+01
        1124  0.1000000000E-11
        1125  0.1000000000E-11
        1126  0.1000000000E-11
        1127  0.1000000000E-11
        1128  0.1000000000E-11
        1129  0.1000000000E-11
        1130  0.1000000000E-11
        1131  0.1000000000E-11
        1132  0.1000000000E-11
        1133  0.1000000000E-11
        1134  0.1000000000E-11
        1135  0.1000000000E-11
        1136  0.1000000000E-11
        1137  0.1000000000E-11
        1138  0.1000000000E-11
        1139  0.1000000000E-11
        1140  0.1000000000E-11
        1141  0.1000000000E-11
        1142  0.1000000000E-11
        1143  0.1000000000E-11
        1144  0.1000000000E-11
        1145  0.1000000000E-11
        1146  0.1000000000E-11
        1147  0.1000000000E-11
        1148  0.1000000000E-11
        1149  0.1000000000E-11
        1150  0.1000000000E-11
        1151  0.1000000000E-11
        1152  0.1000000000E-11
        1153  0.1684011451E+00
        1154  0.8203673939E-02
        1155  0.2949221356E+01
        1156  0.1000000000E-11
        1157  0.1000000000E-11
        1158  0.1000000000E-11
        1159  0.1000000000E-11
        1160  0.1000000000E-11
        1161  0.1000000000E-11
        1162  0.1000000000E-11
        1163  0.1000000000E-11
        1164  0.1000000000E-11
        1165  0.1000000000E-11
        1166  0.1000000000E-11
        1167  0.1000000000E-11
        1168  0.1000000000E-11
        1169  0.1000000000E-11
        1170  0.1000000000E-11
        1171  0.1000000000E-11
        1172  0.1000000000E-11
        1173  0.1000000000E-11
        1174  0.1000000000E-11
        1175  0.1000000000E-11
        1176  0.1000000000E-11
        1177  0.1000000000E-11
        1178  0.1000000000E-11
        1179  0.1000000000E-11
        1180  0.1000000000E-11
        1181  0.1000000000E-11
        1182  0.1000000000E-11
        1183  0.1000000000E-11
        1184  0.1000000000E-11
        1185  0.1000000000E-11
        1186  0.1000000000E-11
        1187  0.1000000000E-11
        1188  0.1000000000E-11
        1189  0.1000000000E-11
        1190  0.1000000000E-11
        1191  0.1000000000E-11
        1192  0.1000000000E-11
        1193  0.1000000000E-11
        1194  0.1000000000E-11
        1195  0.1000000000E-11
        1196  0.1000000000E-11
        1197  0.1000000000E-11
        1198  0.1000000000E-11
        1199  0.1000000000E-11
        1200  0.1000000000E-11
        1201  0.1000000000E-11
        1202  0.1000000000E-11
        1203  0.1000000000E-11
        1204  0.1000000000E-11
        1205  0.1000000000E-11
        1206  0.1000000000E-11
        1207  0.1000000000E-11
        1208  0.1000000000E-11
        1209  0.1000000000E-11
        1210  0.1000000000E-11
        1211  0.1000000000E-11
        1212  0.1000000000E-11
        1213  0.1000000000E-11
        1214  0.1000000000E-11
        1215  0.1000000000E-11
        1216  0.1000000000E-11
        1217  0.1000000000E-11
        1218  0.1000000000E-11
        1219  0.1000000000E-11
        1220  0.1000000000E-11
        1221  0.1000000000E-11
        1222  0.1000000000E-11
        1223  0.1000000000E-11
        1224  0.1000000000E-11
        1225  0.1000000000E-11
        1226  0.1000000000E-11
        1227  0.1000000000E-11
        1228  0.1000000000E-11
        1229  0.1000000000E-11
        1230  0.1000000000E-11
        1231  0.1000000000E-11
        1232  0.1000000000E-11
        1233  0.1000000000E-11
        1234  0.1000000000E-11
        1235  0.1000000000E-11
        1236  0.1000000000E-11
        1237  0.1000000000E-11
        1238  0.1000000000E-11
        1239  0.1000000000E-11
        1240  0.1000000000E-11
        1241  0.1000000000E-11
        1242  0.1000000000E-11
        1243  0.1000000000E-11
        1244  0.1000000000E-11
        1245  0.1000000000E-11
        1246  0.1000000000E-11
        1247  0.1000000000E-11
        1248  0.1000000000E-11
        1249  0.1000000000E-11
        1250  0.1000000000E-11
        1251  0.1000000000E-11
        1252  0.1000000000E-11
        1253  0.1000000000E-11
        1254  0.1000000000E-11
        1255  0.1000000000E-11
        1256  0.1000000000E-11
        1257  0.1000000000E-11
        1258  0.1000000000E-11
        1259  0.1000000000E-11
        1260  0.1000000000E-11
        1261  0.1000000000E-11
        1262  0.1000000000E-11
        1263  0.1000000000E-11
        1264  0.1000000000E-11
        1265  0.1000000000E-11
        1266  0.1000000000E-11
        1267  0.1000000000E-11
        1268  0.1000000000E-11
        1269  0.1000000000E-11
        1270  0.1000000000E-11
        1271  0.1000000000E-11
        1272  0.1000000000E-11
        1273  0.1000000000E-11
        1274  0.1000000000E-11
        1275  0.1000000000E-11
        1276  0.1000000000E-11
        1277  0.1000000000E-11
        1278  0.1000000000E-11
        1279  0.1000000000E-11
        1280  0.1000000000E-11
        1281  0.1000000000E-11
        1282  0.1000000000E-11
        1283  0.1000000000E-11
        1284  0.1000000000E-11
        1285  0.1000000000E-11
        1286  0.1000000000E-11
        1287  0.1000000000E-11
        1288  0.1000000000E-11
        1289  0.1000000000E-11
        1290  0.1000000000E-11
        1291  0.1000000000E-11
        1292  0.1000000000E-11
        1293  0.1000000000E-11
        1294  0.1000000000E-11
        1295  0.1000000000E-11
        1296  0.1000000000E-11
        1297  0.1000000000E-11
        1298  0.1000000000E-11
        1299  0.1000000000E-11
        1300  0.1000000000E-11
        1301  0.1000000000E-11
        1302  0.1000000000E-11
        1303  0.1000000000E-11
        1304  0.1000000000E-11
        1305  0.1000000000E-11
        1306  0.1000000000E-11
        1307  0.1000000000E-11
        1308  0.1000000000E-11
        1309  0.1000000000E-11
        1310  0.1000000000E-11
        1311  0.1000000000E-11
        1312  0.1000000000E-11
        1313  0.1000000000E-11
        1314  0.1000000000E-11
        1315  0.1000000000E-11
        1316  0.1000000000E-11
        1317  0.1000000000E-11
        1318  0.1000000000E-11
        1319  0.1000000000E-11
        1320  0.1000000000E-11
        1321  0.1000000000E-11
        1322  0.1000000000E-11
        1323  0.1000000000E-11
        1324  0.1000000000E-11
        1325  0.1000000000E-11
        1326  0.1000000000E-11
        1327  0.1000000000E-11
        1328  0.1000000000E-11
        1329  0.1000000000E-11
        1330  0.1000000000E-11
        1331  0.1000000000E-11
        1332  0.1000000000E-11
        1333  0.1000000000E-11
        1334  0.1000000000E-11
        1335  0.1000000000E-11
        1336  0.1000000000E-11
        1337  0.2045845108E-03
        1338  0.1000000000E-11
        1339  0.2279067077E-02
        1340  0.1320045153E-02
        1341  0.1000000000E-11
        1342  0.2687976919E-02
        1343  0.1000000000E-11
        1344  0.4303264419E-01
        1345  0.1000000000E-11
        1346  0.1000000000E-11
        1347  0.1000000000E-11
        1348  0.1000000000E-11
        1349  0.1000000000E-11
        1350  0.8345498477E+00
        1351  0.2759543555E+00
        1352  0.4571905203E-03
        1353  0.4099414423E-03
        1354  0.6385712348E-03
        1355  0.2968026989E+00
        1356  0.2425023856E-01
        1357  0.3026777522E-02
        1358  0.1726971390E-01
        1359  0.4928860799E-03
        1360  0.1000000000E-11
        1361  0.1000000000E-11
        1362  0.7757637818E-02
        1363  0.1000000000E-11
        1364  0.1000000000E-11
        1365  0.1000000000E-11
        1366  0.1000000000E-11
        1367  0.1000000000E-11
        1368  0.1000000000E-11
        1369  0.1000000000E-11
        1370  0.1000000000E-11
        1371  0.1000000000E-11
        1372  0.1000000000E-11
        1373  0.1000000000E-11
        1374  0.1000000000E-11
        1375  0.1000000000E-11
        1376  0.1000000000E-11
        1377  0.1000000000E-11
        1378  0.1000000000E-11
        1379  0.1000000000E-11
        1380  0.1000000000E-11
        1381  0.1000000000E-11
        1382  0.1000000000E-11
        1383  0.1000000000E-11
        1384  0.1000000000E-11
        1385  0.1000000000E-11
        1386  0.1000000000E-11
        1387  0.1000000000E-11
        1388  0.1000000000E-11
        1389  0.1000000000E-11
        1390  0.1000000000E-11
        1391  0.1000000000E-11
        1392  0.1000000000E-11
        1393  0.1000000000E-11
        1394  0.1000000000E-11
        1395  0.1000000000E-11
        1396  0.1000000000E-11
        1397  0.1000000000E-11
        1398  0.1000000000E-11
        1399  0.1000000000E-11
        1400  0.1000000000E-11
        1401  0.1000000000E-11
        1402  0.1000000000E-11
        1403  0.1000000000E-11
        1404  0.1000000000E-11
        1405  0.1000000000E-11
        1406  0.1000000000E-11
        1407  0.1000000000E-11
        1408  0.1000000000E-11
        1409  0.1000000000E-11
        1410  0.1000000000E-11
        1411  0.1000000000E-11
        1412  0.1000000000E-11
        1413  0.1000000000E-11
        1414  0.1000000000E-11
        1415  0.1000000000E-11
        1416  0.1000000000E-11
        1417  0.1000000000E-11
        1418  0.1000000000E-11
        1419  0.1000000000E-11
        1420  0.1000000000E-11
        1421  0.1000000000E-11
        1422  0.1000000000E-11
        1423  0.1000000000E-11
        1424  0.1000000000E-11
        1425  0.1000000000E-11
        1426  0.1000000000E-11
        1427  0.1000000000E-11
        1428  0.1000000000E-11
        1429  0.1000000000E-11
        1430  0.1000000000E-11
        1431  0.1000000000E-11
        1432  0.1000000000E-11
        1433  0.1000000000E-11
        1434  0.1000000000E-11
        1435  0.1000000000E-11
        1436  0.1000000000E-11
        1437  0.1000000000E-11
        1438  0.1000000000E-11
        1439  0.1000000000E-11
        1440  0.1000000000E-11
        1441  0.1000000000E-11
        1442  0.1000000000E-11
        1443  0.1000000000E-11
        1444  0.1000000000E-11
        1445  0.1000000000E-11
        1446  0.1000000000E-11
        1447  0.1000000000E-11
        1448  0.1000000000E-11
        1449  0.4726576665E-03
        1450  0.1000000000E-11
        1451  0.1179147269E-02
        1452  0.7645365400E+01
        1453  0.1000000000E-11
        1454  0.1000000000E-11
        1455  0.1000000000E-11
        1456  0.1000000000E-11
        1457  0.1000000000E-11
        1458  0.1000000000E-11
        1459  0.1000000000E-11
        1460  0.1000000000E-11
        1461  0.1000000000E-11
        1462  0.1000000000E-11
        1463  0.1000000000E-11
        1464  0.1000000000E-11
        1465  0.1000000000E-11
        1466  0.1000000000E-11
        1467  0.1000000000E-11
        1468  0.1000000000E-11
        1469  0.1000000000E-11
        1470  0.1000000000E-11
        1471  0.1000000000E-11
        1472  0.1000000000E-11
        1473  0.1000000000E-11
        1474  0.1000000000E-11
        1475  0.1000000000E-11
        1476  0.1000000000E-11
        1477  0.1000000000E-11
        1478  0.1000000000E-11
        1479  0.7189215257E+01
        1480  0.7189215257E+01
        1481  0.1000000000E-11
        1482  0.1000000000E-11
        1483  0.1000000000E-11
        1484  0.1131967342E+02
        1485  0.1000000000E-11
        1486  0.1000000000E-11
        1487  0.1000000000E-11
        1488  0.1000000000E-11
        1489  0.1000000000E-11
        1490  0.1000000000E-11
        1491  0.1000000000E-11
        1492  0.1000000000E-11
        1493  0.1000000000E-11
        1494  0.1000000000E-11
        1495  0.1000000000E-11
        1496  0.1000000000E-11
        1497  0.1000000000E-11
        1498  0.1000000000E-11
        1499  0.1000000000E-11
        1500  0.1000000000E-11
        1501  0.1000000000E-11
        1502  0.1000000000E-11
        1503  0.1000000000E-11
        1504  0.1000000000E-11
        1505  0.1000000000E-11
        1506  0.1000000000E-11
        1507  0.1000000000E-11
        1508  0.1000000000E-11
        1509  0.1000000000E-11
        1510  0.1000000000E-11
        1511  0.1000000000E-11
        1512  0.1000000000E-11
        1513  0.1000000000E-11
        1514  0.1000000000E-11
        1515  0.1000000000E-11
        1516  0.1000000000E-11
        1517  0.1000000000E-11
        1518  0.1000000000E-11
        1519  0.1000000000E-11
        1520  0.1000000000E-11
        1521  0.1000000000E-11
        1522  0.1000000000E-11
        1523  0.1000000000E-11
        1524  0.1000000000E-11
        1525  0.1000000000E-11
        1526  0.1000000000E-11
        1527  0.1000000000E-11
        1528  0.1000000000E-11
        1529  0.1000000000E-11
        1530  0.7131178084E+01
        1531  0.1000000000E-11
        1532  0.7131178084E+01
        1533  0.1000000000E-11
        1534  0.1000000000E-11
        1535  0.1000000000E-11
        1536  0.1000000000E-11
        1537  0.1000000000E-11
        1538  0.1000000000E-11
        1539  0.1000000000E-11
        1540  0.1000000000E-11
        1541  0.4011631938E-02
        1542  0.5432835426E+00
        1543  0.5314121611E-02
        1544  0.1000000000E-11
        1545  0.5915802023E+01
        1546  0.3885604196E-02
        1547  0.1000000000E-11
        1548  0.5813402039E+01
        1549  0.1000000000E-11
        1550  0.1000000000E-11
        1551  0.1000000000E-11
        1552  0.1000000000E-11
        1553  0.1000000000E-11
        1554  0.1000000000E-11
        1555  0.1000000000E-11
        1556  0.1000000000E-11
        1557  0.1000000000E-11
        1558  0.1000000000E-11
        1559  0.1000000000E-11
        1560  0.1000000000E-11
        1561  0.1000000000E-11
        1562  0.1000000000E-11
        1563  0.1000000000E-11
        1564  0.1000000000E-11
        1565  0.1000000000E-11
        1566  0.2053603162E-02
        1567  0.1000000000E-11
        1568  0.5310254401E-01
        1569  0.1825380742E-02
        1570  0.1000000000E-11
        1571  0.1000000000E-11
        1572  0.1524062455E+01
        1573  0.1000000000E-11
        1574  0.1000000000E-11
        1575  0.1000000000E-11
        1576  0.1000000000E-11
        1577  0.1000000000E-11
        1578  0.1000000000E-11
        1579  0.1000000000E-11
        1580  0.1000000000E-11
        1581  0.2995968626E-02
        1582  0.1247358622E+00
        1583  0.7205878553E-01
        1584  0.1008548777E+00
        1585  0.5255164136E+00
        1586  0.4819628582E+00
        1587  0.1353855001E-02
        1588  0.4719478137E+00
        1589  0.1000000000E-11
        1590  0.1917118921E-02
        1591  0.4249631894E-03
        1592  0.1357647960E+01
        1593  0.1000000000E-11
        1594  0.1000000000E-11
        1595  0.1000000000E-11
        1596  0.1000000000E-11
        1597  0.1000000000E-11
        1598  0.1000000000E-11
        1599  0.1000000000E-11
        1600  0.1000000000E-11
        1601  0.1000000000E-11
        1602  0.1000000000E-11
        1603  0.1000000000E-11
        1604  0.1000000000E-11
        1605  0.1000000000E-11
        1606  0.1000000000E-11
        1607  0.1000000000E-11
        1608  0.1000000000E-11
        1609  0.1000000000E-11
        1610  0.1000000000E-11
        1611  0.1000000000E-11
        1612  0.1000000000E-11
        1613  0.1000000000E-11
        1614  0.1000000000E-11
        1615  0.1000000000E-11
        1616  0.1000000000E-11
        1617  0.1000000000E-11
        1618  0.1000000000E-11
        1619  0.1000000000E-11
        1620  0.1000000000E-11
        1621  0.1000000000E-11
        1622  0.1000000000E-11
        1623  0.1000000000E-11
        1624  0.1000000000E-11
        1625  0.1000000000E-11
        1626  0.1000000000E-11
        1627  0.1000000000E-11
        1628  0.1000000000E-11
        1629  0.1000000000E-11
        1630  0.1000000000E-11
        1631  0.1000000000E-11
        1632  0.1000000000E-11
        1633  0.1000000000E-11
        1634  0.1000000000E-11
        1635  0.1000000000E-11
        1636  0.1000000000E-11
        1637  0.1000000000E-11
        1638  0.1000000000E-11
        1639  0.1000000000E-11
        1640  0.1000000000E-11
        1641  0.1000000000E-11
        1642  0.1000000000E-11
        1643  0.1000000000E-11
        1644  0.1000000000E-11
        1645  0.1000000000E-11
        1646  0.1000000000E-11
        1647  0.1000000000E-11
        1648  0.1000000000E-11
        1649  0.1000000000E-11
        1650  0.1000000000E-11
        1651  0.1000000000E-11
        1652  0.1000000000E-11
        1653  0.1000000000E-11
        1654  0.1000000000E-11
        1655  0.1000000000E-11
        1656  0.1000000000E-11
        1657  0.1000000000E-11
        1658  0.1000000000E-11
        1659  0.1000000000E-11
        1660  0.1000000000E-11
        1661  0.1000000000E-11
        1662  0.1000000000E-11
        1663  0.1000000000E-11
        1664  0.1000000000E-11
        1665  0.1000000000E-11
        1666  0.1000000000E-11
        1667  0.1000000000E-11
        1668  0.1000000000E-11
        1669  0.1000000000E-11
        1670  0.1000000000E-11
        1671  0.1000000000E-11
        1672  0.1000000000E-11
        1673  0.1000000000E-11
        1674  0.1000000000E-11
        1675  0.1000000000E-11
        1676  0.1000000000E-11
        1677  0.1000000000E-11
        1678  0.1000000000E-11
        1679  0.1000000000E-11
        1680  0.1000000000E-11
        1681  0.1000000000E-11
        1682  0.1000000000E-11
        1683  0.1000000000E-11
        1684  0.1000000000E-11
        1685  0.1000000000E-11
        1686  0.1000000000E-11
        1687  0.1000000000E-11
        1688  0.1000000000E-11
        1689  0.1000000000E-11
        1690  0.1000000000E-11
        1691  0.1000000000E-11
        1692  0.1000000000E-11
        1693  0.1000000000E-11
        1694  0.1000000000E-11
        1695  0.1000000000E-11
        1696  0.1000000000E-11
        1697  0.1000000000E-11
        1698  0.1000000000E-11
        1699  0.1000000000E-11
        1700  0.1000000000E-11
        1701  0.1000000000E-11
        1702  0.1000000000E-11
        1703  0.1000000000E-11
        1704  0.1000000000E-11
        1705  0.1000000000E-11
        1706  0.1000000000E-11
        1707  0.1000000000E-11
        1708  0.1000000000E-11
        1709  0.1000000000E-11
        1710  0.1000000000E-11
        1711  0.1000000000E-11
        1712  0.1000000000E-11
        1713  0.1000000000E-11
        1714  0.1000000000E-11
        1715  0.1000000000E-11
        1716  0.1000000000E-11
        1717  0.1000000000E-11
        1718  0.1000000000E-11
        1719  0.1000000000E-11
        1720  0.1000000000E-11
        1721  0.1000000000E-11
        1722  0.1000000000E-11
        1723  0.1000000000E-11
        1724  0.1000000000E-11
        1725  0.1000000000E-11
        1726  0.1000000000E-11
        1727  0.1000000000E-11
        1728  0.1000000000E-11
        1729  0.1000000000E-11
        1730  0.1000000000E-11
        1731  0.1000000000E-11
        1732  0.1000000000E-11
        1733  0.1000000000E-11
        1734  0.1000000000E-11
        1735  0.1000000000E-11
        1736  0.1000000000E-11
        1737  0.1000000000E-11
        1738  0.1000000000E-11
        1739  0.1000000000E-11
        1740  0.1000000000E-11
        1741  0.1000000000E-11
        1742  0.1000000000E-11
        1743  0.1000000000E-11
        1744  0.1000000000E-11
        1745  0.1000000000E-11
        1746  0.1000000000E-11
        1747  0.1000000000E-11
        1748  0.1000000000E-11
        1749  0.1000000000E-11
        1750  0.1000000000E-11
        1751  0.1000000000E-11
        1752  0.1000000000E-11
        1753  0.1000000000E-11
        1754  0.1000000000E-11
        1755  0.1000000000E-11
        1756  0.1000000000E-11
        1757  0.5584817810E-02
        1758  0.1000000000E-11
        1759  0.1000000000E-11
        1760  0.1000000000E-11
        1761  0.1000000000E-11
        1762  0.1000000000E-11
        1763  0.1000000000E-11
        1764  0.1000000000E-11
        1765  0.1000000000E-11
        1766  0.1000000000E-11
        1767  0.1000000000E-11
        1768  0.1000000000E-11
        1769  0.1000000000E-11
        1770  0.1000000000E-11
        1771  0.1000000000E-11
        1772  0.1000000000E-11
        1773  0.1000000000E-11
        1774  0.1000000000E-11
        1775  0.1000000000E-11
        1776  0.1000000000E-11
        1777  0.1000000000E-11
        1778  0.1000000000E-11
        1779  0.1000000000E-11
        1780  0.1000000000E-11
        1781  0.1000000000E-11
        1782  0.1000000000E-11
        1783  0.1000000000E-11
        1784  0.1000000000E-11
        1785  0.1000000000E-11
        1786  0.1000000000E-11
        1787  0.1000000000E-11
        1788  0.1000000000E-11
        1789  0.1000000000E-11
        1790  0.1000000000E-11
        1791  0.1000000000E-11
        1792  0.1000000000E-11
        1793  0.1000000000E-11
        1794  0.1000000000E-11
        1795  0.1000000000E-11
        1796  0.1000000000E-11
        1797  0.1000000000E-11
        1798  0.1000000000E-11
        1799  0.1000000000E-11
        1800  0.1000000000E-11
        1801  0.1000000000E-11
        1802  0.1000000000E-11
        1803  0.1000000000E-11
        1804  0.1000000000E-11
        1805  0.1000000000E-11
        1806  0.1000000000E-11
        1807  0.1000000000E-11
        1808  0.1000000000E-11
        1809  0.1000000000E-11
        1810  0.1000000000E-11
        1811  0.1000000000E-11
        1812  0.1000000000E-11
        1813  0.1000000000E-11
        1814  0.1000000000E-11
        1815  0.1000000000E-11
        1816  0.1000000000E-11
        1817  0.1000000000E-11
        1818  0.1000000000E-11
        1819  0.1000000000E-11
        1820  0.1000000000E-11
        1821  0.1000000000E-11
        1822  0.1000000000E-11
        1823  0.1000000000E-11
        1824  0.1000000000E-11
        1825  0.1000000000E-11
        1826  0.1000000000E-11
        1827  0.1000000000E-11
        1828  0.1000000000E-11
        1829  0.1000000000E-11
        1830  0.1000000000E-11
        1831  0.1000000000E-11
        1832  0.1000000000E-11
        1833  0.9467404182E-02
        1834  0.1000000000E-11
        1835  0.1000000000E-11
        1836  0.1000000000E-11
        1837  0.6480002981E+00
        1838  0.2316101972E-01
        1839  0.1152807382E-01
        1840  0.1037273240E+00
        1841  0.1000000000E-11
        1842  0.1000000000E-11
        1843  0.1000000000E-11
        1844  0.1000000000E-11
        1845  0.1000000000E-11
        1846  0.1000000000E-11
        1847  0.1000000000E-11
        1848  0.1000000000E-11
        1849  0.1000000000E-11
        1850  0.1000000000E-11
        1851  0.1000000000E-11
        1852  0.1000000000E-11
        1853  0.1000000000E-11
        1854  0.1000000000E-11
        1855  0.1000000000E-11
        1856  0.1000000000E-11
        1857  0.1000000000E-11
        1858  0.1000000000E-11
        1859  0.1000000000E-11
        1860  0.1000000000E-11
        1861  0.1000000000E-11
        1862  0.1000000000E-11
        1863  0.1000000000E-11
        1864  0.1000000000E-11
        1865  0.1000000000E-11
        1866  0.1000000000E-11
        1867  0.1000000000E-11
        1868  0.1000000000E-11
        1869  0.1000000000E-11
        1870  0.1000000000E-11
        1871  0.1000000000E-11
        1872  0.1000000000E-11
        1873  0.1000000000E-11
        1874  0.1000000000E-11
        1875  0.1000000000E-11
        1876  0.1000000000E-11
        1877  0.1000000000E-11
        1878  0.1000000000E-11
        1879  0.1000000000E-11
        1880  0.1000000000E-11
        1881  0.1000000000E-11
        1882  0.1000000000E-11
        1883  0.1000000000E-11
        1884  0.1000000000E-11
        1885  0.1000000000E-11
        1886  0.1514153802E-01
        1887  0.1000000000E-11
        1888  0.1000000000E-11
        1889  0.1000000000E-11
        1890  0.1000000000E-11
        1891  0.1000000000E-11
        1892  0.1000000000E-11
        1893  0.1000000000E-11
        1894  0.1000000000E-11
        1895  0.1000000000E-11
        1896  0.1000000000E-11
        1897  0.1000000000E-11
        1898  0.1000000000E-11
        1899  0.1000000000E-11
        1900  0.1000000000E-11
        1901  0.1000000000E-11
        1902  0.1000000000E-11
        1903  0.1000000000E-11
        1904  0.1000000000E-11
        1905  0.1000000000E-11
        1906  0.1000000000E-11
        1907  0.1000000000E-11
        1908  0.1000000000E-11
        1909  0.1000000000E-11
        1910  0.1000000000E-11
        1911  0.1000000000E-11
        1912  0.1000000000E-11
        1913  0.1000000000E-11
        1914  0.1000000000E-11
        1915  0.1000000000E-11
        1916  0.1000000000E-11
        1917  0.1000000000E-11
        1918  0.1000000000E-11
        1919  0.1000000000E-11
        1920  0.1000000000E-11
        1921  0.1000000000E-11
        1922  0.1000000000E-11
        1923  0.9531117479E-03
        1924  0.7766956767E-03
        1925  0.1000000000E-11
        1926  0.1000000000E-11
        1927  0.1000000000E-11
        1928  0.1000000000E-11
        1929  0.1000000000E-11
        1930  0.1000000000E-11
        1931  0.1000000000E-11
        1932  0.1000000000E-11
        1933  0.1000000000E-11
        1934  0.1000000000E-11
        1935  0.1000000000E-11
        1936  0.1000000000E-11
        1937  0.1000000000E-11
        1938  0.1000000000E-11
        1939  0.1000000000E-11
        1940  0.1000000000E-11
        1941  0.5222059667E-02
        1942  0.1000000000E-11
        1943  0.1700889549E-02
        1944  0.2563895698E-03
        1945  0.1000000000E-11
        1946  0.1000000000E-11
        1947  0.1000000000E-11
        1948  0.1000000000E-11
        1949  0.1000000000E-11
        1950  0.1000000000E-11
        1951  0.1000000000E-11
        1952  0.1000000000E-11
        1953  0.1000000000E-11
        1954  0.1000000000E-11
        1955  0.1000000000E-11
        1956  0.1000000000E-11
        1957  0.1000000000E-11
        1958  0.1000000000E-11
        1959  0.1000000000E-11
        1960  0.1000000000E-11
        1961  0.1000000000E-11
        1962  0.1000000000E-11
        1963  0.1000000000E-11
        1964  0.1000000000E-11
        1965  0.2333837491E-02
        1966  0.1000000000E-11
        1967  0.1000000000E-11
        1968  0.1000000000E-11
        1969  0.1000000000E-11
        1970  0.1000000000E-11
        1971  0.1000000000E-11
        1972  0.1000000000E-11
        1973  0.1000000000E-11
        1974  0.1000000000E-11
        1975  0.1000000000E-11
        1976  0.1000000000E-11
        1977  0.1000000000E-11
        1978  0.1000000000E-11
        1979  0.1000000000E-11
        1980  0.1000000000E-11
        1981  0.1000000000E-11
        1982  0.1000000000E-11
        1983  0.1000000000E-11
        1984  0.1000000000E-11
        1985  0.1000000000E-11
        1986  0.1000000000E-11
        1987  0.1000000000E-11
        1988  0.1000000000E-11
        1989  0.1000000000E-11
        1990  0.1000000000E-11
        1991  0.1000000000E-11
        1992  0.1000000000E-11
        1993  0.1000000000E-11
        1994  0.1000000000E-11
        1995  0.1000000000E-11
        1996  0.1000000000E-11
        1997  0.1000000000E-11
        1998  0.1000000000E-11
        1999  0.1000000000E-11
        2000  0.1000000000E-11
        2001  0.1000000000E-11
        2002  0.1000000000E-11
        2003  0.1000000000E-11
        2004  0.1000000000E-11
        2005  0.1000000000E-11
        2006  0.1000000000E-11
        2007  0.1000000000E-11
        2008  0.1000000000E-11
        2009  0.1000000000E-11
        2010  0.1000000000E-11
        2011  0.1000000000E-11
        2012  0.1000000000E-11
        2013  0.1000000000E-11
        2014  0.1000000000E-11
        2015  0.1000000000E-11
        2016  0.1000000000E-11
        2017  0.1000000000E-11
        2018  0.1000000000E-11
        2019  0.1000000000E-11
        2020  0.1000000000E-11
        2021  0.1000000000E-11
        2022  0.1000000000E-11
        2023  0.1000000000E-11
        2024  0.1000000000E-11
        2025  0.1000000000E-11
        2026  0.1000000000E-11
        2027  0.1000000000E-11
        2028  0.1000000000E-11
        2029  0.1000000000E-11
        2030  0.1000000000E-11
        2031  0.1000000000E-11
        2032  0.1000000000E-11
        2033  0.1000000000E-11
        2034  0.1000000000E-11
        2035  0.1000000000E-11
        2036  0.1000000000E-11
        2037  0.1000000000E-11
        2038  0.1000000000E-11
        2039  0.1000000000E-11
        2040  0.1000000000E-11
        2041  0.1000000000E-11
        2042  0.1000000000E-11
        2043  0.1000000000E-11
        2044  0.1000000000E-11
        2045  0.1000000000E-11
        2046  0.1000000000E-11
        2047  0.1000000000E-11
        2048  0.1000000000E-11
        2049  0.1000000000E-11
        2050  0.1000000000E-11
        2051  0.1000000000E-11
        2052  0.1000000000E-11
        2053  0.1000000000E-11
        2054  0.1000000000E-11
        2055  0.1000000000E-11
        2056  0.1000000000E-11
        2057  0.1000000000E-11
        2058  0.1000000000E-11
        2059  0.1000000000E-11
        2060  0.1000000000E-11
        2061  0.1000000000E-11
        2062  0.1000000000E-11
        2063  0.1000000000E-11
        2064  0.1000000000E-11
        2065  0.1000000000E-11
        2066  0.1000000000E-11
        2067  0.1000000000E-11
        2068  0.1000000000E-11
        2069  0.1000000000E-11
        2070  0.1000000000E-11
        2071  0.1000000000E-11
        2072  0.1000000000E-11
        2073  0.1000000000E-11
        2074  0.1000000000E-11
        2075  0.1000000000E-11
        2076  0.1000000000E-11
        2077  0.1000000000E-11
        2078  0.1000000000E-11
        2079  0.1000000000E-11
        2080  0.1000000000E-11
        2081  0.1000000000E-11
        2082  0.1000000000E-11
        2083  0.1000000000E-11
        2084  0.1000000000E-11
        2085  0.1000000000E-11
        2086  0.1000000000E-11
        2087  0.1000000000E-11
        2088  0.1000000000E-11
        2089  0.1000000000E-11
        2090  0.1000000000E-11
        2091  0.1000000000E-11
        2092  0.1000000000E-11
        2093  0.1000000000E-11
        2094  0.1000000000E-11
        2095  0.1000000000E-11
        2096  0.1000000000E-11
        2097  0.1000000000E-11
        2098  0.1000000000E-11
        2099  0.1000000000E-11
        2100  0.1000000000E-11
        2101  0.1000000000E-11
        2102  0.1000000000E-11
        2103  0.1000000000E-11
        2104  0.1000000000E-11
        2105  0.1000000000E-11
        2106  0.1000000000E-11
        2107  0.1000000000E-11
        2108  0.1000000000E-11
        2109  0.1000000000E-11
        2110  0.1000000000E-11
        2111  0.1000000000E-11
        2112  0.1000000000E-11
        2113  0.1000000000E-11
        2114  0.1000000000E-11
        2115  0.1000000000E-11
        2116  0.1000000000E-11
        2117  0.1000000000E-11
        2118  0.1000000000E-11
        2119  0.1000000000E-11
        2120  0.1000000000E-11
        2121  0.1000000000E-11
        2122  0.1000000000E-11
        2123  0.1000000000E-11
        2124  0.1000000000E-11
        2125  0.1000000000E-11
        2126  0.1000000000E-11
        2127  0.1000000000E-11
        2128  0.1000000000E-11
        2129  0.1000000000E-11
        2130  0.1000000000E-11
        2131  0.1000000000E-11
        2132  0.1000000000E-11
        2133  0.1000000000E-11
        2134  0.1000000000E-11
        2135  0.1000000000E-11
        2136  0.1000000000E-11
        2137  0.1000000000E-11
        2138  0.1000000000E-11
        2139  0.1000000000E-11
        2140  0.1000000000E-11
        2141  0.1000000000E-11
        2142  0.1000000000E-11
        2143  0.1000000000E-11
        2144  0.1000000000E-11
        2145  0.1000000000E-11
        2146  0.1000000000E-11
        2147  0.1000000000E-11
        2148  0.1000000000E-11
        2149  0.1000000000E-11
        2150  0.1000000000E-11
        2151  0.1000000000E-11
        2152  0.1000000000E-11
        2153  0.1000000000E-11
        2154  0.1000000000E-11
        2155  0.1000000000E-11
        2156  0.1000000000E-11
        2157  0.1000000000E-11
        2158  0.1000000000E-11
        2159  0.1000000000E-11
        2160  0.1000000000E-11
        2161  0.1000000000E-11
        2162  0.1000000000E-11
        2163  0.1000000000E-11
        2164  0.1000000000E-11
        2165  0.1000000000E-11
        2166  0.1000000000E-11
        2167  0.1000000000E-11
        2168  0.1000000000E-11
        2169  0.1000000000E-11
        2170  0.1000000000E-11
        2171  0.1000000000E-11
        2172  0.1000000000E-11
        2173  0.1000000000E-11
        2174  0.1000000000E-11
        2175  0.1000000000E-11
        2176  0.1000000000E-11
        2177  0.1000000000E-11
        2178  0.1000000000E-11
        2179  0.1000000000E-11
        2180  0.1000000000E-11
        2181  0.1000000000E-11
        2182  0.1000000000E-11
        2183  0.1000000000E-11
        2184  0.1000000000E-11
        2185  0.1000000000E-11
        2186  0.1000000000E-11
        2187  0.1000000000E-11
        2188  0.1000000000E-11
        2189  0.1000000000E-11
        2190  0.6626339489E-02
        2191  0.1000000000E-11
        2192  0.1000000000E-11
        2193  0.1000000000E-11
        2194  0.1000000000E-11
        2195  0.1000000000E-11
        2196  0.1000000000E-11
        2197  0.1000000000E-11
        2198  0.1000000000E-11
        2199  0.1000000000E-11
        2200  0.1000000000E-11
        2201  0.1000000000E-11
        2202  0.1000000000E-11
        2203  0.1000000000E-11
        2204  0.1000000000E-11
        2205  0.1000000000E-11
        2206  0.1000000000E-11
        2207  0.1000000000E-11
        2208  0.1000000000E-11
        2209  0.1000000000E-11
        2210  0.1000000000E-11
        2211  0.1000000000E-11
        2212  0.1000000000E-11
        2213  0.3135318213E+00
        2214  0.5199593895E-03
        2215  0.1000000000E-11
        2216  0.1746856146E-01
        2217  0.6893095913E-02
        2218  0.1449386156E-01
        2219  0.1000000000E-11
        2220  0.5122160321E-03
        2221  0.5322900943E+00
        2222  0.1272659251E+00
        2223  0.6646347574E-02
        2224  0.1000000000E-11
        2225  0.1000000000E-11
        2226  0.1000000000E-11
        2227  0.1000000000E-11
        2228  0.1000000000E-11
        2229  0.1000000000E-11
        2230  0.1000000000E-11
        2231  0.1000000000E-11
        2232  0.1000000000E-11
        2233  0.3937494742E-03
        2234  0.2006192276E-01
        2235  0.2817338358E-02
        2236  0.1656522238E-01
        2237  0.1000000000E-11
        2238  0.1000000000E-11
        2239  0.1000000000E-11
        2240  0.1000000000E-11
        2241  0.1000000000E-11
        2242  0.1000000000E-11
        2243  0.1000000000E-11
        2244  0.1000000000E-11
        2245  0.3566073347E-01
        2246  0.2803676054E-01
        2247  0.2809465020E-02
        2248  0.2015257179E-02
        2249  0.1000000000E-11
        2250  0.1000000000E-11
        2251  0.1000000000E-11
        2252  0.1000000000E-11
        2253  0.1000000000E-11
        2254  0.1000000000E-11
        2255  0.1000000000E-11
        2256  0.1000000000E-11
        2257  0.1000000000E-11
        2258  0.1000000000E-11
        2259  0.3026661833E-02
        2260  0.2304855167E-02
        2261  0.1000000000E-11
        2262  0.1000000000E-11
        2263  0.1000000000E-11
        2264  0.1000000000E-11
        2265  0.1000000000E-11
        2266  0.1000000000E-11
        2267  0.1000000000E-11
        2268  0.1000000000E-11
        2269  0.1000000000E-11
        2270  0.1000000000E-11
        2271  0.4219928763E-03
        2272  0.1325917641E-01
        2273  0.1000000000E-11
        2274  0.1000000000E-11
        2275  0.4330484479E-03
        2276  0.1000000000E-11
        2277  0.1000000000E-11
        2278  0.1000000000E-11
        2279  0.1000000000E-11
        2280  0.1000000000E-11
        2281  0.1000000000E-11
        2282  0.1000000000E-11
        2283  0.1000000000E-11
        2284  0.1000000000E-11
        2285  0.1000000000E-11
        2286  0.1000000000E-11
        2287  0.1000000000E-11
        2288  0.1000000000E-11
        2289  0.1000000000E-11
        2290  0.1000000000E-11
        2291  0.1000000000E-11
        2292  0.1000000000E-11
        2293  0.1000000000E-11
        2294  0.1000000000E-11
        2295  0.1000000000E-11
        2296  0.1000000000E-11
        2297  0.1000000000E-11
        2298  0.1000000000E-11
        2299  0.1000000000E-11
        2300  0.1000000000E-11
        2301  0.1000000000E-11
        2302  0.1000000000E-11
        2303  0.1000000000E-11
        2304  0.1000000000E-11
        2305  0.1000000000E-11
        2306  0.1000000000E-11
        2307  0.1000000000E-11
        2308  0.1000000000E-11
        2309  0.1000000000E-11
        2310  0.1000000000E-11
        2311  0.1000000000E-11
        2312  0.1000000000E-11
        2313  0.1000000000E-11
        2314  0.1000000000E-11
        2315  0.1000000000E-11
        2316  0.1000000000E-11
        2317  0.1000000000E-11
        2318  0.1000000000E-11
        2319  0.1000000000E-11
        2320  0.1000000000E-11
        2321  0.1000000000E-11
        2322  0.1000000000E-11
        2323  0.1000000000E-11
        2324  0.1000000000E-11
        2325  0.1000000000E-11
        2326  0.1000000000E-11
        2327  0.1000000000E-11
        2328  0.1000000000E-11
        2329  0.1000000000E-11
        2330  0.1000000000E-11
        2331  0.1000000000E-11
        2332  0.1000000000E-11
        2333  0.1000000000E-11
        2334  0.1000000000E-11
        2335  0.1000000000E-11
        2336  0.1000000000E-11
        2337  0.1000000000E-11
        2338  0.1000000000E-11
        2339  0.1000000000E-11
        2340  0.1000000000E-11
        2341  0.1000000000E-11
        2342  0.1000000000E-11
        2343  0.1000000000E-11
        2344  0.1000000000E-11
        2345  0.1000000000E-11
        2346  0.1000000000E-11
        2347  0.1000000000E-11
        2348  0.1000000000E-11
        2349  0.9425909423E-02
        2350  0.1000000000E-11
        2351  0.1000000000E-11
        2352  0.2892810048E-02
        2353  0.1000000000E-11
        2354  0.1000000000E-11
        2355  0.1000000000E-11
        2356  0.1000000000E-11
        2357  0.1000000000E-11
        2358  0.1000000000E-11
        2359  0.1000000000E-11
        2360  0.1000000000E-11
        2361  0.1000000000E-11
        2362  0.1000000000E-11
        2363  0.1000000000E-11
        2364  0.1000000000E-11
        2365  0.1000000000E-11
        2366  0.1000000000E-11
        2367  0.1000000000E-11
        2368  0.1000000000E-11
  time 1.0e30 
