           1        2368
  time 0.0 
        2368
           1  0.3176549040E+01
           2  0.4821104275E+01
           3  0.3406831014E+01
           4  0.3947971078E+01
           5  0.9027792216E+00
           6  0.9711337974E+00
           7  0.9889350130E+00
           8  0.9536114758E+00
           9  0.1008748764E+02
          10  0.1480753426E+01
          11  0.3092906219E+01
          12  0.1196313812E+02
          13  0.7017763664E+00
          14  0.9682386687E+00
          15  0.7017763664E+00
          16  0.1254363896E+01
          17  0.9720385620E+00
          18  0.9333142267E+00
          19  0.1089392105E+01
          20  0.9062081834E+00
          21  0.1147101374E+00
          22  0.7469838996E-01
          23  0.2819810632E-01
          24  0.6219058287E-01
          25  0.2027245176E+01
          26  0.2190621619E+01
          27  0.4173039586E+01
          28  0.2342091432E+01
          29  0.1631289240E+01
          30  0.1749046121E+01
          31  0.1592528361E+01
          32  0.1639671643E+01
          33  0.1191366730E+01
          34  0.1109986055E+01
          35  0.1242638309E+01
          36  0.1181841510E+01
          37  0.1060043666E+01
          38  0.1010760955E+01
          39  0.1116212727E+01
          40  0.1058924590E+01
          41  0.1051864043E+01
          42  0.1026384390E+01
          43  0.1137429243E+01
          44  0.1064398936E+01
          45  0.1473616869E+01
          46  0.1702823765E+01
          47  0.1486622490E+01
          48  0.1519141128E+01
          49  0.7871792910E+01
          50  0.2755661333E+01
          51  0.4381353135E+01
          52  0.6323034112E+01
          53  0.9485746308E+00
          54  0.9824460703E+00
          55  0.9172488387E+00
          56  0.9451103129E+00
          57  0.3655853368E-01
          58  0.6846891755E-02
          59  0.1003834026E-01
          60  0.1522875592E-01
          61  0.1211534851E+01
          62  0.1270608460E+01
          63  0.1162215187E+01
          64  0.1225273921E+01
          65  0.2083019468E+01
          66  0.2051269310E+01
          67  0.2431588134E+01
          68  0.2136926117E+01
          69  0.4890168071E+00
          70  0.5049076314E+00
          71  0.6046270304E+00
          72  0.5294112438E+00
          73  0.7071395268E+00
          74  0.2516990120E+01
          75  0.3319877902E+00
          76  0.6670256964E+00
          77  0.1692278190E+01
          78  0.1443782375E+01
          79  0.1552667574E+01
          80  0.1549213552E+01
          81  0.1643549025E+01
          82  0.1785301818E+01
          83  0.2155615144E+01
          84  0.1748750958E+01
          85  0.9033467938E+01
          86  0.1554374157E+00
          87  0.1045967064E+02
          88  0.3541753514E+01
          89  0.4368020729E+01
          90  0.1164354349E+02
          91  0.2525365645E+01
          92  0.8133459016E+01
          93  0.2115228951E+00
          94  0.2738416775E+00
          95  0.3442866428E+00
          96  0.2622949302E+00
          97  0.7312417849E+00
          98  0.5692351727E+00
          99  0.7048736044E+00
         100  0.1083409546E+01
         101  0.3225287697E+01
         102  0.7682866494E+01
         103  0.2187926043E+01
         104  0.4167574792E+01
         105  0.3900527331E+00
         106  0.1452493708E+00
         107  0.3575544393E+00
         108  0.2242228121E+00
         109  0.5519432623E+00
         110  0.3139453673E+00
         111  0.4631092771E+00
         112  0.4084525744E+00
         113  0.1918552751E+00
         114  0.1788202597E+00
         115  0.1605264062E+00
         116  0.1713001968E+00
         117  0.1721597587E+01
         118  0.1471161586E+01
         119  0.1569905318E+01
         120  0.1599072081E+01
         121  0.1012027074E+01
         122  0.1008816245E+01
         123  0.9951808518E+00
         124  0.1004586590E+01
         125  0.2630388117E+01
         126  0.8385227136E+00
         127  0.6144082552E+00
         128  0.8954181666E+00
         129  0.6263722673E+00
         130  0.3487045181E+00
         131  0.4433751270E+00
         132  0.4877073285E+00
         133  0.1153284817E+01
         134  0.1009428919E+01
         135  0.9965636679E+00
         136  0.1040180031E+01
         137  0.9435806099E+01
         138  0.2529450851E+00
         139  0.8683425998E+01
         140  0.2725561287E+01
         141  0.1317119339E+01
         142  0.1062997050E+01
         143  0.3342404758E+01
         144  0.1441321906E+01
         145  0.7996523178E+00
         146  0.7150285011E+00
         147  0.8200331473E+00
         148  0.7574243403E+00
         149  0.6555899568E+00
         150  0.6766589422E+00
         151  0.5282274616E+00
         152  0.6159594957E+00
         153  0.1159261345E+01
         154  0.1690701586E+01
         155  0.4268782078E+01
         156  0.1791701796E+01
         157  0.4527450444E+01
         158  0.9891566074E+01
         159  0.1510498119E+02
         160  0.5174346942E+01
         161  0.3227482399E+01
         162  0.4611236591E+01
         163  0.3089285039E+01
         164  0.8978314373E+01
         165  0.3959373209E+01
         166  0.1688905382E+02
         167  0.5722859452E+01
         168  0.7287091276E+01
         169  0.5652276204E+01
         170  0.7947661840E+01
         171  0.9973099018E+01
         172  0.1613264920E+02
         173  0.9846233344E+00
         174  0.1103618052E+01
         175  0.1374186873E+02
         176  0.1661697328E+02
         177  0.9922535375E+00
         178  0.1385684832E+01
         179  0.1043076555E+01
         180  0.1030667626E+01
         181  0.1521583688E+02
         182  0.1515804400E+02
         183  0.6796360126E+01
         184  0.4640028912E+01
         185  0.9086966842E+00
         186  0.9664194029E+00
         187  0.9145986443E+00
         188  0.9984908918E+00
         189  0.1128236546E+01
         190  0.1100761831E+01
         191  0.1065802966E+01
         192  0.1103714600E+01
         193  0.3664296300E+00
         194  0.2806918208E+00
         195  0.2326363948E+00
         196  0.2761192378E+00
         197  0.2782491002E+01
         198  0.4456247629E+00
         199  0.8627657526E+00
         200  0.6979234671E+00
         201  0.1474688957E+02
         202  0.1521802082E+02
         203  0.7888415860E+01
         204  0.4663162676E+01
         205  0.6108118029E+01
         206  0.2529535150E+01
         207  0.1461752250E+02
         208  0.1079364630E+02
         209  0.8249826915E+01
         210  0.1452687827E+01
         211  0.5533401579E+01
         212  0.3531398308E+01
         213  0.6577751215E+01
         214  0.7178017841E+01
         215  0.5469717737E+01
         216  0.6741521979E+01
         217  0.1409703064E+02
         218  0.3390216160E+01
         219  0.6517946452E+01
         220  0.6836661967E+01
         221  0.8442420497E+01
         222  0.8414761410E+01
         223  0.1282076331E+02
         224  0.1665289152E+02
         225  0.1476152246E+01
         226  0.4406509931E+01
         227  0.7036225540E+00
         228  0.1916652608E+01
         229  0.2002193390E+00
         230  0.9931319820E-01
         231  0.1436759093E+00
         232  0.1560633275E+00
         233  0.3368933110E+01
         234  0.2029507190E+01
         235  0.1862192574E+01
         236  0.2032813313E+01
         237  0.4011988439E+01
         238  0.2854770957E+01
         239  0.2035478060E+01
         240  0.3100818742E+01
         241  0.2047406124E+01
         242  0.1848754621E+01
         243  0.2031731560E+01
         244  0.1925440172E+01
         245  0.1367101790E+01
         246  0.1263641100E+01
         247  0.1355657510E+01
         248  0.1350360337E+01
         249  0.8620452524E+00
         250  0.8795329821E+00
         251  0.9325867374E+00
         252  0.8973729135E+00
         253  0.9537712723E+00
         254  0.9392026740E+00
         255  0.9663176353E+00
         256  0.9562312027E+00
         257  0.4293380299E+01
         258  0.8478892862E+00
         259  0.2808826003E+01
         260  0.2307456099E+01
         261  0.1182268551E+02
         262  0.1180337051E+02
         263  0.1488501176E+01
         264  0.1326410684E+02
         265  0.2276063071E+01
         266  0.1788543975E+01
         267  0.2785802718E+01
         268  0.2184218096E+01
         269  0.2774010389E+01
         270  0.2358016682E+01
         271  0.2063697288E+01
         272  0.2307892972E+01
         273  0.1208010714E+02
         274  0.9130366745E+01
         275  0.8107737075E+01
         276  0.1649238884E+02
         277  0.2626611414E+01
         278  0.2112893246E+01
         279  0.3269515438E+01
         280  0.2632769942E+01
         281  0.1644740349E+00
         282  0.1873717037E+00
         283  0.2315585108E+01
         284  0.1649983399E+00
         285  0.3679706520E+01
         286  0.6131725606E+01
         287  0.4060419486E+01
         288  0.4320470677E+01
         289  0.3674705779E+01
         290  0.4126620365E+01
         291  0.1781758994E+01
         292  0.3313823664E+01
         293  0.5439106155E+01
         294  0.1176124592E+02
         295  0.5262443553E+01
         296  0.5842821665E+01
         297  0.3506621892E+01
         298  0.4732528595E+01
         299  0.2289737794E+01
         300  0.1323044556E+01
         301  0.3849865278E+01
         302  0.3290821656E+01
         303  0.5953301423E+01
         304  0.4073102778E+01
         305  0.2046808129E+01
         306  0.2441710251E+01
         307  0.1206661283E+01
         308  0.1959609495E+01
         309  0.2370181012E+01
         310  0.2242701182E+01
         311  0.2042838230E+01
         312  0.2244232051E+01
         313  0.3152085115E+01
         314  0.3142368026E+01
         315  0.2605778636E+01
         316  0.2895990990E+01
         317  0.3790466874E+01
         318  0.3772290562E+01
         319  0.1570581169E+02
         320  0.7064228199E+01
         321  0.1562786197E+01
         322  0.8039479584E+00
         323  0.1981971109E+01
         324  0.1468635793E+01
         325  0.3658390664E+00
         326  0.1786696121E+00
         327  0.2432234080E+00
         328  0.2712711954E+00
         329  0.1173945908E+01
         330  0.1143282608E+01
         331  0.7675033623E+00
         332  0.1251136348E+01
         333  0.1249134845E+01
         334  0.1428801925E+01
         335  0.1244019633E+01
         336  0.1369394206E+01
         337  0.2296977699E+01
         338  0.1920540429E+01
         339  0.2070610290E+01
         340  0.2443180523E+01
         341  0.3481558379E+01
         342  0.3700410290E+01
         343  0.2755456399E+01
         344  0.3340276519E+01
         345  0.2210623767E+01
         346  0.5779317505E+01
         347  0.7261368406E+01
         348  0.6195412396E+01
         349  0.3470237253E+01
         350  0.2028272880E+01
         351  0.5396671094E+01
         352  0.3644801942E+01
         353  0.6784622511E+01
         354  0.4660837271E+01
         355  0.7690485224E+01
         356  0.5639590458E+01
         357  0.4976676124E+01
         358  0.5473060490E+01
         359  0.4427384473E+01
         360  0.4935121405E+01
         361  0.2121403343E+01
         362  0.4252774546E+01
         363  0.2830147717E+01
         364  0.2606876109E+01
         365  0.1106599184E+01
         366  0.1067175669E+01
         367  0.1386981625E+01
         368  0.1028161738E+01
         369  0.1376478559E+01
         370  0.1254311795E+01
         371  0.1417589123E+01
         372  0.1350176705E+01
         373  0.1043317107E+01
         374  0.1018684513E+01
         375  0.1013688522E+01
         376  0.1027971431E+01
         377  0.4669292713E+01
         378  0.1770587929E+01
         379  0.1399973527E+01
         380  0.3227961495E+01
         381  0.2339208542E+01
         382  0.2083352212E+01
         383  0.1850885096E+01
         384  0.2129233298E+01
         385  0.2389125067E+01
         386  0.2942696536E+01
         387  0.2652812865E+01
         388  0.2632783263E+01
         389  0.8276164697E+01
         390  0.1160005455E+01
         391  0.8681314918E+00
         392  0.9864824183E+01
         393  0.1705602146E+01
         394  0.1747210067E+01
         395  0.1289424440E+01
         396  0.1700071211E+01
         397  0.2610727428E+01
         398  0.2760410501E+01
         399  0.3388795518E+01
         400  0.2875369467E+01
         401  0.2606195908E+01
         402  0.4570397185E+01
         403  0.3396234874E+01
         404  0.3093336298E+01
         405  0.8586396315E+00
         406  0.1377370334E+02
         407  0.5756851916E+01
         408  0.1128630036E+02
         409  0.6093933338E+00
         410  0.6218963295E+00
         411  0.6531515012E+00
         412  0.6202223901E+00
         413  0.6382725910E+00
         414  0.5693287391E+00
         415  0.6545986815E+00
         416  0.6236328911E+00
         417  0.2935032382E+01
         418  0.1738045956E+01
         419  0.2719744501E+01
         420  0.2524339594E+01
         421  0.7524080580E+00
         422  0.7143636537E+00
         423  0.7044724974E+00
         424  0.7276681290E+00
         425  0.2300809579E+01
         426  0.1832294233E+01
         427  0.2246901784E+01
         428  0.2161372758E+01
         429  0.2081877624E+01
         430  0.1084087353E+01
         431  0.1476840930E+01
         432  0.2133293133E+01
         433  0.8244190814E+00
         434  0.8537118063E+00
         435  0.2435947108E+01
         436  0.2100891058E+01
         437  0.1538666328E+02
         438  0.8961038261E+01
         439  0.1819781791E+01
         440  0.5061379113E+01
         441  0.3600368580E+01
         442  0.2882728535E+01
         443  0.3519426203E+01
         444  0.3469611183E+01
         445  0.1655813487E+01
         446  0.1770122321E+01
         447  0.1794982300E+01
         448  0.1747871319E+01
         449  0.1567408797E+01
         450  0.1484039468E+01
         451  0.1413003475E+01
         452  0.1503795185E+01
         453  0.1802350609E+01
         454  0.1781796881E+01
         455  0.1487284208E+01
         456  0.1692367851E+01
         457  0.1794580506E+01
         458  0.1822331030E+01
         459  0.1759245085E+01
         460  0.1786500015E+01
         461  0.1946688483E+01
         462  0.2002487065E+01
         463  0.1964984579E+01
         464  0.1965710432E+01
         465  0.1048791269E+02
         466  0.2574828715E+01
         467  0.3866774766E+01
         468  0.5361195919E+01
         469  0.1085020156E+01
         470  0.1146295876E+01
         471  0.1088329151E+01
         472  0.1101436920E+01
         473  0.1265256257E+01
         474  0.1113838231E+01
         475  0.1184926208E+01
         476  0.1202933181E+01
         477  0.5508712178E+01
         478  0.4744441995E+01
         479  0.5331911158E+01
         480  0.5217966420E+01
         481  0.6570400710E+00
         482  0.1051628641E+01
         483  0.6570400710E+00
         484  0.1449478566E+01
         485  0.7578583520E+00
         486  0.1119062089E+01
         487  0.1171160805E+01
         488  0.1287318618E+01
         489  0.1382796390E+01
         490  0.1227170048E+01
         491  0.1235755225E+01
         492  0.1267768324E+01
         493  0.1148005985E+01
         494  0.1162279529E+01
         495  0.1087159072E+01
         496  0.1136127161E+01
         497  0.1582126589E+01
         498  0.1334351983E+01
         499  0.1578622319E+01
         500  0.1512144653E+01
         501  0.1496051908E+01
         502  0.1732027533E+01
         503  0.1649648260E+01
         504  0.1649732828E+01
         505  0.2092580578E+01
         506  0.1074575228E+01
         507  0.2336827611E+01
         508  0.1391515390E+01
         509  0.2273703579E+01
         510  0.2789162764E+01
         511  0.2679322773E+01
         512  0.2633744198E+01
         513  0.1113932368E+02
         514  0.1572759834E+02
         515  0.1616436189E+02
         516  0.4908811102E+01
         517  0.2409002006E+00
         518  0.4318311151E+00
         519  0.1405972933E+01
         520  0.4771978482E+00
         521  0.8898392717E+00
         522  0.9147056735E+00
         523  0.8990806388E+00
         524  0.9040441813E+00
         525  0.1249496236E+01
         526  0.1343627607E+01
         527  0.1236882547E+01
         528  0.1261805401E+01
         529  0.2146477227E+01
         530  0.1929953934E+01
         531  0.1683442478E+01
         532  0.1931999264E+01
         533  0.8519278437E+01
         534  0.4692554384E+01
         535  0.3221903980E+01
         536  0.6068082150E+01
         537  0.4604446836E+01
         538  0.3153485601E+01
         539  0.2942522078E+01
         540  0.3365432436E+01
         541  0.2504388090E+01
         542  0.2557335384E+01
         543  0.2081378611E+01
         544  0.2379424031E+01
         545  0.7652426359E+00
         546  0.9344994341E+00
         547  0.1247946372E+01
         548  0.9874968584E+00
         549  0.1556908728E+01
         550  0.1670666633E+01
         551  0.1622373772E+01
         552  0.1629331390E+01
         553  0.1973030229E+01
         554  0.2354217736E+01
         555  0.1855670335E+01
         556  0.1986718792E+01
         557  0.1043027658E+01
         558  0.1084849623E+01
         559  0.1142538685E+01
         560  0.1075007113E+01
         561  0.1293501115E+01
         562  0.1434853879E+01
         563  0.1390783459E+01
         564  0.1374580713E+01
         565  0.1319041790E+01
         566  0.1426128322E+01
         567  0.1551919642E+01
         568  0.1402123837E+01
         569  0.9130768042E+00
         570  0.9298330860E+00
         571  0.8856704979E+00
         572  0.9140564490E+00
         573  0.1772977609E+01
         574  0.1951485129E+01
         575  0.1763498084E+01
         576  0.1809595670E+01
         577  0.1255235850E+01
         578  0.1357268046E+01
         579  0.1317197844E+01
         580  0.1322257993E+01
         581  0.1908496764E+01
         582  0.1845559595E+01
         583  0.1865122747E+01
         584  0.1857093079E+01
         585  0.2827519376E+01
         586  0.3422650365E+01
         587  0.5253044607E+01
         588  0.3780607241E+01
         589  0.1598452529E+01
         590  0.1723285241E+01
         591  0.8528148149E+00
         592  0.1218051870E+01
         593  0.1423373697E+01
         594  0.1272553157E+01
         595  0.1329614433E+01
         596  0.1334514895E+01
         597  0.3245356885E+01
         598  0.3192916233E+01
         599  0.2595187921E+01
         600  0.2913277795E+01
         601  0.1383411824E+01
         602  0.1548909811E+01
         603  0.1023444614E+01
         604  0.1626957877E+01
         605  0.1784213582E+01
         606  0.1744670827E+01
         607  0.1819547243E+01
         608  0.1791451495E+01
         609  0.1588330677E+01
         610  0.1561356841E+01
         611  0.1476488038E+01
         612  0.1549166890E+01
         613  0.4909664714E+00
         614  0.1999936353E+01
         615  0.7992041609E+01
         616  0.1970674810E+01
         617  0.1892275335E+01
         618  0.1909618091E+01
         619  0.1876232129E+01
         620  0.1888405426E+01
         621  0.5399895574E+00
         622  0.4197412201E+00
         623  0.4927416495E+00
         624  0.4935728842E+00
         625  0.1632968031E+01
         626  0.1654573579E+01
         627  0.1736424400E+01
         628  0.1665108725E+01
         629  0.2080450964E+01
         630  0.9548946825E+00
         631  0.1482681656E+01
         632  0.1410050393E+01
         633  0.1613420388E+01
         634  0.1611953061E+01
         635  0.1459667698E+01
         636  0.1538324443E+01
         637  0.1059019606E+01
         638  0.1015686107E+01
         639  0.1075206347E+01
         640  0.1055776208E+01
         641  0.2409714459E+00
         642  0.2765879819E+00
         643  0.4533779888E+00
         644  0.3434359864E+00
         645  0.1274637058E+01
         646  0.1178212430E+01
         647  0.1127823751E+01
         648  0.1171059398E+01
         649  0.1748524427E+01
         650  0.1673624836E+01
         651  0.1712270961E+01
         652  0.1706382437E+01
         653  0.1385292878E+01
         654  0.1502071642E+01
         655  0.1575119928E+01
         656  0.1510078136E+01
         657  0.1806509369E+01
         658  0.1824340337E+01
         659  0.1832637828E+01
         660  0.1825464756E+01
         661  0.1827317769E+01
         662  0.1884035061E+01
         663  0.1902745264E+01
         664  0.1871007728E+01
         665  0.4728260347E+01
         666  0.1824664894E+01
         667  0.3506699855E+01
         668  0.2218176655E+01
         669  0.1874224769E+01
         670  0.1855832121E+01
         671  0.1839922408E+01
         672  0.1856499475E+01
         673  0.2250200300E+01
         674  0.2646619118E+01
         675  0.2072725072E+01
         676  0.2300957840E+01
         677  0.7291432201E+00
         678  0.8166474594E+00
         679  0.7576450771E+00
         680  0.7814126299E+00
         681  0.1801148104E+01
         682  0.1814682981E+01
         683  0.1802783894E+01
         684  0.1805313544E+01
         685  0.1922282729E+01
         686  0.1919213434E+01
         687  0.1904514395E+01
         688  0.1916858561E+01
         689  0.2038053711E+01
         690  0.2092011186E+01
         691  0.1982163807E+01
         692  0.2057011880E+01
         693  0.1862763996E+01
         694  0.2069025088E+01
         695  0.1942368968E+01
         696  0.1952274234E+01
         697  0.2267468886E+01
         698  0.2209833802E+01
         699  0.2093775250E+01
         700  0.2163042605E+01
         701  0.1913147475E+01
         702  0.1913415179E+01
         703  0.1872158174E+01
         704  0.1907574201E+01
         705  0.2052310481E+01
         706  0.1870410439E+01
         707  0.1945981018E+01
         708  0.1949024455E+01
         709  0.3930446117E+01
         710  0.5831573618E+01
         711  0.3606072228E+01
         712  0.4437047722E+01
         713  0.2086950180E+01
         714  0.1546235018E+02
         715  0.1016326140E+02
         716  0.4535699421E+01
         717  0.1228112491E+01
         718  0.1335317215E+01
         719  0.1242851793E+01
         720  0.1270718534E+01
         721  0.1173658822E+01
         722  0.1104880610E+01
         723  0.1119560209E+01
         724  0.1124194452E+01
         725  0.1046561067E+01
         726  0.1156252214E+01
         727  0.1158763574E+01
         728  0.1127759486E+01
         729  0.1107034679E+01
         730  0.1183196196E+01
         731  0.1169776789E+01
         732  0.1163737894E+01
         733  0.8225464958E+00
         734  0.8569212827E+00
         735  0.8827294288E+00
         736  0.8402721236E+00
         737  0.1155863652E+01
         738  0.1073160368E+01
         739  0.1167916812E+01
         740  0.1147999159E+01
         741  0.6374032706E+00
         742  0.9765896321E+00
         743  0.1437804613E+01
         744  0.1109315425E+01
         745  0.1094253960E+01
         746  0.9444997515E+00
         747  0.1031613709E+01
         748  0.9778644290E+00
         749  0.1309977131E+01
         750  0.1240748805E+01
         751  0.1204287467E+01
         752  0.1241863407E+01
         753  0.1165257557E+01
         754  0.1185612391E+01
         755  0.1129829396E+01
         756  0.1165535594E+01
         757  0.9697508816E+00
         758  0.9554137456E+00
         759  0.9685862741E+00
         760  0.9643369635E+00
         761  0.9874043532E+00
         762  0.1006140521E+01
         763  0.9885179912E+00
         764  0.9898630425E+00
         765  0.9777169825E+01
         766  0.7900814818E+01
         767  0.3664489622E+01
         768  0.6896999514E+01
         769  0.1579816426E+01
         770  0.1458606040E+01
         771  0.1144382110E+01
         772  0.1379969576E+01
         773  0.3264192711E+01
         774  0.4652144285E+01
         775  0.4127328888E+01
         776  0.3166556354E+01
         777  0.5515515293E+00
         778  0.6845719347E+00
         779  0.3601915879E+00
         780  0.4772346505E+00
         781  0.7172057741E+00
         782  0.2966108718E+01
         783  0.3099565586E+01
         784  0.1877634028E+01
         785  0.1974778310E+01
         786  0.2688655555E+01
         787  0.2797524524E+01
         788  0.2354366306E+01
         789  0.4185261167E+01
         790  0.5596210234E+01
         791  0.9423040751E+01
         792  0.1038775361E+02
         793  0.3821329654E+00
         794  0.1892287535E+00
         795  0.4959071740E+00
         796  0.2967348033E+00
         797  0.8225508828E+00
         798  0.7521687374E+00
         799  0.3205776070E+00
         800  0.6290709486E+00
         801  0.1949185162E+01
         802  0.2145999098E+01
         803  0.2324870932E+01
         804  0.2128106487E+01
         805  0.4050019197E+00
         806  0.7257993347E+00
         807  0.6071539780E+00
         808  0.5417391600E+00
         809  0.7169207613E+00
         810  0.5997518810E+00
         811  0.1296476128E+01
         812  0.4331895513E+00
         813  0.1909526904E+01
         814  0.1995605522E+01
         815  0.2060413828E+01
         816  0.2017134655E+01
         817  0.2308479248E+00
         818  0.1422291212E+00
         819  0.3095509556E+00
         820  0.2432229176E+00
         821  0.1643804821E+01
         822  0.1672904641E+01
         823  0.1533383713E+01
         824  0.1659957041E+01
         825  0.6414750298E+01
         826  0.1746101296E+02
         827  0.2495334132E+01
         828  0.6923242992E+01
         829  0.2110258369E+01
         830  0.6503874273E+01
         831  0.1213347095E+02
         832  0.6304195463E+01
         833  0.2198444833E+01
         834  0.2196032819E+01
         835  0.2478479571E+01
         836  0.2264800360E+01
         837  0.2294506767E+01
         838  0.1746542839E+01
         839  0.1768124500E+01
         840  0.1957821144E+01
         841  0.1839594955E+01
         842  0.1993675913E+01
         843  0.1959037664E+01
         844  0.1942457598E+01
         845  0.1303372163E+01
         846  0.1364687959E+01
         847  0.1576385898E+01
         848  0.1396104281E+01
         849  0.9422832327E+00
         850  0.1003342583E+01
         851  0.1012182620E+01
         852  0.1000266164E+01
         853  0.1780997573E+01
         854  0.1761286839E+01
         855  0.1931966800E+01
         856  0.1810168589E+01
         857  0.1320396524E+01
         858  0.1560942432E+01
         859  0.1466448545E+01
         860  0.1441205831E+01
         861  0.1035783280E+01
         862  0.1414680791E+01
         863  0.1776507287E+01
         864  0.1482187032E+01
         865  0.1148359789E+01
         866  0.1257724807E+01
         867  0.1457487646E+01
         868  0.1225328301E+01
         869  0.1249568713E+01
         870  0.1604637346E+01
         871  0.1831952640E+01
         872  0.1320030597E+01
         873  0.9377134701E+00
         874  0.9551527000E+00
         875  0.9703603548E+00
         876  0.9589050569E+00
         877  0.9621415744E+00
         878  0.9663410926E+00
         879  0.9138821726E+00
         880  0.9452691279E+00
         881  0.7660968950E+00
         882  0.7416633698E+00
         883  0.4950168404E+00
         884  0.1538988993E+01
         885  0.7459121983E+00
         886  0.7983406378E+00
         887  0.8070734347E+00
         888  0.7747160277E+00
         889  0.9080388239E+00
         890  0.9466661188E+00
         891  0.9753895597E+00
         892  0.9485011255E+00
         893  0.1579677595E+01
         894  0.1467212640E+01
         895  0.1508469899E+01
         896  0.1512198541E+01
         897  0.1404239450E+01
         898  0.1432220116E+01
         899  0.1523958924E+01
         900  0.1446090579E+01
         901  0.9753895581E+00
         902  0.9674049155E+00
         903  0.9762744866E+00
         904  0.9732626140E+00
         905  0.1060410631E+01
         906  0.1020057470E+01
         907  0.1056193192E+01
         908  0.1045803697E+01
         909  0.4836873068E+01
         910  0.8241127160E+00
         911  0.7792693674E+00
         912  0.1015731106E+01
         913  0.1759442532E+01
         914  0.1190617991E+01
         915  0.4220261206E+01
         916  0.2190840022E+01
         917  0.1187935438E+01
         918  0.1010081079E+01
         919  0.1012839464E+01
         920  0.9977994931E+00
         921  0.1417517417E+01
         922  0.1339714355E+01
         923  0.1324841256E+01
         924  0.1381973319E+01
         925  0.1122819737E+01
         926  0.1064785623E+01
         927  0.1071577241E+01
         928  0.1079106765E+01
         929  0.8595522886E+00
         930  0.8294753069E+00
         931  0.8220378858E+00
         932  0.8408395428E+00
         933  0.1038178446E+01
         934  0.1020146828E+01
         935  0.1044849461E+01
         936  0.1036874470E+01
         937  0.1051533955E+01
         938  0.1030946814E+01
         939  0.1055046783E+01
         940  0.1048412642E+01
         941  0.9043903027E+00
         942  0.1189443551E+01
         943  0.1028857574E+01
         944  0.1084800474E+01
         945  0.9938171563E+00
         946  0.1011158511E+01
         947  0.1024250783E+01
         948  0.1007896469E+01
         949  0.1009322534E+01
         950  0.1010652544E+01
         951  0.9936341902E+00
         952  0.1006725861E+01
         953  0.1125327288E+01
         954  0.1072801111E+01
         955  0.1082525724E+01
         956  0.1094730747E+01
         957  0.9512431244E+00
         958  0.9713636013E+00
         959  0.9650476721E+00
         960  0.9597967329E+00
         961  0.9827130983E+00
         962  0.9877106289E+00
         963  0.9987151887E+00
         964  0.9910907040E+00
         965  0.1046985577E+01
         966  0.1026238884E+01
         967  0.1021650901E+01
         968  0.1028550769E+01
         969  0.1019113567E+01
         970  0.1024420705E+01
         971  0.1042167560E+01
         972  0.1026250243E+01
         973  0.9825062975E+00
         974  0.9773458288E+00
         975  0.9966654843E+00
         976  0.9869908780E+00
         977  0.9582866351E+00
         978  0.9647625587E+00
         979  0.9676314402E+00
         980  0.9626116933E+00
         981  0.9526358212E+00
         982  0.9666268414E+00
         983  0.9737449106E+00
         984  0.9654189682E+00
         985  0.8780101939E+00
         986  0.9396082220E+00
         987  0.9175028966E+00
         988  0.9024000637E+00
         989  0.9671376185E+00
         990  0.9729527435E+00
         991  0.9663591434E+00
         992  0.9678337152E+00
         993  0.9710660959E+00
         994  0.9664300000E+00
         995  0.9740415589E+00
         996  0.9714136895E+00
         997  0.1546210233E+01
         998  0.1448023950E+01
         999  0.1431624876E+01
        1000  0.1508478386E+01
        1001  0.1178191196E+01
        1002  0.1399417851E+01
        1003  0.1467734285E+01
        1004  0.1243793983E+01
        1005  0.9635178962E+00
        1006  0.9413958572E+00
        1007  0.9497561317E+00
        1008  0.9498909822E+00
        1009  0.9967115910E+00
        1010  0.9788224323E+00
        1011  0.9819764914E+00
        1012  0.9836369859E+00
        1013  0.9611775357E+00
        1014  0.9599818641E+00
        1015  0.9556680822E+00
        1016  0.9584622418E+00
        1017  0.9774743816E+00
        1018  0.9614005576E+00
        1019  0.9648139669E+00
        1020  0.9686394330E+00
        1021  0.1462110472E+01
        1022  0.4949803467E+00
        1023  0.4949803467E+00
        1024  0.1131286050E+01
        1025  0.8987870384E+00
        1026  0.8141209541E+00
        1027  0.8257800903E+00
        1028  0.8618953338E+00
        1029  0.2276096472E+01
        1030  0.1952575496E+01
        1031  0.1805812966E+01
        1032  0.1965584801E+01
        1033  0.1686201472E+01
        1034  0.2098354258E+01
        1035  0.2003733379E+01
        1036  0.2120307694E+01
        1037  0.9604436020E+00
        1038  0.9513871478E+00
        1039  0.9502453055E+00
        1040  0.9552476960E+00
        1041  0.5040750659E+00
        1042  0.9932457545E+00
        1043  0.5040750659E+00
        1044  0.1332800656E+01
        1045  0.1150938392E+02
        1046  0.2074298342E+01
        1047  0.3403809000E+01
        1048  0.8191995208E+01
        1049  0.3649842950E+00
        1050  0.4014808229E+00
        1051  0.3134323753E+00
        1052  0.3541321414E+00
        1053  0.7095062059E+00
        1054  0.7551682994E+00
        1055  0.6923941805E+00
        1056  0.7005376096E+00
        1057  0.1611366428E+00
        1058  0.3104807636E-01
        1059  0.8877761538E-01
        1060  0.7432188892E-01
        1061  0.1232293488E+00
        1062  0.2163024124E+00
        1063  0.3728582872E+00
        1064  0.2287245432E+00
        1065  0.7488440562E+00
        1066  0.6615159193E+00
        1067  0.4099495501E+00
        1068  0.5963539108E+00
        1069  0.1414509660E+01
        1070  0.1296089339E+01
        1071  0.1050468380E+01
        1072  0.1199945136E+01
        1073  0.1140165991E+01
        1074  0.1086276508E+01
        1075  0.1044785760E+01
        1076  0.1079157202E+01
        1077  0.1566445551E+00
        1078  0.5769741418E-01
        1079  0.1868778746E+00
        1080  0.1075226835E+00
        1081  0.1673199246E+01
        1082  0.1736412016E+01
        1083  0.1705367614E+01
        1084  0.1709712114E+01
        1085  0.9560770763E+00
        1086  0.9644654347E+00
        1087  0.9619616574E+00
        1088  0.9620674857E+00
        1089  0.1139675442E+01
        1090  0.1001380279E+01
        1091  0.1055318135E+01
        1092  0.1036480191E+01
        1093  0.9055692079E+00
        1094  0.9275773175E+00
        1095  0.8935409447E+00
        1096  0.9070628368E+00
        1097  0.1038029791E+01
        1098  0.9946006047E+00
        1099  0.9864710097E+00
        1100  0.1020336118E+01
        1101  0.8403620977E+00
        1102  0.7590233362E+00
        1103  0.8158907209E+00
        1104  0.7889853590E+00
        1105  0.9781712635E+00
        1106  0.9671288118E+00
        1107  0.9545181798E+00
        1108  0.9760374992E+00
        1109  0.9885080782E+00
        1110  0.1020639805E+01
        1111  0.9977840425E+00
        1112  0.1004010490E+01
        1113  0.1046460638E+01
        1114  0.1075234391E+01
        1115  0.1019943086E+01
        1116  0.1041280749E+01
        1117  0.9788594239E+00
        1118  0.7802688024E+00
        1119  0.1181131754E+01
        1120  0.9811313307E+00
        1121  0.1654819110E+01
        1122  0.4576046630E+00
        1123  0.4576046630E+00
        1124  0.1020579547E+01
        1125  0.8389288071E+00
        1126  0.9106651891E+00
        1127  0.8599562118E+00
        1128  0.8551451146E+00
        1129  0.9470928380E+00
        1130  0.9783158928E+00
        1131  0.1003107560E+01
        1132  0.9813691872E+00
        1133  0.1037993031E+01
        1134  0.1091910680E+01
        1135  0.1085894780E+01
        1136  0.1088568925E+01
        1137  0.1247244622E+01
        1138  0.1333357865E+01
        1139  0.1318834912E+01
        1140  0.1324581087E+01
        1141  0.8250279659E+00
        1142  0.8106043735E+00
        1143  0.8677519519E+00
        1144  0.8210832460E+00
        1145  0.9911138186E+00
        1146  0.9511769478E+00
        1147  0.9018901988E+00
        1148  0.9559377173E+00
        1149  0.9558465005E+00
        1150  0.9488012946E+00
        1151  0.9408135303E+00
        1152  0.9460038518E+00
        1153  0.1722594982E+01
        1154  0.4377315895E+01
        1155  0.6725592464E+00
        1156  0.6867041449E+01
        1157  0.9615437136E+00
        1158  0.9569867571E+00
        1159  0.9609388884E+00
        1160  0.9604289000E+00
        1161  0.7358409168E+00
        1162  0.7155337514E+00
        1163  0.7768298834E+00
        1164  0.7339362079E+00
        1165  0.1315549557E+01
        1166  0.1251453019E+01
        1167  0.1396737243E+01
        1168  0.1320744706E+01
        1169  0.9959996665E+00
        1170  0.7026999268E+00
        1171  0.9436642334E+00
        1172  0.8256477824E+00
        1173  0.9904697467E+00
        1174  0.1000792692E+01
        1175  0.9639240037E+00
        1176  0.9823248575E+00
        1177  0.9951372620E+00
        1178  0.1059949272E+01
        1179  0.1015443525E+01
        1180  0.1016892631E+01
        1181  0.1015316596E+01
        1182  0.1040722392E+01
        1183  0.1004259953E+01
        1184  0.1015844340E+01
        1185  0.1003219605E+01
        1186  0.1041248709E+01
        1187  0.1024908759E+01
        1188  0.1027385652E+01
        1189  0.7217617260E+00
        1190  0.6843331261E+00
        1191  0.7567824094E+00
        1192  0.7182559886E+00
        1193  0.1734075760E+01
        1194  0.1348617958E+01
        1195  0.1447099542E+01
        1196  0.1427922473E+01
        1197  0.1042012124E+01
        1198  0.1119853340E+01
        1199  0.1015933690E+01
        1200  0.1046559092E+01
        1201  0.1052740316E+01
        1202  0.1075236878E+01
        1203  0.1125243321E+01
        1204  0.1082927912E+01
        1205  0.7888897307E+00
        1206  0.9350329997E+00
        1207  0.9619673695E+00
        1208  0.8762538086E+00
        1209  0.1243793821E+01
        1210  0.1258408634E+01
        1211  0.1387893129E+01
        1212  0.1279870396E+01
        1213  0.1557088985E+01
        1214  0.1449289946E+01
        1215  0.1410031226E+01
        1216  0.1444442512E+01
        1217  0.1375652903E+01
        1218  0.1251402063E+01
        1219  0.1356067689E+01
        1220  0.1340715485E+01
        1221  0.1157318702E+01
        1222  0.1504562388E+01
        1223  0.1222025343E+01
        1224  0.1284392617E+01
        1225  0.7393091134E+00
        1226  0.7784368861E+00
        1227  0.8171357173E+00
        1228  0.7686538393E+00
        1229  0.1127660512E+01
        1230  0.1028782681E+01
        1231  0.1062836563E+01
        1232  0.1068960398E+01
        1233  0.1616505895E+01
        1234  0.1397284971E+01
        1235  0.1487561583E+01
        1236  0.1512352770E+01
        1237  0.6316022652E+00
        1238  0.5586199865E+00
        1239  0.5760034112E+00
        1240  0.5778273427E+00
        1241  0.6233767822E+00
        1242  0.6678909663E+00
        1243  0.6183986843E+00
        1244  0.6302194884E+00
        1245  0.1024968534E+01
        1246  0.1072183451E+01
        1247  0.1057237041E+01
        1248  0.1058633012E+01
        1249  0.6559273128E+00
        1250  0.6270021289E+00
        1251  0.5990123503E+00
        1252  0.6188063622E+00
        1253  0.9173236422E+00
        1254  0.8885732641E+00
        1255  0.9761572386E+00
        1256  0.9263360801E+00
        1257  0.8011166961E+00
        1258  0.8545701047E+00
        1259  0.8399951448E+00
        1260  0.8380587288E+00
        1261  0.8559246761E+00
        1262  0.8969486686E+00
        1263  0.9387489933E+00
        1264  0.8951304448E+00
        1265  0.7736068404E+00
        1266  0.7287195535E+00
        1267  0.8090395958E+00
        1268  0.7810216521E+00
        1269  0.9399028988E+00
        1270  0.8934437934E+00
        1271  0.8934716675E+00
        1272  0.9127410185E+00
        1273  0.8817115506E+00
        1274  0.8929088162E+00
        1275  0.9463101705E+00
        1276  0.9054179633E+00
        1277  0.6434550057E+00
        1278  0.5932278454E+00
        1279  0.6593572334E+00
        1280  0.6437963815E+00
        1281  0.7922706391E+00
        1282  0.8585604876E+00
        1283  0.8563485678E+00
        1284  0.8336395708E+00
        1285  0.8176837730E+00
        1286  0.8791904817E+00
        1287  0.8731215973E+00
        1288  0.8658786183E+00
        1289  0.6931298624E+00
        1290  0.7602439395E+00
        1291  0.7673349165E+00
        1292  0.7507391831E+00
        1293  0.1062676965E+01
        1294  0.1144659716E+01
        1295  0.1076690434E+01
        1296  0.1077492378E+01
        1297  0.9270181794E+00
        1298  0.9318481103E+00
        1299  0.1002557737E+01
        1300  0.9434907096E+00
        1301  0.7439941068E+00
        1302  0.6648617526E+00
        1303  0.7340644424E+00
        1304  0.7080723051E+00
        1305  0.7288666028E+00
        1306  0.5970304000E+00
        1307  0.6626185591E+00
        1308  0.6608299274E+00
        1309  0.4796044853E+00
        1310  0.4985599906E+00
        1311  0.4241896474E+00
        1312  0.4678589363E+00
        1313  0.6236385596E+00
        1314  0.6548407506E+00
        1315  0.6187001523E+00
        1316  0.6333834110E+00
        1317  0.6452160393E+00
        1318  0.7278100760E+00
        1319  0.6896425475E+00
        1320  0.6962914475E+00
        1321  0.8362374638E+00
        1322  0.7844429208E+00
        1323  0.7696127125E+00
        1324  0.8010595658E+00
        1325  0.5088871656E+00
        1326  0.4735194450E+00
        1327  0.5303658326E+00
        1328  0.5104366002E+00
        1329  0.5488687289E+00
        1330  0.5204795853E+00
        1331  0.5693495690E+00
        1332  0.5551241217E+00
        1333  0.2528575260E+01
        1334  0.5055729014E+01
        1335  0.1195533368E+01
        1336  0.3215616402E+01
        1337  0.1678806334E+02
        1338  0.5952678400E+01
        1339  0.7566064507E+01
        1340  0.8802619377E+01
        1341  0.1575891202E+02
        1342  0.7144414211E+01
        1343  0.7618788366E+01
        1344  0.2635870041E+01
        1345  0.1366061061E+02
        1346  0.1151875730E+01
        1347  0.1341944858E+02
        1348  0.4423179635E+01
        1349  0.9159677911E+01
        1350  0.1017634668E+01
        1351  0.1465417772E+01
        1352  0.1218991193E+02
        1353  0.1260352205E+02
        1354  0.1071704540E+02
        1355  0.1452234437E+01
        1356  0.3380755551E+01
        1357  0.6145803011E+01
        1358  0.3480080471E+01
        1359  0.1207030745E+02
        1360  0.1018352642E+02
        1361  0.3231980837E+01
        1362  0.5038175686E+01
        1363  0.5626007715E+01
        1364  0.4763839819E+01
        1365  0.9159174444E+01
        1366  0.4787761719E+01
        1367  0.3426997576E+00
        1368  0.2723423090E+01
        1369  0.5948385752E+00
        1370  0.5693754692E+00
        1371  0.4947608727E+00
        1372  0.5577812668E+00
        1373  0.6949058866E+00
        1374  0.6298231496E+00
        1375  0.7706361340E+00
        1376  0.6958047562E+00
        1377  0.2960033677E+01
        1378  0.4814402081E+00
        1379  0.7106331363E+00
        1380  0.7539123780E+00
        1381  0.2276331911E+01
        1382  0.4951219191E+00
        1383  0.8067498684E+00
        1384  0.8928306195E+00
        1385  0.4803176163E+00
        1386  0.6453561966E+00
        1387  0.4802332535E+00
        1388  0.5160512601E+00
        1389  0.1276211823E+01
        1390  0.1164225002E+01
        1391  0.1216019093E+01
        1392  0.1208222563E+01
        1393  0.4199571039E+00
        1394  0.3970636378E+00
        1395  0.3733212145E+00
        1396  0.4155227852E+00
        1397  0.6279265059E+00
        1398  0.1034800705E+01
        1399  0.1020666042E+01
        1400  0.9131437315E+00
        1401  0.9199629061E+00
        1402  0.8595267577E+00
        1403  0.9729975382E+00
        1404  0.1014822002E+01
        1405  0.1029868684E+01
        1406  0.9464497472E+00
        1407  0.1075439529E+01
        1408  0.9814959045E+00
        1409  0.9423664868E+00
        1410  0.9375619326E+00
        1411  0.9468080644E+00
        1412  0.9353966783E+00
        1413  0.9488868151E+00
        1414  0.9494769377E+00
        1415  0.9719681233E+00
        1416  0.9564119358E+00
        1417  0.8894400815E+00
        1418  0.7486016091E+00
        1419  0.9703214921E+00
        1420  0.9303498116E+00
        1421  0.1473240476E+01
        1422  0.9262862858E+00
        1423  0.8569425235E+00
        1424  0.8491991082E+00
        1425  0.7690880827E+00
        1426  0.8200079405E+00
        1427  0.7155466985E+00
        1428  0.7795152715E+00
        1429  0.9040895794E+00
        1430  0.7802921217E+00
        1431  0.8583810796E+00
        1432  0.8406232115E+00
        1433  0.9572233323E+00
        1434  0.9695133301E+00
        1435  0.9662291577E+00
        1436  0.9635758085E+00
        1437  0.1128763477E+01
        1438  0.9888134836E+00
        1439  0.9811121526E+00
        1440  0.1066348104E+01
        1441  0.8938208151E+00
        1442  0.9355605625E+00
        1443  0.8910825977E+00
        1444  0.9074798522E+00
        1445  0.7199122652E+00
        1446  0.7413871329E+00
        1447  0.7776290222E+00
        1448  0.7555045972E+00
        1449  0.1243508100E+02
        1450  0.8242293198E+01
        1451  0.8856649251E+01
        1452  0.4657611980E+00
        1453  0.1837706798E+01
        1454  0.1841598833E+01
        1455  0.1787346431E+01
        1456  0.1828989775E+01
        1457  0.1111063154E+01
        1458  0.1244517498E+01
        1459  0.1186093107E+01
        1460  0.1179393476E+01
        1461  0.1111597124E+01
        1462  0.1184956432E+01
        1463  0.1243991069E+01
        1464  0.1178468036E+01
        1465  0.9776152713E+00
        1466  0.9330591862E+00
        1467  0.1009310409E+01
        1468  0.9774293214E+00
        1469  0.5819553856E+00
        1470  0.5370115866E+00
        1471  0.5896048867E+00
        1472  0.5717556087E+00
        1473  0.7069913222E+00
        1474  0.7336730607E+00
        1475  0.6970928143E+00
        1476  0.7088308429E+00
        1477  0.7039043926E+00
        1478  0.1264034892E+01
        1479  0.4819849257E+00
        1480  0.4819849257E+00
        1481  0.6540786996E+00
        1482  0.8282608600E+00
        1483  0.6214358408E+00
        1484  0.4199511920E+00
        1485  0.1059086016E+01
        1486  0.9901089850E+00
        1487  0.1017289685E+01
        1488  0.1025597630E+01
        1489  0.9663456330E+00
        1490  0.9684059822E+00
        1491  0.9801194075E+00
        1492  0.9697425607E+00
        1493  0.9422885805E+00
        1494  0.9629383178E+00
        1495  0.9824003321E+00
        1496  0.9637447596E+00
        1497  0.8829017418E+00
        1498  0.8491683606E+00
        1499  0.9184338186E+00
        1500  0.8753406851E+00
        1501  0.9285372943E+00
        1502  0.9285960111E+00
        1503  0.9420527826E+00
        1504  0.9349170075E+00
        1505  0.9707835966E+00
        1506  0.9919952206E+00
        1507  0.9871088230E+00
        1508  0.9864835655E+00
        1509  0.9531632818E+00
        1510  0.9591562018E+00
        1511  0.9612160224E+00
        1512  0.9590465413E+00
        1513  0.9816254551E+00
        1514  0.9632424712E+00
        1515  0.9460221678E+00
        1516  0.9613869963E+00
        1517  0.1803930947E+01
        1518  0.2693798562E+01
        1519  0.2031659418E+01
        1520  0.2061581262E+01
        1521  0.1184561172E+01
        1522  0.1163862495E+01
        1523  0.1098794534E+01
        1524  0.1155638805E+01
        1525  0.1367108837E+01
        1526  0.8666724094E+00
        1527  0.1331221695E+01
        1528  0.1236055328E+01
        1529  0.7363423815E+00
        1530  0.4927654183E+00
        1531  0.6459812240E+00
        1532  0.4927654183E+00
        1533  0.1708740620E+01
        1534  0.1687340616E+01
        1535  0.1911221547E+01
        1536  0.1787101324E+01
        1537  0.1690746057E+01
        1538  0.1798630825E+01
        1539  0.1673011692E+01
        1540  0.1739527436E+01
        1541  0.6289870704E+01
        1542  0.1135423298E+01
        1543  0.5726423442E+01
        1544  0.5520616720E+01
        1545  0.5141194047E+00
        1546  0.6331078039E+01
        1547  0.1155954972E+02
        1548  0.5180003673E+00
        1549  0.2050772082E+01
        1550  0.1798380243E+01
        1551  0.2115817681E+01
        1552  0.1972811285E+01
        1553  0.2321565424E+01
        1554  0.2033380795E+01
        1555  0.2133961872E+01
        1556  0.2110341146E+01
        1557  0.1878674977E+01
        1558  0.1781325699E+01
        1559  0.1958727373E+01
        1560  0.1850354903E+01
        1561  0.1674439424E+01
        1562  0.1566112621E+01
        1563  0.1631503472E+01
        1564  0.1613742927E+01
        1565  0.4920190073E+01
        1566  0.7826991099E+01
        1567  0.4672202209E+01
        1568  0.2421204953E+01
        1569  0.7698927189E+01
        1570  0.7055401799E+01
        1571  0.1238525504E+02
        1572  0.8392387960E+00
        1573  0.1789013992E+01
        1574  0.2194873754E+01
        1575  0.2455048045E+01
        1576  0.2087135967E+01
        1577  0.1777016985E+01
        1578  0.1739739211E+01
        1579  0.1758439380E+01
        1580  0.1755023560E+01
        1581  0.6892308008E+01
        1582  0.1999062687E+01
        1583  0.2399887634E+01
        1584  0.2145338086E+01
        1585  0.1238013744E+01
        1586  0.1274251886E+01
        1587  0.8595950828E+01
        1588  0.1283760305E+01
        1589  0.9667775080E+01
        1590  0.7626186333E+01
        1591  0.1253471178E+02
        1592  0.8295326612E+00
        1593  0.1419426755E+01
        1594  0.2755755478E+01
        1595  0.1638064076E+01
        1596  0.1528119343E+01
        1597  0.1793781149E+01
        1598  0.1829268719E+01
        1599  0.1804662359E+01
        1600  0.1806413253E+01
        1601  0.5880753150E+00
        1602  0.6064052311E+00
        1603  0.6570398600E+00
        1604  0.6177902611E+00
        1605  0.5192192794E+00
        1606  0.5668263028E+00
        1607  0.5165889122E+00
        1608  0.5310773324E+00
        1609  0.5329126688E+00
        1610  0.4772476530E+00
        1611  0.5026226711E+00
        1612  0.4966607943E+00
        1613  0.5222686762E+00
        1614  0.5628220407E+00
        1615  0.5132978969E+00
        1616  0.5268074392E+00
        1617  0.7218276919E+00
        1618  0.6499337276E+00
        1619  0.6855481677E+00
        1620  0.6802634772E+00
        1621  0.5273952490E+00
        1622  0.5355911814E+00
        1623  0.5755724299E+00
        1624  0.5457883080E+00
        1625  0.8662755970E+00
        1626  0.9107043228E+00
        1627  0.8386590253E+00
        1628  0.8769473272E+00
        1629  0.1077873984E+01
        1630  0.1024201967E+01
        1631  0.9943973278E+00
        1632  0.1022067996E+01
        1633  0.9022751400E+00
        1634  0.9427131833E+00
        1635  0.9264059353E+00
        1636  0.9200934936E+00
        1637  0.8337916643E+00
        1638  0.8651914848E+00
        1639  0.8667191506E+00
        1640  0.8573469889E+00
        1641  0.8994910517E+00
        1642  0.9199941803E+00
        1643  0.9195000757E+00
        1644  0.9095836910E+00
        1645  0.7650168760E+00
        1646  0.8010411888E+00
        1647  0.7986697280E+00
        1648  0.7853033090E+00
        1649  0.7146721161E+00
        1650  0.7216663879E+00
        1651  0.6654735488E+00
        1652  0.6969382788E+00
        1653  0.8580267142E+00
        1654  0.8235190973E+00
        1655  0.8245526193E+00
        1656  0.8313246391E+00
        1657  0.1178023497E+01
        1658  0.1095992846E+01
        1659  0.1119244942E+01
        1660  0.1123142946E+01
        1661  0.9173544591E+00
        1662  0.9809850907E+00
        1663  0.9607709992E+00
        1664  0.9491877813E+00
        1665  0.6965231923E+00
        1666  0.6775391945E+00
        1667  0.6312234364E+00
        1668  0.6617906081E+00
        1669  0.5604664773E+00
        1670  0.6056334393E+00
        1671  0.5932374275E+00
        1672  0.5805536589E+00
        1673  0.9574035752E+00
        1674  0.9105140200E+00
        1675  0.1004116690E+01
        1676  0.9502412419E+00
        1677  0.8228311981E+00
        1678  0.8539945313E+00
        1679  0.8181355829E+00
        1680  0.8329146859E+00
        1681  0.7883121855E+00
        1682  0.7943293664E+00
        1683  0.7503527208E+00
        1684  0.7858215127E+00
        1685  0.8875449302E+00
        1686  0.8854394158E+00
        1687  0.9124838962E+00
        1688  0.8979393632E+00
        1689  0.8859955171E+00
        1690  0.8494440323E+00
        1691  0.8759982605E+00
        1692  0.8655363671E+00
        1693  0.1076762085E+01
        1694  0.9903160894E+00
        1695  0.1043269949E+01
        1696  0.1045815385E+01
        1697  0.1811234464E+01
        1698  0.1763310646E+01
        1699  0.1710755269E+01
        1700  0.1748572619E+01
        1701  0.9057958537E+00
        1702  0.9588431605E+00
        1703  0.1001082952E+01
        1704  0.9589640355E+00
        1705  0.1787072769E+01
        1706  0.1774663455E+01
        1707  0.1796541139E+01
        1708  0.1788564034E+01
        1709  0.1243571452E+01
        1710  0.1939767186E+01
        1711  0.4581882039E+01
        1712  0.2686519482E+01
        1713  0.1212246686E+01
        1714  0.1388466086E+01
        1715  0.1163457501E+01
        1716  0.1229909729E+01
        1717  0.1000054272E+01
        1718  0.1126013537E+01
        1719  0.1055355596E+01
        1720  0.1077816953E+01
        1721  0.1646441022E+01
        1722  0.1312279879E+01
        1723  0.1684420405E+01
        1724  0.1197229351E+01
        1725  0.1244990856E+01
        1726  0.1181379878E+01
        1727  0.1288377789E+01
        1728  0.1224832650E+01
        1729  0.1358176445E+01
        1730  0.1245362665E+01
        1731  0.1264025846E+01
        1732  0.1274195335E+01
        1733  0.2918593064E+01
        1734  0.3415163529E+01
        1735  0.2395781729E+01
        1736  0.3158975119E+01
        1737  0.1689705149E+01
        1738  0.1868322630E+01
        1739  0.1522014752E+01
        1740  0.1650381806E+01
        1741  0.1392615260E+01
        1742  0.1357158792E+01
        1743  0.1245501987E+01
        1744  0.1334738603E+01
        1745  0.1262420199E+01
        1746  0.1269278011E+01
        1747  0.1349962837E+01
        1748  0.1281387202E+01
        1749  0.2669911968E+01
        1750  0.2203925415E+01
        1751  0.2457522165E+01
        1752  0.2517768616E+01
        1753  0.1923405680E+01
        1754  0.2025267776E+01
        1755  0.2057230659E+01
        1756  0.2015631511E+01
        1757  0.5502260776E+01
        1758  0.3784743210E+01
        1759  0.2774764012E+01
        1760  0.4219451796E+01
        1761  0.2051285047E+01
        1762  0.2017064928E+01
        1763  0.2001349608E+01
        1764  0.2030361271E+01
        1765  0.3608059600E+00
        1766  0.3519416807E+00
        1767  0.2923826684E+00
        1768  0.3238906765E+00
        1769  0.1894587536E+01
        1770  0.1940157184E+01
        1771  0.1876622920E+01
        1772  0.1902430875E+01
        1773  0.6702368650E+00
        1774  0.6430123355E+00
        1775  0.6831826923E+00
        1776  0.6659858265E+00
        1777  0.4965138959E+00
        1778  0.4586106469E+00
        1779  0.4186635546E+00
        1780  0.4572301862E+00
        1781  0.5649245502E+00
        1782  0.5971550184E+00
        1783  0.5479374741E+00
        1784  0.5775657438E+00
        1785  0.1407912867E+00
        1786  0.2032025269E+00
        1787  0.1545364281E+00
        1788  0.1655390568E+00
        1789  0.4162743531E+00
        1790  0.4772661426E+00
        1791  0.4733342528E+00
        1792  0.4635255868E+00
        1793  0.3720253059E+00
        1794  0.4741750658E+00
        1795  0.4659216136E+00
        1796  0.4328221060E+00
        1797  0.5178486391E+00
        1798  0.5047087043E+00
        1799  0.4813079169E+00
        1800  0.4962666837E+00
        1801  0.6596852625E+00
        1802  0.7166110582E+00
        1803  0.6933467026E+00
        1804  0.6865313448E+00
        1805  0.7891941630E+00
        1806  0.7500950193E+00
        1807  0.7456633789E+00
        1808  0.7605773114E+00
        1809  0.8835775622E+00
        1810  0.8656404791E+00
        1811  0.8401818161E+00
        1812  0.8668257564E+00
        1813  0.8650678246E+00
        1814  0.8698346247E+00
        1815  0.8332356563E+00
        1816  0.8552312465E+00
        1817  0.1472443101E+01
        1818  0.1378328507E+01
        1819  0.1401687629E+01
        1820  0.1386714498E+01
        1821  0.3027486340E+01
        1822  0.1468125683E+01
        1823  0.9831206141E+01
        1824  0.3619721082E+01
        1825  0.1384837293E+01
        1826  0.1282341175E+01
        1827  0.1371661811E+01
        1828  0.1359705612E+01
        1829  0.1204936195E+01
        1830  0.1135420896E+01
        1831  0.1204420853E+01
        1832  0.1189559313E+01
        1833  0.4665125196E+01
        1834  0.2274265100E+01
        1835  0.2406183688E+01
        1836  0.2501699385E+01
        1837  0.1113353234E+01
        1838  0.3487644910E+01
        1839  0.4404535831E+01
        1840  0.2120307964E+01
        1841  0.1932539717E+01
        1842  0.2038689075E+01
        1843  0.1978740540E+01
        1844  0.1976017271E+01
        1845  0.2107695883E+01
        1846  0.1615319066E+01
        1847  0.1922875401E+01
        1848  0.1886671348E+01
        1849  0.2472943925E+01
        1850  0.2177107005E+01
        1851  0.2195610741E+01
        1852  0.2249630391E+01
        1853  0.9978270527E+00
        1854  0.1003016613E+01
        1855  0.1044658739E+01
        1856  0.1007087460E+01
        1857  0.9430526064E+00
        1858  0.9170598658E+00
        1859  0.9282741768E+00
        1860  0.9292089556E+00
        1861  0.9767086366E+00
        1862  0.9814048626E+00
        1863  0.9647137135E+00
        1864  0.9752002347E+00
        1865  0.9608048449E+00
        1866  0.9788814291E+00
        1867  0.9576475275E+00
        1868  0.9630914164E+00
        1869  0.9081580590E+00
        1870  0.9419287681E+00
        1871  0.9542253591E+00
        1872  0.9296469683E+00
        1873  0.2289047605E+01
        1874  0.1146664496E+01
        1875  0.1422474984E+01
        1876  0.1667067469E+01
        1877  0.9464971316E+00
        1878  0.9389427208E+00
        1879  0.9183510440E+00
        1880  0.9359818654E+00
        1881  0.9455873150E+00
        1882  0.1203153301E+01
        1883  0.9548134039E+00
        1884  0.1017047622E+01
        1885  0.1017633315E+01
        1886  0.3456708576E+01
        1887  0.8723699122E+01
        1888  0.3617054821E+01
        1889  0.9848847872E+00
        1890  0.8229417802E+01
        1891  0.3542041472E+01
        1892  0.2059162183E+01
        1893  0.7495052807E+01
        1894  0.4420540137E+01
        1895  0.4165327192E+01
        1896  0.5288441200E+01
        1897  0.6803055440E+00
        1898  0.2147317153E+01
        1899  0.7885617189E+00
        1900  0.7347904993E+00
        1901  0.8504808685E+01
        1902  0.1442256990E+00
        1903  0.4707122789E+01
        1904  0.1699713135E+01
        1905  0.2093798786E+01
        1906  0.2294657352E+01
        1907  0.2043060098E+01
        1908  0.2195875166E+01
        1909  0.1335213131E+02
        1910  0.3480288838E+01
        1911  0.3811861237E+01
        1912  0.5080409797E+01
        1913  0.3271200523E+00
        1914  0.4289434370E+00
        1915  0.3396675985E+00
        1916  0.3667798193E+00
        1917  0.9399908945E+00
        1918  0.4026576808E+01
        1919  0.2616394932E+01
        1920  0.1566367047E+01
        1921  0.5748974159E+01
        1922  0.7951180319E+01
        1923  0.9948039669E+01
        1924  0.1033869424E+02
        1925  0.2782280909E+00
        1926  0.2419630079E+00
        1927  0.2981454459E+00
        1928  0.2740255952E+00
        1929  0.2645816892E+01
        1930  0.2052527176E+01
        1931  0.1842091284E+01
        1932  0.2215149207E+01
        1933  0.2415297913E+01
        1934  0.5335484162E+00
        1935  0.2534485638E+00
        1936  0.5089762058E+00
        1937  0.5666833563E+00
        1938  0.6402709578E+00
        1939  0.1077294282E+01
        1940  0.7981091802E+00
        1941  0.5749089533E+01
        1942  0.6840716121E+01
        1943  0.8193325425E+01
        1944  0.1541214485E+02
        1945  0.1734818208E+01
        1946  0.8059575386E+00
        1947  0.1934027919E+01
        1948  0.1411513300E+01
        1949  0.1388507485E+01
        1950  0.1879600254E+01
        1951  0.2643400049E+01
        1952  0.1988811074E+01
        1953  0.1200022996E+00
        1954  0.3667189785E+00
        1955  0.3812775794E+00
        1956  0.2508126525E+00
        1957  0.4452007010E+00
        1958  0.6315078855E+00
        1959  0.2408466261E+00
        1960  0.4111001005E+00
        1961  0.1938452118E+01
        1962  0.1930333810E+01
        1963  0.1976307985E+01
        1964  0.1946692943E+01
        1965  0.6422218058E+01
        1966  0.1227388581E+02
        1967  0.5027453574E+01
        1968  0.5912843772E+01
        1969  0.2412671639E+01
        1970  0.2723699310E+01
        1971  0.2292738975E+01
        1972  0.2530726863E+01
        1973  0.1276994788E+01
        1974  0.9768571867E+00
        1975  0.1166037330E+01
        1976  0.1096671572E+01
        1977  0.1991176152E+01
        1978  0.1924251867E+01
        1979  0.1947777748E+01
        1980  0.1947758690E+01
        1981  0.2818627994E+01
        1982  0.2389494120E+01
        1983  0.2215419996E+01
        1984  0.2448227763E+01
        1985  0.2046460029E+01
        1986  0.2223699721E+01
        1987  0.1991547673E+01
        1988  0.2087632240E+01
        1989  0.2041398863E+01
        1990  0.2003876931E+01
        1991  0.2167822380E+01
        1992  0.2082389361E+01
        1993  0.6474945306E+00
        1994  0.6753033025E+00
        1995  0.6998681872E+00
        1996  0.6803138831E+00
        1997  0.4342005122E+00
        1998  0.3783518515E+00
        1999  0.4593006735E+00
        2000  0.4292587653E+00
        2001  0.5874341080E+00
        2002  0.5992767939E+00
        2003  0.6467505156E+00
        2004  0.6143868804E+00
        2005  0.8261542368E+00
        2006  0.7553852419E+00
        2007  0.7930524922E+00
        2008  0.7907173628E+00
        2009  0.5222554976E+00
        2010  0.5688018136E+00
        2011  0.5577975096E+00
        2012  0.5494292105E+00
        2013  0.5316866158E+00
        2014  0.5164627018E+00
        2015  0.5515952899E+00
        2016  0.5238702561E+00
        2017  0.4029499284E+00
        2018  0.4587893568E+00
        2019  0.3994354366E+00
        2020  0.4173273029E+00
        2021  0.3277860512E+00
        2022  0.4457829002E+00
        2023  0.3885073705E+00
        2024  0.3856935113E+00
        2025  0.5868362187E+00
        2026  0.5509343515E+00
        2027  0.6158663675E+00
        2028  0.5821058499E+00
        2029  0.3786331859E+00
        2030  0.3850146143E+00
        2031  0.4262606550E+00
        2032  0.4048110888E+00
        2033  0.3574830151E+00
        2034  0.3549417229E+00
        2035  0.2865675626E+00
        2036  0.3373057911E+00
        2037  0.3794076474E+00
        2038  0.4516498827E+00
        2039  0.3477666872E+00
        2040  0.3923087307E+00
        2041  0.2195597593E+00
        2042  0.1795962466E+00
        2043  0.2225850071E+00
        2044  0.1983664371E+00
        2045  0.4846085003E+00
        2046  0.4133620983E+00
        2047  0.4594222608E+00
        2048  0.4367187197E+00
        2049  0.2685862925E+00
        2050  0.3316146136E+00
        2051  0.2962539916E+00
        2052  0.3027498412E+00
        2053  0.4484256759E+00
        2054  0.4803907151E+00
        2055  0.4177605267E+00
        2056  0.4472255281E+00
        2057  0.3068210477E+00
        2058  0.2636974031E+00
        2059  0.2524584545E+00
        2060  0.2748148198E+00
        2061  0.3599239750E+00
        2062  0.4170420395E+00
        2063  0.3853748094E+00
        2064  0.3886827097E+00
        2065  0.2937482127E+00
        2066  0.3307962305E+00
        2067  0.3549091823E+00
        2068  0.3247337392E+00
        2069  0.4329114519E+00
        2070  0.3543087037E+00
        2071  0.3353969462E+00
        2072  0.3814892946E+00
        2073  0.1924668413E+00
        2074  0.7719579579E-01
        2075  0.1453982102E+00
        2076  0.1312914328E+00
        2077  0.2222061750E+00
        2078  0.1641141279E+00
        2079  0.2256555322E+00
        2080  0.2026618363E+00
        2081  0.3181031558E+00
        2082  0.2654212288E+00
        2083  0.2992813832E+00
        2084  0.2875021863E+00
        2085  0.2242495483E+00
        2086  0.1727830187E+00
        2087  0.2183355781E+00
        2088  0.2099438014E+00
        2089  0.2687103843E+00
        2090  0.2798083957E+00
        2091  0.3474554449E+00
        2092  0.2886902453E+00
        2093  0.1198980611E+00
        2094  0.4333554451E-01
        2095  0.1011601195E+00
        2096  0.8086215955E-01
        2097  0.2403520248E+00
        2098  0.2412563518E+00
        2099  0.2751444625E+00
        2100  0.2539315527E+00
        2101  0.2512871040E+00
        2102  0.2359135437E+01
        2103  0.6425792999E+00
        2104  0.6120254986E+00
        2105  0.2059825270E+01
        2106  0.2923091015E+01
        2107  0.4746935373E+01
        2108  0.3703311114E+01
        2109  0.1727985755E+00
        2110  0.9859538337E-01
        2111  0.1117943993E+00
        2112  0.7289225014E-01
        2113  0.1646229389E+01
        2114  0.3440572521E+01
        2115  0.1032401531E+01
        2116  0.1504412117E+01
        2117  0.2265024223E+00
        2118  0.1702958920E+00
        2119  0.3536658402E+00
        2120  0.2309851229E+00
        2121  0.4818041683E+00
        2122  0.3003198097E+00
        2123  0.3311793014E+00
        2124  0.3642703922E+00
        2125  0.1305685680E+01
        2126  0.7524329031E+00
        2127  0.7553162284E+00
        2128  0.9291978059E+00
        2129  0.1304085581E+01
        2130  0.1592333850E+01
        2131  0.1389802971E+01
        2132  0.1468249360E+01
        2133  0.3834570784E+00
        2134  0.5657049848E+00
        2135  0.4425930916E+00
        2136  0.4470646379E+00
        2137  0.1082734315E+01
        2138  0.7077264788E+00
        2139  0.6444637230E+00
        2140  0.7834715686E+00
        2141  0.1327871799E+01
        2142  0.1176616370E+01
        2143  0.8444920169E+00
        2144  0.1030999892E+01
        2145  0.1766443302E+01
        2146  0.1502914535E+01
        2147  0.2519680878E+01
        2148  0.1757568382E+01
        2149  0.6476726133E+00
        2150  0.7253948384E+00
        2151  0.5424688486E+00
        2152  0.6101955320E+00
        2153  0.4412988137E+01
        2154  0.5474138551E+01
        2155  0.2218043979E+01
        2156  0.4992823343E+01
        2157  0.4457572008E+01
        2158  0.4122464422E+01
        2159  0.1626084001E+01
        2160  0.2389548648E+01
        2161  0.1234536801E+00
        2162  0.2783580175E+00
        2163  0.3423889457E+00
        2164  0.2203099964E+00
        2165  0.7444947094E+00
        2166  0.1001085640E+01
        2167  0.8162209447E+00
        2168  0.8832843083E+00
        2169  0.1489684351E+01
        2170  0.1508451674E+01
        2171  0.1787607859E+01
        2172  0.1574178148E+01
        2173  0.7457365302E+00
        2174  0.5355205725E+00
        2175  0.7299203212E+00
        2176  0.6875644746E+00
        2177  0.1546214682E+01
        2178  0.1795563729E+01
        2179  0.1731213319E+01
        2180  0.1716613120E+01
        2181  0.8983320694E+00
        2182  0.1195225560E+01
        2183  0.9303441932E+00
        2184  0.1016765574E+01
        2185  0.1562665774E+01
        2186  0.1729795892E+01
        2187  0.1875491456E+01
        2188  0.1676798297E+01
        2189  0.9019258553E+01
        2190  0.4325908012E+01
        2191  0.8100493176E+00
        2192  0.1312178112E+01
        2193  0.6764832989E+00
        2194  0.8422913696E+00
        2195  0.5666581349E+00
        2196  0.6787750299E+00
        2197  0.1864325721E+01
        2198  0.1606056363E+01
        2199  0.1873642595E+01
        2200  0.1789158402E+01
        2201  0.1287275618E+01
        2202  0.1298006550E+01
        2203  0.1047664953E+01
        2204  0.1211745038E+01
        2205  0.3301631165E+01
        2206  0.4641206362E+01
        2207  0.4926357672E+01
        2208  0.4288035951E+01
        2209  0.1699409441E+01
        2210  0.1161526996E+01
        2211  0.5282167565E+00
        2212  0.1188358352E+01
        2213  0.1465031136E+01
        2214  0.1205534067E+02
        2215  0.6927772601E+01
        2216  0.3849850832E+01
        2217  0.5162276079E+01
        2218  0.4097413973E+01
        2219  0.6112834856E+01
        2220  0.1224752184E+02
        2221  0.1153385314E+01
        2222  0.1826332433E+01
        2223  0.4848846530E+01
        2224  0.5893769413E+01
        2225  0.8437203273E+00
        2226  0.8329866081E+00
        2227  0.7482372302E+00
        2228  0.8110183618E+00
        2229  0.7716549106E+00
        2230  0.8341523275E+00
        2231  0.8694952208E+00
        2232  0.8445305083E+00
        2233  0.1324589261E+02
        2234  0.3648880641E+01
        2235  0.6988139957E+01
        2236  0.3755917401E+01
        2237  0.5611385305E+00
        2238  0.1059986958E+01
        2239  0.2484628599E+01
        2240  0.9599557944E+00
        2241  0.7594729972E+00
        2242  0.4640326379E+00
        2243  0.4349817311E+00
        2244  0.5387914837E+00
        2245  0.2811411545E+01
        2246  0.3282102272E+01
        2247  0.6692399865E+01
        2248  0.7600865147E+01
        2249  0.4894820191E+00
        2250  0.3547060395E+00
        2251  0.5678818774E+00
        2252  0.3131613710E+00
        2253  0.1374636213E+01
        2254  0.1275567976E+01
        2255  0.3360563421E+00
        2256  0.7367624391E+00
        2257  0.4617068681E+01
        2258  0.4676037116E+01
        2259  0.6852346187E+01
        2260  0.7316949240E+01
        2261  0.8996955215E-01
        2262  0.2332737061E+00
        2263  0.2196979538E+00
        2264  0.1458171625E+00
        2265  0.5849487442E+00
        2266  0.5046984258E+00
        2267  0.4064638420E+00
        2268  0.4622424862E+00
        2269  0.6221271836E+01
        2270  0.7511634813E+01
        2271  0.1307199982E+02
        2272  0.3968290145E+01
        2273  0.2887893893E+01
        2274  0.1858586295E+01
        2275  0.1301350762E+02
        2276  0.5459888515E+01
        2277  0.7726398864E+00
        2278  0.7085889601E+00
        2279  0.7285473225E+00
        2280  0.7402310243E+00
        2281  0.4772458547E+00
        2282  0.3552884237E+00
        2283  0.3291372103E+00
        2284  0.3695085608E+00
        2285  0.2783808677E+00
        2286  0.2886675446E+00
        2287  0.4284548425E+00
        2288  0.3344890193E+00
        2289  0.9168532934E+00
        2290  0.8686877081E+00
        2291  0.8331601073E+00
        2292  0.8694437473E+00
        2293  0.6472699714E+00
        2294  0.6843780402E+00
        2295  0.6184892517E+00
        2296  0.6548902932E+00
        2297  0.8046760850E+00
        2298  0.7598636621E+00
        2299  0.8287015940E+00
        2300  0.7965586845E+00
        2301  0.2291805402E+01
        2302  0.3021717336E+01
        2303  0.2618306387E+01
        2304  0.2656637765E+01
        2305  0.1098329461E+01
        2306  0.1175166030E+01
        2307  0.1133871558E+01
        2308  0.1119942025E+01
        2309  0.1152331859E+01
        2310  0.1167595737E+01
        2311  0.1089143871E+01
        2312  0.1155051350E+01
        2313  0.1651515577E+01
        2314  0.1559502973E+01
        2315  0.1781716288E+01
        2316  0.1654072326E+01
        2317  0.1149402256E+01
        2318  0.1197807766E+01
        2319  0.1128701132E+01
        2320  0.1150794178E+01
        2321  0.1360722159E+01
        2322  0.1272295626E+01
        2323  0.1328663425E+01
        2324  0.1342183223E+01
        2325  0.1568659108E+01
        2326  0.1411354285E+01
        2327  0.1562830146E+01
        2328  0.1542626523E+01
        2329  0.1406439435E+01
        2330  0.1429801415E+01
        2331  0.1542150967E+01
        2332  0.1426114233E+01
        2333  0.1420442486E+01
        2334  0.1469882001E+01
        2335  0.1536493885E+01
        2336  0.1499750370E+01
        2337  0.1226896580E+01
        2338  0.1328258684E+01
        2339  0.1243889013E+01
        2340  0.1239992555E+01
        2341  0.1703494850E+01
        2342  0.1878654998E+01
        2343  0.1719167678E+01
        2344  0.1720845408E+01
        2345  0.1733307677E+01
        2346  0.1934471199E+01
        2347  0.1992258427E+01
        2348  0.1942551211E+01
        2349  0.4724208253E+01
        2350  0.7121015328E+01
        2351  0.4560622235E+01
        2352  0.6874943373E+01
        2353  0.2668998524E+01
        2354  0.3498827016E+01
        2355  0.2946435669E+01
        2356  0.2870289156E+01
        2357  0.1860945929E+01
        2358  0.1878793812E+01
        2359  0.1699796406E+01
        2360  0.1863609084E+01
        2361  0.2329232603E+01
        2362  0.2137578406E+01
        2363  0.2563004529E+01
        2364  0.2318989293E+01
        2365  0.2505607812E+01
        2366  0.2097721807E+01
        2367  0.2425667969E+01
        2368  0.2354724265E+01
  time 1.0e30 
