          75        2368  ! # of filtered nodes, # number of original nodes 
          10
          13
          15
          97
          98
          99
         173
         174
         210
         227
         258
         263
         331
         339
         378
         379
         390
         391
         405
         430
         433
         434
         439
         481
         483
         485
         486
         488
         506
         591
         602
         603
         604
         713
         741
         742
         744
         861
         869
         881
         882
         883
        1022
        1023
        1041
        1043
        1067
        1122
        1123
        1153
        1155
        1350
        1351
        1355
        1452
        1479
        1480
        1484
        1530
        1532
        1542
        1545
        1548
        1572
        1582
        1584
        1585
        1586
        1588
        1592
        1837
        1840
        2213
        2221
        2222
