  0.15000000000000002     
  0.22500000000000003     
  0.33750000000000002     
  0.50625000000000009     
  0.75937500000000013     
   1.1390625000000001     
   1.7085937500000001     
   1.1390625000000001     
   1.1390625000000001     
  0.75937500000000002     
  0.75937500000000002     
  0.50624999999999998     
  0.50624999999999998     
  0.50624999999999998     
  0.50624999999999998     
  0.50624999999999998     
  0.50624999999999998     
  0.50624999999999998     
  0.50624999999999998     
  0.50624999999999998     
  0.50624999999999998     
  0.50624999999999998     
  0.33749999999999997     
  0.33749999999999997     
  0.33749999999999997     
  0.50624999999999998     
  0.50624999999999998     
  0.50624999999999998     
  0.33749999999999997     
  0.33749999999999997     
  0.33749999999999997     
  0.33749999999999997     
  0.50624999999999998     
  0.75937499999999991     
  0.75937499999999991     
   1.1390624999999999     
   1.1390624999999999     
   1.1390624999999999     
   1.1390624999999999     
   1.1390624999999999     
   1.7085937499999999     
   1.7085937499999997     
   1.7085937499999997     
   1.7085937499999997     
   1.7085937499999997     
   1.7085937499999997     
   1.7085937499999997     
   1.7085937499999997     
   1.7085937499999997     
   1.7085937499999997     
   1.7085937499999997     
   1.7085937499999997     
   1.7085937499999997     
   1.7085937499999997     
   1.7085937499999997     
   1.7085937499999997     
   1.7085937499999997     
   1.7085937499999997     
