  0.15000000000000002     
  0.22500000000000003     
  0.33750000000000002     
  0.50625000000000009     
  0.75937500000000013     
   1.1390625000000001     
   1.1390625000000001     
  0.75937500000000002     
  0.75937500000000002     
  0.75937500000000002     
  0.75937500000000002     
  0.75937500000000002     
  0.75937500000000002     
   1.1390625000000001     
   1.1390625000000001     
   1.1390625000000001     
   1.1390625000000001     
   1.1390625000000001     
   1.1390625000000001     
   1.7085937500000001     
   1.7085937500000001     
   1.7085937500000001     
   1.7085937500000001     
   1.7085937500000001     
   1.7085937500000001     
   1.7085937500000001     
   1.7085937500000001     
   1.7085937500000001     
   1.7085937500000001     
   1.7085937500000001     
   1.7085937500000001     
   1.7085937500000001     
   1.7085937500000001     
   1.7085937500000001     
   1.7085937500000001     
   1.7085937500000001     
   1.7085937500000001     
   1.7085937500000001     
   1.7085937500000001     
   1.7085937500000001     
   1.7085937500000001     
   1.7085937500000001     
