          10
          12
          28
          30
          65
          72
          73
          77
          97
         100
         118
         121
         131
         148
         179
         182
         220
         319
         321
         338
         342
         383
         385
         427
         433
         441
         448
         455
         460
         461
         464
         467
         508
         514
         515
         517
         520
         527
         534
         536
         539
         562
         578
         582
         640
         644
         672
         710
         711
         721
         744
         747
         839
         860
