           1         934
 time 0.0
         934
           1   3.1698866088593833     
           2   3.5214107063617783     
           3  -4.4471463134600331     
           4  -2.8997673433259847     
           5 -0.49960184032802019     
           6  0.81269686600605795     
           7  -4.0310089894591359     
           8  -1.5586127493828488     
           9  -2.8092041670341192     
          10   1.9751835413846976     
          11  -5.0787530781535404     
          12  -2.0593334737895557     
          13  -4.0310089894662644     
          14 -0.26393176976208954     
          15   2.7949455298492212     
          16  -1.6597284517957045     
          17 -0.53040456983931150     
          18  -2.2053986722165506     
          19   5.0205401966893408     
          20  -1.9332246326219429     
          21  0.41235842473205975     
          22   5.0787530781343841     
          23  -5.0787530781400427     
          24   4.0310089894631185     
          25   8.9902368325576715E-002
          26   3.7234432702252733     
          27   3.8704870021638733     
          28  -1.2892319893892978     
          29   1.2178485468872009     
          30   1.2892319893893596     
          31   4.0310089895918919     
          32   6.2889492838950227     
          33   4.9007264144456339     
          34  -5.0787530784150983     
          35   1.8298997920995268     
          36 -0.56050315961048558     
          37  0.49344347922419213     
          38   1.2311026929035200     
          39   3.5214107064487870     
          40  -3.8391600333539544     
          41   4.2406143504023515     
          42  -2.4416098148633183     
          43  -2.5659843520931580     
          44   2.3573483575980587     
          45   5.0787530781547048     
          46   1.4805100881741144     
          47  -3.3072411761048039     
          48  -2.6199161028117692     
          49 -0.37048925175250241     
          50   5.0787530781308758     
          51   3.9074126460415060     
          52  -3.8623017525235763     
          53  0.36140508586416270     
          54   5.0787530781335519     
          55  -1.1395707173414700     
          56  -4.0460135607389640     
          57  -6.1278274545087106     
          58  -8.3188481123801665     
          59   5.1299278395008026     
          60  -1.8165783215600144     
          61  -4.8060627752542073     
          62  -2.6817106052526078     
          63   3.2316520350586466     
          64   4.0716264248714387     
          65  -2.1284751179566292     
          66  -1.7988480094431374     
          67   5.4662986569378731     
          68   5.1299278398212911     
          69  0.35229162400493075     
          70   2.3066428794955063     
          71   4.0716264248968805     
          72   1.3833153542643504     
          73  -1.2758711108503833     
          74   5.9239263596856464     
          75   8.1429612114506433     
          76   4.1852824374400939     
          77   1.3833153542652170     
          78   2.6862265086192743     
          79  -2.3465751239234667     
          80  -1.9751835412916008     
          81   3.0831988031595641     
          82   2.5591044268696690     
          83 -0.12559973208588740     
          84   5.0787530784052786     
          85   1.1588314280657142     
          86 -0.20079021852374132     
          87  0.19126957720061255     
          88   5.0787530781498775     
          89   3.1112764328759273     
          90  -4.0400945389535297     
          91   1.8455175510648989     
          92  -7.1351731727804548     
          93  -4.0310089894718537     
          94  -2.7949455298419013     
          95  -2.9204409384261769     
          96 -0.54692642183595985     
          97   1.7574568119463794     
          98  -1.8821444420819566     
          99 -0.61093464651101470     
         100  -1.9032940863981163     
         101  -3.9976506854897615     
         102  -3.4707358807887752     
         103  -5.0787530784213351     
         104   1.1621065178953938     
         105   5.8305586766048734     
         106  -3.6209712611397293     
         107  0.13729624633323059     
         108   5.0787530779423919     
         109   4.6966362528115937     
         110  -1.9556924825102249     
         111   2.0769938175330895     
         112  -4.0310089894912542     
         113  0.29809645067201879     
         114  -2.9606710414766475     
         115  0.58137541800954173     
         116   3.5214107063859901     
         117  -3.1422376487955237     
         118  -1.6929176927101988     
         119  -2.6843454667331024     
         120  -1.2957847259109689     
         121   1.3595189554088616     
         122  -4.1238817195478559     
         123  -5.0787530782092389     
         124   2.1315424977706616     
         125   1.3965992279309380     
         126   5.2969314912564478     
         127   2.6853051047151095     
         128   4.6551254595260305     
         129  -1.5361139913092432     
         130  -5.0787530781425234     
         131  -1.7369091205433309     
         132  -2.3912411508391549     
         133  -2.8294381023350277     
         134  -4.4599120724016998     
         135  -3.2018204246745920     
         136  -5.0787530781502710     
         137   4.2753388549332891     
         138   2.0062985972358058     
         139   4.0310089894584689     
         140   3.2315933346537293     
         141   5.3268818893800356     
         142   3.2666280552924767     
         143 -0.41429855264194143     
         144   9.9413230416200395     
         145  -3.4515992939611535     
         146   4.5935666526574437     
         147   4.1247868183252008     
         148   1.9751835413854897     
         149  -5.0787530781717507     
         150  -2.2836324388135831     
         151  -2.5864576259440795     
         152  -1.4728990886167097     
         153  0.41637355935437442     
         154  -2.2244836560684282     
         155  -1.8496735674412668     
         156  0.76688117840639547     
         157   3.3036920037515203     
         158   6.0388916492945306     
         159   5.0787530782282833     
         160   5.4028952120623606     
         161  -2.6482133949934688     
         162   3.3666217471642486     
         163   9.1092072672179043     
         164   6.3524852776644023     
         165  -3.0784828541446565     
         166   5.3720627505698912     
         167  -2.4012514622187342     
         168   4.4435854465535760     
         169   5.0787530782978889     
         170   5.0787530781357866     
         171   3.4825071613540308E-002
         172  -6.3592723131259339     
         173  -4.0460135606032912     
         174  -10.816370795627972     
         175   1.1320070734629608     
         176  0.96814079757575544     
         177   2.3876306879978548     
         178   1.5040560404019732     
         179  -1.3924766500939099     
         180  0.71467512056856819     
         181   3.9533888153242871     
         182   1.4018855615199686     
         183   12.954552056445637     
         184   5.6736447014089642     
         185  -3.4217829605210595     
         186  -1.2586630150292406     
         187   2.5376112880443689     
         188   1.7740371109095212     
         189   1.5095984526414079     
         190   4.1835550851758878     
         191   8.6105634783242895     
         192   6.9110575711549771     
         193  0.96147558566890989     
         194   3.0831147124079168     
         195   6.1831637105083948     
         196  -1.6186693004283825     
         197  -4.3894316133478724E-002
         198   5.0787530781367103     
         199   2.3963706572128429     
         200   5.0787530781416477     
         201  -4.3848050695147016     
         202 -0.90978372746555858     
         203  0.85792766841511681     
         204   2.1322348505526691     
         205   5.0787530781345636     
         206  -5.0787530781420447     
         207  -2.6549585912299829     
         208   2.3573483576145851     
         209   5.1528450034822662     
         210   1.7027682469849326     
         211   5.0787530781326149     
         212  -2.1145538939314052     
         213   2.4070029722383928     
         214 -0.96818425600636726     
         215 -0.85450168680682248     
         216   1.1415594772245257     
         217   5.0787530781130616     
         218   1.1672552050359901     
         219   2.9463938774898248     
         220  -2.1599447771756961     
         221  -4.0995187580337049     
         222   2.5484653588396187     
         223   4.0310089894336159     
         224   5.0787530781461596     
         225   4.8204462597593665     
         226   1.2315254350068339     
         227   4.0310089894215926     
         228   1.2631651509802494E-002
         229   4.1091907759687833     
         230  -3.1994139551938687     
         231   4.0371468016735861     
         232   4.6013061547203993     
         233   8.4151971864112287     
         234  -5.0787530782134853     
         235   5.2197462058586144     
         236   7.6917943431188140     
         237   5.0787530782755796     
         238  -5.0787530781365353     
         239  0.88998627239936590     
         240   3.5214107063580422     
         241  -4.7702657683215870     
         242   5.0787530781895081     
         243   3.6120158790608454     
         244  -5.0515080666370062     
         245   2.6454907992773302     
         246   4.0310089894800090     
         247  -2.1080591596729938     
         248   3.9905864889160410     
         249   5.0787530780826904     
         250   2.8875818813059517     
         251   4.0310089894722898     
         252  -5.0787530781764962     
         253  -1.6605052826437147E-002
         254 -0.69583372418075506     
         255  -3.1942716867459122     
         256   3.5214107063723126     
         257 -0.24736198820734120     
         258  -5.7925306762233300     
         259  -4.0310089894710472     
         260   1.0752689079243039     
         261   3.3731824998406346     
         262   2.7897510349405961     
         263  -5.0383865305188884     
         264   1.7739028835073529     
         265   5.0787530781313182     
         266  -5.8813196438776352     
         267  -2.9700728176930484     
         268  -3.7761819701539343     
         269  -1.0106665548815226     
         270  0.99257192975162034     
         271   2.7949455298460921     
         272  -2.4803465141598435     
         273   4.3972349137209834     
         274   6.4213375222432889     
         275  -1.6510926972639659     
         276  -5.0787530781195827     
         277 -0.35341476923023435     
         278   2.9700728176933784     
         279   2.8948639444382214     
         280   3.4399291591793242     
         281   1.7396716325597079     
         282  -4.4227045893167043     
         283  -3.5302670677192931     
         284  -3.1994139551812406     
         285  -2.3239376296253922     
         286   3.8569238538734965     
         287  0.45818300082507391     
         288   2.4793120118826542     
         289   2.9700728176860718     
         290   3.9566905950233768     
         291   5.0787530783755850     
         292   2.9642981699699114     
         293  -1.6160464659431919     
         294   4.1202252400954080     
         295   3.2133883978449180     
         296  -1.7970885041568097     
         297   1.1519731323496170     
         298  0.26330183776633870     
         299   4.0310089899061845     
         300   4.6605493207404676     
         301   5.2855299026607492     
         302  -3.9452166635217738     
         303  0.69897737602211729     
         304  -4.0310089894659962     
         305  -5.0787530781246302     
         306   5.0787530781445529     
         307   3.3452124162369627     
         308  -5.5806691303814517     
         309  -5.0787530781336416     
         310  -5.0787530781317631     
         311   3.5214107063662974     
         312   2.3502936858225496     
         313   5.0787530781373666     
         314   1.5699833177489033     
         315   5.0787530781710739     
         316   5.9851875922927169     
         317   3.5214107063240498     
         318   3.4503679160914320     
         319  -1.3264274098377702     
         320   1.2560953087689988     
         321   1.2892319893893114     
         322   1.3184086466707021     
         323  -9.8291888715973150E-002
         324  0.47350737751043798     
         325 -0.19697163231940854     
         326  -1.9062551321279864     
         327  -5.1299278400560127     
         328  -4.3382597701555552     
         329  -3.7531405911967508     
         330   3.3986067547422492     
         331   5.0787530781637882     
         332  -2.0812956618597700     
         333   3.3396514082267359     
         334   4.8307364217268818     
         335   4.6527025190404387     
         336 -0.15820217088989824     
         337  -5.7471535905441229     
         338   1.3879007332514308     
         339 -0.93922102619099368     
         340  -3.2492238446263166     
         341  -2.7949455298424222     
         342  -1.4610800195117144     
         343  -2.8525665008103389     
         344   2.7949455298590231     
         345 -0.70390558817535964     
         346  -2.2341120515442663     
         347  -2.9700728176926430     
         348   2.5117664394367964     
         349  0.69605505982097793     
         350   2.5552225031635665     
         351  0.55677055320347291     
         352   5.0787530781342838     
         353  -3.7527134878478861     
         354   5.0787530779156871     
         355   5.5146755081066923     
         356   5.0787530783599140     
         357  -2.2506016484741820     
         358  0.39402313321823296     
         359  -2.2696965367956490     
         360   1.1889954174108222     
         361   4.0310089894686474     
         362  -5.0787530781414398     
         363   9.0353549544837847E-002
         364   5.0787530781346168     
         365  -5.3764256490377047     
         366  -5.5809661435232982     
         367  -4.1767086941376697     
         368   5.0787530782992487     
         369 -0.33896945596955164     
         370   2.6990770847615191     
         371   4.3633593845381933     
         372   2.0897792121017349     
         373   5.0787530781497923     
         374   2.3784674601912124     
         375   4.0140530913693038     
         376  -1.1999057311983634     
         377  -1.3376421654396033     
         378  0.45336053622808242     
         379   1.0847531496123590     
         380  0.22045046802488499     
         381  -1.3069391310539022     
         382  -1.0841170714182122     
         383   1.2892319893893243     
         384 -0.91736073677113250     
         385  -1.2892319893893205     
         386  -1.0984613410987001     
         387  -4.0054678811210591     
         388  -2.5352968053251250     
         389  -2.1985740539451242     
         390   3.5214107063652378     
         391   2.5178758377208013     
         392  -4.2382233360521573     
         393  -1.1835183037424855     
         394   1.9217226506207703     
         395  -2.5606589848018153     
         396   2.2305964626524206     
         397   3.5214107064071820     
         398   5.0787530781420758     
         399 -0.72625091794203012     
         400   3.2719614359524196     
         401   4.0310089894581589     
         402   3.5214107063711944     
         403   3.0133859641044332     
         404  -5.4087968370615114     
         405  0.99463050479160120     
         406   1.6179818207853760     
         407  -2.6549585911659896     
         408   2.2836324387939708     
         409  -6.2208762602395726     
         410  -3.2030252486153508     
         411  -1.3234327100111913     
         412   1.3026408266262799     
         413  -4.9816002285890377     
         414 -0.78245806037052690     
         415  -5.3037759795782596E-002
         416   2.0712901641260166     
         417  0.62640943614931299     
         418   5.0863789943211986     
         419  -4.0310089894833965     
         420  -5.0787530780789121     
         421 -0.49862083050641554     
         422   3.1994139551811465     
         423 -0.97036640221559234     
         424  0.24780060780415319     
         425   2.0487807883650544     
         426   3.5214107066258622     
         427   2.1072420302979222     
         428  -4.0310089894297656     
         429  -4.0960538158299800     
         430  -2.0321869578627543     
         431  -5.9761661887083699     
         432  -2.2183497371415144     
         433   1.6929176927005993     
         434   5.2076011571119478     
         435   5.0787530781697194     
         436 -0.20588761912176359     
         437   1.8883978932356027     
         438  -3.7895380022006173     
         439  -2.9723234696050755     
         440  -1.9052768129762494     
         441   1.3274792956149926     
         442 -0.73966807507571497     
         443  -1.4338924288696986     
         444  -2.9969527658088899     
         445   9.3839619861942780E-002
         446   3.4402745298874633     
         447   2.6720327491740514     
         448   1.2892319893893236     
         449   1.3223021624806195     
         450  -1.9259983632348217     
         451   2.8205451904184109     
         452   1.6743024990994708     
         453  -1.2212502571957877     
         454 -0.70769797456403793     
         455   1.2892319893893169     
         456   1.3170939166580815     
         457   1.0339923852620669     
         458  -1.0580657224564951     
         459   1.2075369716422522     
         460   1.2892319893893611     
         461  -1.2892319893927588     
         462   4.0501267278553916     
         463   3.5568933043576898     
         464   1.3329677360203740     
         465   3.5568933048312878     
         466   2.8743717175035828     
         467  -1.2892319893892983     
         468  0.24024956802658737     
         469   2.0315256682823590     
         470  -5.1299278409032336     
         471  0.36626190069054781     
         472  -6.2743349614432073     
         473  -1.1277222415314965     
         474   1.7514000568956511     
         475  0.31100721919270369     
         476  -4.0716264248937781     
         477  -1.4133075703906961     
         478   5.1299278400333490     
         479 -0.64899204144792211     
         480  -5.1299278400312582     
         481  -1.8413092933616606     
         482   2.3860430129132717     
         483  -5.0787530781980017     
         484  0.92335750317824128     
         485   3.7540127845734919     
         486   3.7095213004353891     
         487   5.0787530780177406     
         488   7.7393875933071294     
         489 -0.36718458485067695     
         490  0.54282905729889930     
         491   2.9700728176911033     
         492   1.7022242988957970     
         493   5.1868754457991226     
         494   2.7949455298627570     
         495   2.6026971809376165     
         496   4.0310089894416716     
         497  -11.010819254562577     
         498  -5.0787530781310748     
         499  -9.5314951755562856     
         500   3.3158013051883239     
         501   3.5214107063443580     
         502   9.7558538998138530E-002
         503   1.6236615900941900     
         504  -1.4376671018895975     
         505  0.27594073045975975     
         506   2.7949455298482180     
         507  -6.7128038849509755E-002
         508  -1.5526292029957973     
         509  -3.5214107064164506     
         510   1.5762722481632485     
         511 -0.34285009112491510     
         512  -1.5882268071861796     
         513   1.8824120398431776     
         514   1.2892319893892976     
         515  -1.2331060371654161     
         516  -3.8050210695912359     
         517   1.2331060371653906     
         518  -1.8073774253248351     
         519  -2.3679195678877707     
         520  -1.2972987961902320     
         521  -5.0512200475401281     
         522  -1.9324954538553967     
         523   2.8274581014343099     
         524 -0.17309171009967328     
         525   2.7600530481461503     
         526   1.2131294890091111     
         527   1.2892319893893132     
         528   1.2131294890160831     
         529   3.7046742715323573     
         530  -5.1299278400268218     
         531  -1.7438972744189434     
         532  -5.1299278400999366     
         533  -3.5417531811430001     
         534  -1.2331060371653206     
         535  0.30768756939139374     
         536   1.2758711108500846     
         537   2.6817106052698820     
         538   1.6211788952504866     
         539  -1.2331060371653344     
         540 -0.41181990249098721     
         541  -1.7157059735623432     
         542   1.6158910647406899     
         543   3.5304849863482510     
         544  -3.7278508123437031     
         545  -3.5568933045440807     
         546  -4.1917226001453152     
         547  -3.1581534983404689     
         548   4.8564799621582040     
         549   4.0716264249204404     
         550   2.5765412055713077     
         551  -3.9149030397687423     
         552  -4.0716264249037275     
         553   5.1299278400415513     
         554   1.0821177509965936     
         555   3.1842705804897178     
         556  0.81706481715422474     
         557   2.3819911629144581     
         558   3.5214107063677331     
         559   2.9962788296614744     
         560 -0.69560852807450679     
         561  -1.6962357483324015     
         562   1.3274792956143449     
         563  -2.5742005947454700     
         564  -3.9467916300316306     
         565  -2.6720327491738067     
         566   1.7285355826820099     
         567 -0.91234586608093515     
         568  -1.9103884503675359     
         569 -0.60294355228369201     
         570   2.3547148042935082     
         571 -0.45514073384677395     
         572  -1.4117277804464574     
         573  -3.1994139552341969     
         574  -5.5401273969381393     
         575  -3.9015202405141687     
         576  -5.0787530785993642     
         577   2.8759799110755955     
         578  -1.2331060371653839     
         579  -2.3072977793781098     
         580   1.0631489296071668     
         581  -2.6557639756734589E-003
         582  -1.2758711108502088     
         583   1.9674775929503645     
         584   6.5929245969978965     
         585   4.4720211661356206     
         586  0.45584157249298418     
         587   2.6817106052642941     
         588  -2.6817106052679387     
         589  -1.7420975321453045     
         590   2.0957207489700305     
         591   4.5628538331475950     
         592   3.5568933041929300     
         593  -5.1299278400414234     
         594  -5.3670342307141015     
         595  -3.9819188020083200     
         596   8.4070307875675460E-002
         597  -2.8231080866498903     
         598   1.5075185133228435     
         599  0.32535262363948092     
         600   1.6035944292149822     
         601   2.5750094282951768     
         602   3.2316520350488247     
         603   5.1299278401024235     
         604   2.9366713799679758     
         605   5.1299278401973991     
         606   3.8468238779929265     
         607   3.5568933044906754     
         608   4.9172095837510970     
         609 -0.20869356304668568     
         610  0.51356601091861653     
         611   1.8566368712579735     
         612   3.1655243569240277     
         613  -1.4120589366309857     
         614  -10.218835895880639     
         615  -5.1299278400893495     
         616  -5.7175177423136612     
         617  -5.5304445916338381     
         618  -3.8012238091512667     
         619   3.6596217912751485     
         620  0.33367294853653484     
         621   3.9809895566876787     
         622 -0.44480851605332772     
         623  -5.1299278396651289     
         624  -3.6611880742233600     
         625  -3.4090971133978387     
         626  -4.7371306514207046     
         627  -5.2148431209728185     
         628  -5.1299278402868520     
         629 -0.45575814902854822     
         630  0.90367053067586256     
         631   5.1299278400397039     
         632   3.4124403641260814     
         633   1.4016952009218431     
         634   1.8581028467039673     
         635   4.0716264248937621     
         636 -0.21146925657192756     
         637   3.2705387721056680     
         638  -4.6137267435146256     
         639  -5.1299278400323463     
         640   1.4758022202103076     
         641   2.8231080868052918     
         642   9.9237513047773565     
         643 -0.19844053701189732     
         644   1.6330169462616619     
         645   5.1299278402888140     
         646   2.6817106053181692     
         647   3.0654140314797358     
         648   4.0716264248997245     
         649   5.1299278419452241     
         650   1.4374481802646235     
         651   3.2316520350465074     
         652 -0.67084658402910824     
         653   3.5568933045057811     
         654   3.1708061294665817     
         655   4.5870941416435187     
         656  -4.0716264248937923     
         657 -0.58434412829076365     
         658  0.76294407124642161     
         659   5.1299278400337283     
         660   5.1299278400345525     
         661   1.4100233655991357     
         662   3.5060593708649646     
         663  0.25395332481247745     
         664  -2.6878475347785344     
         665  0.77674175586010241     
         666   3.2356444817600392     
         667  -5.1299278400197856     
         668   2.5702168502630509     
         669   8.3878320529706265     
         670   2.3066428794831717     
         671   2.6817106052914284     
         672  -1.9224721443230681     
         673   1.7659605714519666     
         674   5.3793237420570295     
         675   6.3837158414798640     
         676  -4.5551918198166943     
         677  -11.188885227510639     
         678  -5.1299278400589170     
         679  -2.4549697472040104     
         680  -1.5967030173976426     
         681   4.0716264252248511     
         682   2.5649639199622336     
         683  0.66239263768437451     
         684   10.494754912381435     
         685   3.3188556001435758     
         686 -0.30884781908012177     
         687   1.9591639255944107     
         688   6.5614568623890497     
         689   2.8231080866412550     
         690  -1.9967759971143764     
         691   1.8884952285629273     
         692   5.1299278399741093     
         693   2.8231080866650471     
         694  -2.1301292783781753     
         695  -2.4662120743456208     
         696   4.0716264248929415     
         697  -3.3989506512681800     
         698  -4.3452016013000234     
         699  0.47364028188208690     
         700  -1.1371241268263936     
         701  -7.1255364625815263     
         702   3.2316520350508182     
         703   2.3586732071395899     
         704   4.0725842566776214     
         705   1.8150618553140407     
         706  -2.0026178836456339     
         707   5.1299278402664035     
         708   5.7631107241271442     
         709   5.1299278398222139     
         710   1.7544106429274384     
         711  -1.7099759466731022     
         712   1.6343871440357951     
         713 -0.22957146001478465     
         714  -4.0716264249259577     
         715  -2.5580863758033048     
         716  -2.8313425565282797     
         717   1.6339073007937772     
         718 -0.56670165681458762     
         719   5.1299278402868493     
         720   4.0048418252200495     
         721   1.6893718206616106     
         722   8.4765315613587333     
         723 -0.28609289764558288     
         724   2.8553694782448473     
         725   1.3435669505042653     
         726   4.0003951101289283     
         727 -0.67633864102357943     
         728   2.7356362568783426     
         729  -2.8231080866661400     
         730   1.4602912300504700     
         731 -0.55859051878516164     
         732 -0.28416386777515684     
         733  -5.1299278400320896     
         734   1.3142356173428114     
         735  -2.3066428794961675     
         736  -2.4969161063399410     
         737   2.1890809850835842     
         738 -0.72609106293699399     
         739  0.45900055218686353     
         740  -5.1299278400115913     
         741  -5.8657340835315868     
         742   2.7390551987280660     
         743  -1.5368711964766324     
         744   1.4642720443411528     
         745   2.8450545359022321     
         746   5.1299278400592252     
         747   1.4877043650107709     
         748   5.1299278436784865     
         749   2.5649639200156984     
         750 -0.62839750996399546     
         751  -2.3811015781222182     
         752  0.51190885789828722     
         753  -2.7466652891891581     
         754  -3.7135922128994183     
         755   4.1481506593240685     
         756   2.3066428794822467     
         757   3.2316520350504581     
         758   2.2407023732776143     
         759   6.8780701741345807     
         760  -4.7527262380647040     
         761 -0.97398622356139930     
         762   2.6496219803469012     
         763   3.7230037206640190     
         764   2.3897154163954064     
         765   3.1214096930195341     
         766  -4.0716264248872491     
         767  -4.0716264248972394     
         768  0.34200702827619645     
         769  -3.6645745024804590     
         770   5.1299278400349237     
         771   2.8952098708759553     
         772   5.1299278400408577     
         773  -4.0716264249046841     
         774  -4.6488503553976184     
         775   1.0420021140065581     
         776   3.7865932841697649     
         777   2.2620152015821615     
         778 -0.54041553110105756     
         779  -1.6549151049070558     
         780  0.33130299273126756     
         781   3.1251141365303239     
         782  -3.5568933044964672     
         783  0.56007709345345935     
         784   3.5568933044980882     
         785   2.0578645691371236     
         786  -3.2316520350433509     
         787 -0.58919938715309073     
         788  -4.0292935679131618     
         789  -5.1299278400345711     
         790   5.1299278400373787     
         791   2.5524411305430701     
         792   1.6318288462965103     
         793   8.8406628349188843     
         794   2.5649639200128300     
         795   5.1299278400323942     
         796  -1.5874114113968665     
         797  -6.5529405936227167     
         798  -2.1783321973388405     
         799  0.61003827905633001     
         800  0.80908732838570152     
         801   1.1036937554640041     
         802  -2.5003603019806304     
         803   1.1148753876367188     
         804  -2.8313136892291331     
         805  0.31511145019769143     
         806   4.0716264253175973     
         807   5.1299278389724714     
         808   2.3066428794861253     
         809   3.9671441094853264     
         810   4.5695901027659591     
         811   1.8447879436631558     
         812   3.6887583037684579     
         813   1.9732845553719509     
         814   3.5568933044898401     
         815   3.2316520350387838     
         816   3.5568933045057185     
         817 -0.23372088710413966     
         818   4.8990229186878880     
         819   5.1299278410924698     
         820  -5.1299278400265669     
         821  -5.4400471843398490     
         822   3.5119735822622298     
         823   4.0716264248987173     
         824  -1.9845398506192855     
         825 -0.25859005511365701     
         826  -3.1347279936303085     
         827   2.5584167898480779     
         828  -1.6098016090302854     
         829   5.1299278400410451     
         830  -5.1299278400325941     
         831  -5.1299278400349140     
         832  -3.4559162363169000     
         833  -3.6007309967562704     
         834 -0.84748179169755977     
         835   5.1299278400326962     
         836 -0.34231178267351431     
         837   2.9290843423763722     
         838  -2.7293521635710398     
         839   1.6893718206618531     
         840   2.2407023732791393     
         841   4.2262745669739292     
         842   4.0716264254781782     
         843   3.2044329709775670     
         844  -3.4672878788379742     
         845  -5.1299278402136750     
         846  0.29303647640827413     
         847   2.9755200873602301     
         848  -3.8909691044426937     
         849   5.1299278415947382     
         850   4.7167737628048654     
         851   5.3661489673777414     
         852   5.1299278401401009     
         853   4.0151169630556938     
         854  -2.2373560098461405     
         855   1.2022600983132308     
         856  -2.0315445113523838     
         857  -5.3379208747955431     
         858  0.98042415199775812     
         859   7.4880003094405021     
         860  -1.8307836667054262     
         861   5.5834036247572536     
         862   6.0738266644791166     
         863   4.0716264286425474     
         864   4.0716264248889553     
         865   7.8824659279756171     
         866   2.9999999999138875     
         867   5.1299278399020327     
         868   3.4091545069247058     
         869   1.5891068779647066     
         870  -5.1299278400297625     
         871   5.1299278403957453     
         872  -4.0716264250375405     
         873   3.1436289521220857     
         874   1.8781901718575764     
         875   4.0384056195690414     
         876  -1.2521745292658217     
         877  -3.0000000000000782     
         878   5.1299278399947150     
         879   3.5568933044982369     
         880  -1.3461823131860513     
         881   5.1299278408480200     
         882   1.1706473620099538     
         883   2.0769751153064102     
         884  -3.9944212730508424     
         885  -4.0716264248840828     
         886   2.3028904645792774     
         887  -3.3950887626775712     
         888   4.8039284474123951     
         889   2.6511489400742283     
         890   1.2614143217304281     
         891   3.8563773853076064     
         892   6.5865310025485906     
         893   3.5568933044967803     
         894   3.1100366131586386     
         895  -1.2899484125299756     
         896   4.0716264248938510     
         897  -7.4930659422285331     
         898  0.38411119449948744     
         899   1.7326867076646486     
         900   5.1299278400493957     
         901   5.1299278400622486     
         902   2.6821833957753665     
         903   5.1299278494829803     
         904   3.3835029057117927     
         905   2.5506830642158738     
         906  -4.6939524771728358     
         907  -5.1299278401656689     
         908  -3.2483522342731517     
         909   2.4740330827480199     
         910   4.3784978364024560     
         911   4.1402813897861321     
         912   2.2553853314964489     
         913   2.9840125796123282     
         914  -1.9181267812138865     
         915  -4.0015425473333179     
         916  -5.1299278398512529     
         917   3.3454391012284597     
         918 -0.34372744807608330     
         919  0.57246354734615224     
         920  -2.0158966427629159     
         921  0.89849351434514602     
         922   5.1299278400348882     
         923   5.1299278400701214     
         924   5.1299278400339272     
         925   2.5537219451229309     
         926  -3.1218387449635303     
         927  -6.2829103368452030E-002
         928  -5.8575012614324127     
         929  -4.6001691905080877     
         930   5.5641408783742534     
         931   3.9137287472296474     
         932   3.4318064329052929     
         933   1.5151502832918504     
         934  -5.1299278400588513     
 time 1.0e30
