           1         317
 time 0.0
         317
           1  0.29631882020565592     
           2  0.23938064823581598     
           3  0.26364245601211395     
           4  0.73164790698003934     
           5  0.80006603654677888     
           6  0.88219294615830957     
           7  -4.0838650948816946E-002
           8  0.45339083264498287     
           9  0.35777045091961135     
          10  0.35261464868362119     
          11  0.40904017935533743     
          12  0.62491864504523642     
          13  0.66608522309743645     
          14 -0.14159789279575219     
          15  -1.5159969022659554E-002
          16   2.9839426025644745E-002
          17   1.2083696706538489E-002
          18  0.34447254970216978     
          19  0.27125648916602157     
          20  0.33117444320334011     
          21  0.40466615378094845     
          22  0.15985769022878463     
          23  0.21467850613557107     
          24  0.17763279566530971     
          25  0.13499645500459989     
          26  0.23833235786219054     
          27  0.35448226292592255     
          28  0.16905723944110357     
          29  0.50668482875793364     
          30  0.63682818348400827     
          31  0.56849162958785393     
          32  0.27454594447945624     
          33  0.21462799043928937     
          34  0.63513404708390708     
          35  0.61669332586506365     
          36  0.61495239728373752     
          37  0.65523835900284777     
          38 -0.20946248104265844     
          39  -4.3856431221670961E-002
          40  -8.3024557273805588E-002
          41  -2.4516477748144503E-002
          42  0.42657414006666899     
          43  0.40914326725587891     
          44  0.36763774224459939     
          45  0.35858473252793405     
          46  0.40391101835649362     
          47  0.26981368777468445     
          48  0.23922820531589781     
          49  0.20308531401649463     
          50  0.32968161002750251     
          51  0.30915143865796196     
          52  0.27821561816894053     
          53  0.54338513385375675     
          54  0.65436430456342753     
          55  0.49382888634921146     
          56  0.46620428031421646     
          57  0.42768455541255146     
          58  0.47804466574343574     
          59  0.30185529178470583     
          60  0.31714306210240589     
          61  0.39038692215549153     
          62  0.46977498892235536     
          63  0.49370329819935610     
          64  0.54670922865929905     
          65  0.92818876026395647     
          66  0.81688766201456409     
          67  0.87072772552708677     
          68  0.53483347284630789     
          69  0.46539756286557254     
          70  0.46559333563726168     
          71  0.70304324074614699     
          72  0.54541472556302661     
          73  0.56916244465619892     
          74  0.67562531786868629     
          75  0.64351751603805685     
          76  0.49344675072601324     
          77  0.55360947598138821     
          78  0.71169003704961875     
          79  0.63239900873746702     
          80  0.27569853261285598     
          81  0.42333437390924233     
          82  0.67472564735270757     
          83  0.85093665771120186     
          84  0.74915056534653690     
          85  0.79864636476500184     
          86  0.50205109059689379     
          87  0.60391861845520156     
          88  0.58421311052153824     
          89  0.31852316822837939     
          90  0.20970672604181548     
          91  0.15965869125598736     
          92   9.3556820978956359E-002
          93  0.10554021639487209     
          94  0.26589507217346298     
          95   6.8407524623742472E-002
          96 -0.45006957080871912     
          97  0.72668614945325427     
          98  0.61069700475521571     
          99  0.65916119788159100     
         100  0.36731576865033017     
         101  0.37128638974554196     
         102  0.66009698065190348     
         103  0.59819793886778050     
         104  0.65066672363845046     
         105  0.73841940256496363     
         106  0.78091699214697385     
         107  0.73261637744708230     
         108  0.79083057249207755     
         109  0.85606848296286009     
         110   1.0076373165641115E-002
         111   3.2634703042140834E-002
         112   2.9670679562289137E-002
         113  0.67478610261966121     
         114  0.70535963708396532     
         115  0.79904781725582796     
         116  0.72096253581094627     
         117  0.66384751210351634     
         118  0.59735352946091169     
         119  0.62321646561033128     
         120  0.85944435098555672     
         121  0.55328828091980098     
         122  0.50581370156986905     
         123  0.53893079253064291     
         124  0.50140031421089581     
         125  0.45792427149403575     
         126  0.32722182352150653     
         127  0.39142134703372899     
         128   3.5393844397807656E-003
         129  0.27291209454864140     
         130   4.7083381144481198E-002
         131   7.0042989926471691E-002
         132   5.8176518237277833E-002
         133  -1.1978314511172167E-002
         134  -5.6534126788696411E-002
         135  -8.0840215750733260E-002
         136  -6.7024953013632982E-002
         137 -0.23128916045300016     
         138 -0.21169381311659746     
         139 -0.66757493119623990     
         140 -0.67279114240839499     
         141 -0.69432916562532576     
         142  0.63975694452522380     
         143  0.71082433660502509     
         144  0.73595658232540662     
         145  0.63270927349295059     
         146  0.64005566443338602     
         147  0.62463064464523976     
         148  0.62880043346716175     
         149  0.56914584910215371     
         150  0.49635003564154684     
         151  0.42055115478629901     
         152  0.57314485362214707     
         153  0.46125503839769916     
         154  0.40949681956848255     
         155  0.44557996109899706     
         156  0.40554414411759404     
         157  0.44657518720676215     
         158  0.57116713442318312     
         159  0.46063947049150278     
         160  0.51251474944671072     
         161  0.18832714964901104     
         162  -9.4159281404429654E-002
         163  0.25707446154505270     
         164  0.27884078154629549     
         165  0.30734154314515394     
         166 -0.27409835918426845     
         167 -0.12999636420016980     
         168 -0.14807091617120827     
         169 -0.16947091597622305     
         170 -0.40246495747581806     
         171 -0.46116872925098495     
         172  0.13225394136503119     
         173  0.15745954095055570     
         174  0.12846669987284703     
         175 -0.29121729437503324     
         176 -0.33078416977194697     
         177  0.38933400304628185     
         178  0.31489677920520504     
         179  0.32717539707043575     
         180  0.34180411811427985     
         181  0.29955511174619898     
         182  0.35602995321737679     
         183  0.38692013942936532     
         184  0.19395589212397513     
         185  0.23054694570498410     
         186  0.23058911156036768     
         187   6.5731796465984052E-002
         188  0.10519942095317744     
         189   3.3670565614645299E-002
         190 -0.31007661086714039     
         191  0.16302637774210166     
         192 -0.59286382639635593     
         193  -5.3357111672893850E-002
         194  0.34194335940951287     
         195 -0.12241973491991373     
         196  -6.6005253618518347E-002
         197 -0.13765429701039641     
         198 -0.44756994072615702     
         199   9.9071762365805505E-002
         200 -0.49301235107284458     
         201 -0.56273022241103599     
         202 -0.13178098515134154     
         203 -0.14983913336625182     
         204 -0.20114649331106096     
         205 -0.32158773836009946     
         206  -7.8273338187522537E-002
         207 -0.11670568767216591     
         208 -0.11301856109300154     
         209 -0.24171946868837793     
         210 -0.22424950556261988     
         211 -0.27122636467453476     
         212 -0.18986260325864951     
         213 -0.26191829954745011     
         214 -0.37154073810735683     
         215 -0.49246657775922403     
         216 -0.64377958327896823     
         217 -0.54625871955090821     
         218 -0.52445051759682515     
         219 -0.32689398325330532     
         220 -0.27846620467057098     
         221 -0.35681882543118315     
         222 -0.40910950939486529     
         223 -0.46870886166687492     
         224 -0.38250875046807825     
         225 -0.23568846957987050     
         226 -0.15424437606314476     
         227 -0.20948498600032434     
         228 -0.20691065266487058     
         229 -0.28939515901316404     
         230 -0.33822449886334660     
         231 -0.38141675042445961     
         232 -0.26935777982387699     
         233 -0.28922595954017966     
         234 -0.43468690490351281     
         235 -0.51035652256749053     
         236 -0.19452014802827503     
         237 -0.27749494359184335     
         238 -0.15023529233887595     
         239 -0.24559875392709035     
         240 -0.19382967840043616     
         241 -0.48009701595772908     
         242 -0.33806499461213896     
         243 -0.45022939917723237     
         244 -0.26335768319170771     
         245 -0.35725119400056404     
         246 -0.43701590304583054     
         247 -0.33910217994388281     
         248 -0.36765236518590005     
         249 -0.88253316043259877     
         250 -0.22344191068254798     
         251 -0.32605503849317630     
         252 -0.28670840756960558     
         253 -0.24390028317541382     
         254 -0.29529407638005706     
         255 -0.34420521469616661     
         256 -0.68382764960864129     
         257 -0.55630877054490713     
         258 -0.61959813899378580     
         259 -0.53886790772650117     
         260 -0.81537754322164191     
         261 -0.49900305071129647     
         262 -0.41817916545946265     
         263 -0.32847921843917272     
         264 -0.32360516763049790     
         265 -0.45567624784843319     
         266 -0.39493428460280866     
         267 -0.37438445755453043     
         268 -0.46003463333439382     
         269 -0.50458515498078116     
         270 -0.19705051536325946     
         271 -0.55005578805996569     
         272 -0.49113049916908513     
         273 -0.44824204670058970     
         274 -0.42585356469638697     
         275 -0.52461715771980266     
         276 -0.34837618468149945     
         277 -0.42332702074844020     
         278 -0.37609126317734914     
         279 -0.49600337966438246     
         280 -0.56862423087322622     
         281 -0.51706729684467279     
         282 -0.58343324656335338     
         283 -0.41881938147334985     
         284 -0.47880212553937940     
         285 -0.65974678438614409     
         286 -0.63054540673669435     
         287 -0.70292315402050709     
         288 -0.61243475426157179     
         289 -0.75898729449980684     
         290 -0.65656341473404389     
         291 -0.56170363933962908     
         292 -0.68133629193400302     
         293 -0.73367019072731821     
         294 -0.58419841379326209     
         295 -0.67780491880362381     
         296 -0.56642579193477771     
         297 -0.63496132782827452     
         298 -0.34734104318745002     
         299 -0.48417403975488693     
         300 -0.40794238403177552     
         301 -0.40418130980160655     
         302 -0.76881742804054642     
         303 -0.78275412074536266     
         304 -0.71947594642241575     
         305 -0.45008101082415869     
         306 -0.35211010186168767     
         307 -0.41625974066605814     
         308 -0.28966445971425769     
         309 -0.35127364816072643     
         310 -0.53420462249980782     
         311 -0.59504920136159078     
         312 -0.55256668350182470     
         313 -0.72755761148318565     
         314 -0.82353808961920927     
         315 -0.75121912159049631     
         316 -0.79512779785439269     
         317 -0.74452663364251359     
 time 1.0e30
