   3.1698866088593834E-015
   2.2900763358788580E-002
  -1.2760562307784653E-014
  -2.8997673433259850E-015
  -4.9960184032802023E-016
   8.1269686600605802E-016
  -1.5267175572516840E-002
  -1.5586127493828489E-015
  -2.8092041670341193E-015
  0.12977099236640444     
  -7.6335877862486311E-003
 -0.11450381679389324     
  -1.5267175572507483E-002
  -2.6393176976208957E-016
   4.5801526717555996E-002
  -1.6597284517957047E-015
  -5.3040456983931156E-016
  -2.2053986722165510E-015
   5.0205401966893410E-015
  -1.9332246326219431E-015
   4.1235842473205979E-016
   7.6335877862588738E-003
  -7.6335877862558554E-003
   1.5267175572511699E-002
   8.9902368325576719E-017
   3.7234432702252733E-015
   3.8704870021638739E-015
 -0.46666666666666651     
   7.5127610052672835E-015
  0.46666666666665874     
   1.5267175572347767E-002
   2.9141245447121425E-014
   4.9007264144456344E-015
  -7.6335877861167297E-003
   2.0822620907834947E-015
  -5.3971378723476220E-015
   6.5503281526567593E-016
   1.2311026929035200E-015
   2.2900763358598624E-002
  -3.8391600333539548E-015
   8.7141717754491449E-015
  -6.8702290076475839E-002
  -2.5659843520931583E-015
   7.6335877862766160E-002
   7.6335877862481602E-003
   1.4805100881741146E-015
  -3.3072411761048043E-015
  -2.6199161028117694E-015
  -3.7048925175250244E-016
   7.6335877862609616E-003
   3.9074126460415059E-015
  -3.8623017525235764E-015
   3.6140508586416274E-016
   7.6335877862588634E-003
  -1.1395707173414701E-015
  -4.0460135607389645E-015
  -6.1278274545087113E-015
  -8.3188481123801671E-015
   7.4074074076567031E-003
  -1.8165783215600146E-015
  -4.8060627752542074E-015
  -5.1851851852080980E-002
   2.9629629629595169E-002
   1.4814814814839450E-002
 -0.10370370370368862     
  -1.7988480094431376E-015
   5.4662986569378738E-015
   7.4074074075087303E-003
   3.5229162400493076E-016
   8.1481481481370174E-002
   1.4814814814806721E-002
  0.37777777777761817     
 -0.48148148148131359     
   5.9239263596856467E-015
   8.1429612114506433E-015
   1.2780030788991102E-014
  0.37777777777753763     
   5.7726812370399910E-014
  -2.3465751239234668E-015
  -4.8681467786283711E-015
   1.3988544418493892E-013
   2.5591044268696691E-015
  -1.9901230869370645E-016
   7.6335877861227865E-003
   1.1588314280657143E-015
  -2.0079021852374135E-016
   1.9126957720061257E-016
   7.6335877862507154E-003
   1.9994947713631053E-014
  -1.5968133147909077E-014
   1.8455175510648992E-015
  -1.1610996650799001E-013
  -1.5267175572500197E-002
  -4.5801526717597345E-002
  -2.9204409384261771E-015
  -5.4692642183595991E-016
  0.18422391857491560     
  -1.8821444420819568E-015
  -6.1093464651101475E-016
 -0.14503816793879137     
  -1.4199717838837556E-014
  -2.3918575063593586E-002
  -7.6335877861143158E-003
   1.1621065178953939E-015
   5.8305586766048737E-015
  -3.6209712611397296E-015
   1.3729624633323061E-016
   7.6335877863541457E-003
   2.0720927746831096E-014
  -1.1725670066837755E-013
   2.0769938175330895E-015
  -1.5267175572475013E-002
   2.9809645067201882E-016
  -2.9606710414766477E-015
   5.8137541800954175E-016
   2.2900763358734786E-002
  -3.1422376487955238E-015
 -0.20610687022903695     
  -2.6843454667331025E-015
  -1.2957847259109689E-015
  0.39796437659026102     
  -4.3384204533914952E-014
  -7.6335877862208730E-003
   2.1315424977706620E-015
   2.7582128482539568E-015
   2.5427465285235241E-014
   2.6853051047151099E-015
   1.2258024147329743E-014
  -1.5361139913092434E-015
  -7.6335877862546654E-003
 -0.19083969465649234     
  -2.3912411508391551E-015
  -2.8294381023350279E-015
  -1.2368953965906846E-014
  -3.2018204246745925E-015
  -7.6335877862492964E-003
   4.2753388549332892E-015
   3.6501011373180982E-015
   1.5267175572515827E-002
   3.2315933346537294E-015
   6.6157760814171233E-003
   3.2666280552924768E-015
  -4.1429855264194148E-016
   1.0178117048289968E-003
  -3.4515992939611539E-015
   4.5935666526574436E-015
   1.4249363867674558E-002
  0.12977099236638703     
  -7.6335877862395343E-003
  -8.3969465649038760E-002
  -2.5864576259440798E-015
  -1.4728990886167098E-015
   4.1637355935437444E-016
  -2.2244836560684284E-015
  -1.8496735674412670E-015
   7.6688117840639549E-016
   3.3036920037515206E-015
   1.0053260686190840E-014
   7.6335877862110987E-003
   3.7885427683661602E-014
  -2.6482133949934689E-015
   3.3666217471642489E-015
   2.3699871210922972E-014
   6.3524852776644030E-015
  -3.0784828541446568E-015
   3.1859743268696082E-014
  -2.4012514622187343E-015
   5.2915595621906971E-014
   7.6335877861772134E-003
   7.6335877862579804E-003
   3.4825071613540308E-017
  -6.3592723131259348E-015
  -4.0460135606032914E-015
  -1.0816370795627972E-014
   2.5994104453761054E-013
   3.6992826192791404E-015
   2.3876306879978548E-015
   1.5040560404019733E-015
 -0.37037037036947573     
   7.1467512056856824E-016
   3.9533888153242877E-015
  0.36296296296204739     
   1.3898138884828992E-014
   5.6736447014089643E-015
  -3.4217829605210596E-015
  -1.2586630150292408E-015
   1.1359238309531801E-013
   1.7740371109095214E-015
   1.5095984526414080E-015
   4.1835550851758882E-015
   6.4149314666275136E-013
   6.9110575711549779E-015
   9.6147558566890987E-016
   3.0831147124079171E-015
   6.1831637105083950E-015
  -1.6186693004283827E-015
  -4.3894316133478726E-017
   7.6335877862563940E-003
   1.0918145335788936E-014
   7.6335877862552769E-003
  -5.8177180123763557E-015
  -9.0978372746555861E-016
   8.5792766841511686E-016
   1.2276536912365255E-014
   7.6335877862589319E-003
  -7.6335877862542794E-003
  -5.3435114503815252E-002
   7.6335877862587054E-002
   5.1528450034822665E-015
   8.6610082094465709E-015
   7.6335877862590733E-003
  -1.0282932042013835E-014
   2.4070029722383929E-015
  -9.6818425600636732E-016
  -8.5450168680682257E-016
   1.9318392843877627E-015
   7.6335877862693750E-003
   1.1672552050359902E-015
   2.9463938774898251E-015
  -9.9236641221362429E-002
  -4.0995187580337053E-015
   2.5484653588396190E-015
   1.5267175572549264E-002
   7.6335877862520737E-003
   5.2166263504942888E-015
   2.6699851085997387E-015
   1.5267175572563482E-002
   1.2631651509802495E-017
   4.1091907759687834E-015
  -3.0534351144991236E-002
   4.0371468016735861E-015
   4.6013061547203998E-015
   1.3974910533293503E-014
  -7.6335877862189604E-003
   5.2197462058586147E-015
   1.1577244447144062E-014
   7.6335877861871768E-003
  -7.6335877862576222E-003
   8.8998627239936597E-016
   2.2900763358797056E-002
  -1.6807909735205850E-014
   7.6335877862310671E-003
   2.8479192514067970E-014
  -5.0515080666370066E-015
   2.6454907992773306E-015
   1.5267175572491392E-002
  -2.1080591596729938E-015
   3.9905864889160411E-015
   7.6335877862840655E-003
   1.1258369050901819E-014
   1.5267175572500499E-002
  -7.6335877862373485E-003
  -1.6605052826437148E-017
  -6.9583372418075516E-016
  -3.1942716867459123E-015
   2.2900763358764797E-002
  -2.4736198820734123E-016
  -5.7925306762233301E-015
  -1.5267175572501703E-002
   1.0752689079243038E-015
   3.3731824998406348E-015
   2.7897510349405962E-015
  -5.0383865305188891E-015
   1.7739028835073531E-015
   7.6335877862609078E-003
  -1.6341923385506168E-014
  -3.8167938931297170E-002
  -3.7761819701539346E-015
  -1.0106665548815227E-015
   9.9257192975162036E-016
   4.5801526717575279E-002
  -2.4803465141598438E-015
   4.3972349137209841E-015
   6.4213375222432893E-015
  -1.6510926972639660E-015
  -7.6335877862652628E-003
  -3.5341476923023440E-016
   3.8167938931291917E-002
   2.8948639444382217E-015
   3.4399291591793244E-015
   1.7396716325597081E-015
  -1.2635010208053947E-013
  -3.6752170179257264E-014
  -3.0534351145031363E-002
  -2.3239376296253925E-015
   6.2512453957377427E-015
   4.5818300082507389E-016
   2.4793120118826545E-015
   3.8167938931326632E-002
   1.1923405963840665E-013
   7.6335877861361170E-003
   2.9642981699699117E-015
  -6.9127764201628210E-015
   4.1202252400954084E-015
   3.2133883978449182E-015
  -1.7970885041568099E-015
   1.1519731323496170E-015
   4.2048666455570609E-013
   1.5267175571934624E-002
   4.6605493207404679E-015
   5.2855299026607495E-015
  -1.6284987277353516E-002
   1.7342434204921415E-014
  -1.5267175572508288E-002
  -7.6335877862634188E-003
   7.6335877862535977E-003
   5.9411386314051857E-015
  -5.5806691303814523E-015
  -7.6335877862586735E-003
  -7.6335877862604151E-003
   2.2900763358778616E-002
   2.3502936858225499E-015
   7.6335877862572033E-003
   1.5699833177489035E-015
   7.6335877862390208E-003
   2.0672469332957863E-014
   2.2900763358869806E-002
   3.4503679160914321E-015
 -0.42849872773529796     
   1.6570849072150281E-015
  0.46666666666666473     
   1.5678253687555135E-015
  -9.8291888715973159E-017
   4.7350737751043797E-016
  -8.6457126592243779E-015
  -1.9062551321279866E-015
  -7.4074074073946341E-003
  -4.3382597701555551E-015
  -3.7531405911967509E-015
   1.5582912460172433E-014
   7.6335877862439699E-003
  -2.0812956618597701E-015
   3.3396514082267360E-015
   4.8307364217268819E-015
   4.6527025190404394E-015
  -1.5820217088989825E-016
  -5.7471535905441236E-015
  0.37404580152673539     
  -9.3922102619099371E-016
  -3.2492238446263171E-015
  -4.5801526717590933E-002
 -0.32061068702287721     
  -2.8525665008103392E-015
   4.5801526717503503E-002
  -7.0390558817535974E-016
  -2.2341120515442666E-015
  -3.8167938931297718E-002
   5.6585482807677359E-014
   7.3092350566551088E-016
   2.5552225031635666E-015
   5.5677055320347300E-016
   7.6335877862583890E-003
  -1.1402101127654109E-013
   7.6335877863685465E-003
   5.9330464054113999E-015
   7.6335877861457490E-003
  -6.2162229788066508E-015
   3.9402313321823297E-016
  -2.2696965367956490E-015
   1.1889954174108223E-015
   1.5267175572503676E-002
  -7.6335877862540253E-003
   9.0353549544837851E-017
   7.6335877862592659E-003
  -5.3764256490377053E-015
  -5.5809661435232985E-015
  -4.1767086941376703E-015
   7.6335877861752246E-003
  -3.3896945596955168E-016
   2.6990770847615193E-015
   4.5543419021219524E-015
   8.0128819185941003E-014
   7.6335877862507449E-003
   2.3784674601912126E-015
   4.4685448299326421E-015
  -2.2540715459814085E-015
  -1.3376421654396034E-015
   4.5336053622808242E-016
   3.1193801893914121E-015
   2.2045046802488500E-016
  -1.9433570671781099E-015
  -1.0841170714182122E-015
  0.46666666666666312     
  -9.1736073677113260E-016
 -0.46666666666666379     
  -1.0984613410987001E-015
  -6.8896487901762888E-015
  -2.5352968053251253E-015
  -2.1985740539451244E-015
   2.2900763358781485E-002
   2.5178758377208015E-015
  -4.2382233360521573E-015
  -1.1835183037424856E-015
   1.9217226506207703E-015
  -2.8395854916247321E-015
   2.2305964626524208E-015
   2.2900763358688573E-002
   7.6335877862547391E-003
  -7.2625091794203017E-016
   3.6364007177666870E-015
   1.5267175572517996E-002
   2.2900763358768304E-002
   3.0133859641044332E-015
  -5.4087968370615117E-015
   9.9463050479160135E-016
   1.6179818207853761E-015
  -5.3435114504259869E-002
   8.3969465649295694E-002
  -6.2208762602395732E-015
  -3.2030252486153511E-015
  -1.3234327100111914E-015
   1.3026408266262800E-015
  -4.9816002285890381E-015
  -7.8245806037052693E-016
  -5.3037759795782602E-017
   2.0712901641260168E-015
   6.2640943614931301E-016
   5.0863789943211992E-015
  -1.5267175572486000E-002
  -7.6335877862855322E-003
  -7.5865546297881018E-016
   3.0534351145028938E-002
  -2.6781691253835659E-015
   2.4780060780415320E-016
   5.7705320027149910E-015
   2.2900763358199426E-002
  0.10687022900810611     
  -1.5267175572548752E-002
  -4.0960538158299804E-015
  -2.0321869578627543E-015
  -5.9761661887083706E-015
  -9.1603053435067125E-002
  0.20610687022944293     
   1.6175587303072704E-014
   7.6335877862404485E-003
  -2.0588761912176361E-016
   2.2911018626405503E-015
  -3.7895380022006174E-015
  -2.9723234696050756E-015
  -1.9052768129762494E-015
  0.42748091603051969     
  -7.3966807507571507E-016
  -1.4338924288696987E-015
  -3.7150127226448046E-002
   9.3839619861942791E-017
   3.4402745298874636E-015
   5.2417302798943168E-002
  0.46666666666666334     
   2.4026123104818995E-015
  -2.4833316400372695E-014
   2.8205451904184112E-015
   2.1398846271924991E-014
  -1.2212502571957878E-015
  -7.0769797456403800E-016
  0.46666666666666407     
   7.1130701256117263E-015
   1.0339923852620671E-015
  -1.0580657224564951E-015
   7.5749267454846304E-015
  0.46666666666665896     
 -0.46666666666624773     
   1.1716603699102513E-014
   2.2222222222499914E-002
  0.42222222222222811     
   2.2222222221508554E-002
   4.1846762232634660E-013
 -0.46666666666666656     
   2.4024956802658737E-016
   2.0315256682823592E-015
  -7.4074074069855802E-003
   3.6626190069054785E-016
  -4.2247164926087369E-013
  -1.1277222415314966E-015
   1.7514000568956513E-015
   3.1100721919270372E-016
  -1.4814814814813171E-002
  -1.4133075703906963E-015
   7.4074074074056123E-003
  -6.4899204144792219E-016
  -7.4074074074059713E-003
  -1.8413092933616606E-015
   2.3860430129132719E-015
  -7.6335877862268023E-003
   9.2335750317824144E-016
   3.2746750082382326E-014
   3.7095213004353890E-015
   7.6335877863129772E-003
   1.2538701685653916E-014
  -3.6718458485067696E-016
   5.4282905729889930E-016
   3.8167938931305566E-002
   1.7022242988957972E-015
   2.2004274790141370E-014
   4.5801526717480785E-002
   2.6026971809376168E-015
   1.5267175572538868E-002
  -1.8954812323406739E-014
  -7.6335877862603683E-003
  -2.0806084978180053E-014
   4.3961133519094549E-015
   2.2900763358826279E-002
   8.3120706046183289E-016
   1.6236615900941901E-015
  -3.5535625220574109E-014
   2.7594073045975979E-016
   4.5801526717562935E-002
  -6.7128038849509763E-017
 -0.26717557251905333     
  -2.2900763358669633E-002
   2.8316919765782781E-015
  -3.4285009112491513E-016
  -1.3711819474388318E-014
   1.0983705064456384E-014
  0.46666666666666645     
 -0.53333333333330735     
  -3.8050210695912362E-015
  0.53333333333331068     
  -1.8073774253248354E-015
  -7.5318066157719535E-002
 -0.45801526717558155     
  -5.0512200475401282E-015
  -2.6741397455559697E-014
   4.2352190570869403E-013
  -1.7309171009967330E-016
   6.7427185849514893E-015
   1.8584777654033459E-015
  0.46666666666666456     
   1.8584777654135747E-015
   3.7046742715323579E-015
  -7.4074074074088943E-003
  -1.7438972744189435E-015
  -7.4074074073737731E-003
  -3.1511307205566052E-014
 -0.53333333333332089     
   3.0768756939139378E-016
  0.48148148148135145     
   5.1851851851969430E-002
   1.6211788952504869E-015
 -0.53333333333331867     
  -4.1181990249098724E-016
  -1.1452839215911059E-014
   1.2402263488025483E-014
   3.5304849863482513E-015
  -8.4655640013723849E-014
  -2.2222222222109001E-002
  -4.1917226001453158E-015
  -3.1581534983404690E-015
   4.8564799621582047E-015
   1.4814814814780570E-002
   4.8887228900457995E-015
  -9.6980186819647851E-015
  -1.4814814814801364E-002
   7.4074074074018930E-003
   1.0821177509965937E-015
   3.1842705804897180E-015
   8.1706481715422484E-016
   2.3819911629144581E-015
   2.2900763358774723E-002
   2.9962788296614746E-015
  -6.9560852807450683E-016
  -1.6962357483324016E-015
  0.42748091603059257     
  -2.5742005947454703E-015
  -3.9467916300316310E-015
  -5.2417302798944548E-002
   1.7285355826820100E-015
  -9.1234586608093516E-016
  -1.9103884503675360E-015
  -6.0294355228369202E-016
   2.3547148042935083E-015
  -4.5514073384677401E-016
  -1.4117277804464576E-015
  -3.0534351144859889E-002
  -7.3371592609925594E-015
  -1.2173895818207987E-013
  -7.6335877860236497E-003
   1.5344698847092177E-013
 -0.53333333333331201     
  -7.6841826499510714E-015
   1.0631489296071669E-015
  -2.8348509707093664E-018
 -0.48148148148133579     
   8.0141773471416801E-015
   1.4035134515346056E-014
   1.5510112951597347E-014
   4.5584157249298421E-016
   5.1851851852005519E-002
  -5.1851851851982010E-002
  -1.7420975321453046E-015
   2.0957207489700308E-015
   7.9756233078826827E-014
   2.2222222222843625E-002
  -7.4074074074012078E-003
  -5.3670342307141021E-015
  -3.9819188020083200E-015
   8.4070307875675467E-017
  -4.4444444444410314E-002
   1.5075185133228436E-015
   3.2535262363948095E-016
   1.6035944292149823E-015
   2.5750094282951770E-015
   2.9629629629627490E-002
   7.4074074073719569E-003
   2.9366713799679760E-015
   7.4074074073273493E-003
   3.8468238779929270E-015
   2.2222222222220624E-002
   4.9172095837510977E-015
  -2.0869356304668570E-016
   5.1356601091861660E-016
   1.8566368712579735E-015
   3.8243969465327182E-014
  -1.4720916683269790E-015
  -2.8932143211906261E-014
  -7.4074074073772070E-003
  -5.7175177423136615E-015
  -5.5304445916338382E-015
  -3.8012238091512669E-015
   3.6596217912751485E-015
   3.3367294853653485E-016
   1.7628263222975715E-013
  -4.4480851605332780E-016
  -7.4074074075832236E-003
  -3.6611880742233603E-015
  -3.4090971133978391E-015
  -9.2693493450206052E-014
  -2.7862980409306489E-014
  -7.4074074072831087E-003
  -4.5575814902854824E-016
   9.0367053067586255E-016
   7.4074074074010196E-003
   3.4124403641260816E-015
   1.4016952009218431E-015
   1.8581028467039674E-015
   1.4814814814811939E-002
  -2.1146925657192758E-016
   3.2705387721056681E-015
  -4.6137267435146261E-015
  -7.4074074074063200E-003
  0.31111111111104234     
   4.4444444443587756E-002
   9.9237513047773576E-015
  -1.9844053701189732E-016
  0.22962962962987676     
   7.4074074072815162E-003
   5.1851851851670051E-002
   3.0654140314797361E-015
   1.4814814814805696E-002
   7.4074074064821183E-003
   6.7032186159557598E-014
   2.9629629629631116E-002
  -6.7084658402910832E-016
   2.2222222222189832E-002
   3.1708061294665820E-015
   4.8548179366614017E-015
  -1.4814814814813136E-002
  -5.8434412829076373E-016
   7.6294407124642171E-016
   7.4074074074056530E-003
   7.4074074074055637E-003
   1.4100233655991357E-015
   3.5060593708649648E-015
   2.5395332481247747E-016
  -4.0971379135287426E-015
   7.7674175586010250E-016
   3.2356444817600392E-015
  -7.4074074074123655E-003
   6.7203451818192337E-015
   8.3878320529706278E-015
   8.1481481481514323E-002
   5.1851851851843080E-002
 -0.14074074074531712     
   2.4453377405346501E-015
   5.3793237420570299E-015
   4.5410265537542845E-012
  -4.5551918198166950E-015
  -1.1188885227510640E-014
  -7.4074074073920276E-003
  -2.4549697472040105E-015
  -1.5967030173976427E-015
   1.4814814814409645E-002
   5.9259259259668171E-002
   6.6239263768437456E-016
   2.4248088422102060E-014
   3.9719488570033284E-015
  -2.8714894201211325E-014
   1.9591639255944108E-015
   6.5614568623890500E-015
   4.4444444444454827E-002
  -1.9967759971143764E-015
   1.8884952285629272E-015
   7.4074074074340053E-003
   4.4444444444328858E-002
  -1.9716615594123110E-014
  -6.6666666666527569E-002
   1.4814814814812548E-002
  -3.3989506512681803E-015
  -4.3452016013000240E-015
   4.7364028188208692E-016
  -1.1371241268263937E-015
  -8.5050713012779331E-015
   2.9629629629620534E-002
   2.3586732071395903E-015
   4.0725842566776220E-015
   1.5349206376029190E-014
  -2.0026178836456341E-015
   7.4074074072924389E-003
   5.7631107241271449E-015
   7.4074074075074379E-003
  0.18518518518519692     
 -0.20000000000014240     
   1.6343871440357953E-015
  -2.2957146001478467E-016
  -1.4814814814772297E-002
  -1.1002651272332374E-014
  -2.8313425565282799E-015
   1.6339073007937773E-015
  -5.6670165681458767E-016
   7.4074074072822309E-003
   5.8714108352110869E-015
  0.20740740740756550     
   1.2126735230317461E-013
  -2.8609289764558290E-016
   2.8553694782448474E-015
   1.3435669505042653E-015
   4.0003951101289284E-015
  -6.7633864102357948E-016
   2.7356362568783428E-015
  -4.4444444444323945E-002
   1.4602912300504702E-015
  -5.5859051878516168E-016
  -2.8416386777515686E-016
  -7.4074074074055472E-003
   1.3142356173428114E-015
  -8.1481481481358295E-002
  -2.4969161063399413E-015
   2.1890809850835844E-015
  -7.2609106293699407E-016
   8.4123226292248565E-016
  -7.4074074074157933E-003
  -5.8657340835315875E-015
   1.2914742031710109E-014
  -1.5368711964766325E-015
  0.31851851851866375     
   4.8469673153572811E-015
   7.4074074073926504E-003
  0.30370370370385252     
   7.4074074056453623E-003
   5.9259259259253884E-002
  -6.2839750996399547E-016
  -7.4074074072306206E-002
   7.8607612842793950E-016
  -2.7466652891891585E-015
  -1.7605720981548875E-012
   5.6612964779973446E-015
   8.1481481481524620E-002
   2.9629629629620881E-002
   8.8888888888903700E-002
   1.0012969031765919E-013
  -4.7527262380647042E-015
  -9.7398622356139930E-016
   5.1838662388951816E-015
   3.7230037206640190E-015
   2.3897154163954067E-015
   3.1214096930195344E-015
  -1.4814814814819654E-002
  -1.4814814814809533E-002
   3.4200702827619649E-016
  -4.4456061670951254E-015
   7.4074074074051820E-003
   2.8952098708759555E-015
   7.4074074074022252E-003
  -1.4814814814799133E-002
  -3.1700053611651100E-014
   1.0420021140065581E-015
   2.1828419754267841E-014
   2.2620152015821616E-015
  -5.7916028846585031E-016
  -1.6549151049070560E-015
   3.3130299273126757E-016
   3.1251141365303239E-015
  -2.2222222222208151E-002
   5.6007709345345935E-016
   2.2222222222206219E-002
   2.0578645691371237E-015
  -2.9629629629644053E-002
  -2.0489908643731349E-015
  -4.0292935679131621E-015
  -7.4074074074052480E-003
   7.4074074074035757E-003
   2.5524411305430703E-015
   1.6318288462965104E-015
   2.8073813337217024E-014
   5.9259259259276768E-002
   7.4074074074058811E-003
  -1.5874114113968666E-015
  -6.6517045687660657E-015
  -2.1783321973388409E-015
   6.1003827905633004E-016
   3.8219602436452823E-015
   1.1036937554640041E-015
  -2.5003603019806308E-015
   1.1148753876367188E-015
  -2.8313136892291334E-015
   3.1511145019769144E-016
   1.4814814814297639E-002
   7.4074074079171189E-003
   8.1481481481479073E-002
   6.3660829972409461E-015
   4.5695901027659595E-015
   1.8447879436631558E-015
   3.6887583037684579E-015
   1.9732845553719510E-015
   2.2222222222223163E-002
   2.9629629629657445E-002
   2.2222222222188878E-002
  -2.3372088710413966E-016
   4.8990229186878884E-015
   7.4074074068951326E-003
  -7.4074074074091034E-003
  -5.4400471843398491E-015
   5.2736488425547239E-015
   1.4814814814807096E-002
  -1.9845398506192855E-015
  -2.5859005511365703E-016
  -3.1347279936303086E-015
   2.5584167898480781E-015
  -6.0122836614928649E-015
   7.4074074074021289E-003
  -7.4074074074062073E-003
  -7.4074074074044942E-003
  -3.4559162363169002E-015
  -3.6007309967562705E-015
  -8.4748179169755983E-016
   7.4074074074056105E-003
  -3.4231178267351435E-016
   2.9290843423763723E-015
  -2.7293521635710401E-015
  0.20740740740755800     
   8.8888888888879747E-002
   7.7223073733278053E-015
   1.4814814814101520E-002
   4.4130148711324203E-015
  -3.4672878788379743E-015
  -7.4074074073193150E-003
   2.9303647640827416E-016
   2.9755200873602303E-015
  -3.8909691044426938E-015
   7.4074074066514915E-003
   4.2227110210601719E-014
   7.6599720300584345E-013
   7.4074074073540415E-003
   1.0035556654996993E-014
  -2.2373560098461406E-015
   1.2022600983132309E-015
  -2.0315445113523839E-015
  -5.3379208747955434E-015
   5.6151498116263249E-015
   1.0927645417281487E-013
 -0.16296296296296556     
   6.6046693212252337E-015
   6.0738266644791169E-015
   1.4814814810231417E-002
   1.4814814814817162E-002
   7.8824659279756185E-015
   3.7037037037392896E-002
   7.4074074074688854E-003
   3.4091545069247060E-015
   1.5891068779647068E-015
  -7.4074074074070781E-003
   7.4074074072311624E-003
  -1.4814814814638443E-002
   3.1436289521220859E-015
   1.8781901718575767E-015
   5.1231249663935106E-013
  -1.2521745292658219E-015
  -3.7037037037036577E-002
   7.4074074074244349E-003
   2.2222222222205192E-002
  -1.3461823131860513E-015
   7.4074074070118135E-003
   1.1706473620099540E-015
   2.0769751153064103E-015
  -1.0815230837227752E-014
  -1.4814814814825441E-002
   2.3028904645792778E-015
  -3.3950887626775713E-015
   1.0274638007581524E-014
   2.6511489400742285E-015
   1.2614143217304283E-015
   3.8563773853076071E-015
   4.0044879241207069E-013
   2.2222222222207957E-002
   1.3781885173477858E-014
  -1.2899484125299758E-015
   1.4814814814813117E-002
  -9.3522091626056193E-015
   3.8411119449948745E-016
   1.4832075308511301E-014
   7.4074074073980627E-003
   7.4074074073913823E-003
   2.6821833957753666E-015
   7.4074074028231641E-003
   3.6088859867295011E-015
   2.5506830642158739E-015
  -4.6939524771728361E-015
  -7.4074074073422853E-003
  -6.2429113022591040E-014
   2.4740330827480202E-015
   4.3784978364024567E-015
   7.6813891466030586E-015
   2.2553853314964492E-015
   2.9840125796123286E-015
  -1.9181267812138866E-015
  -4.0015425473333183E-015
  -7.4074074074933554E-003
   3.3454391012284599E-015
  -3.4372744807608331E-016
   5.7246354734615229E-016
  -2.0158966427629160E-015
   8.9849351434514614E-016
   7.4074074074050832E-003
   7.4074074073888895E-003
   7.4074074074055420E-003
   1.0244563919543714E-014
  -3.1218387449635307E-015
  -4.6842970300881268E-016
  -9.3839157265428191E-015
  -7.4494921180207692E-015
   5.5641408783742535E-015
   3.9137287472296475E-015
   1.6009150913331719E-014
   1.5151502832918506E-015
  -7.4074074073935646E-003
