           1         934
 time 0.0
         934
           1   1.0000000000000001E-015
           2   6.5032923644538464E-003
           3   2.8693821629305683E-015
           4   1.0000000000000001E-015
           5   1.0000000000000001E-015
           6   1.0000000000000001E-015
           7   3.7874327773616120E-003
           8   1.0000000000000001E-015
           9   1.0000000000000001E-015
          10   6.5700725855293837E-002
          11   1.5030436937532590E-003
          12   5.5602367587015894E-002
          13   3.7874327773525932E-003
          14   1.0000000000000001E-015
          15   1.6387269887161934E-002
          16   1.0000000000000001E-015
          17   1.0000000000000001E-015
          18   1.0000000000000001E-015
          19   1.0000000000000001E-015
          20   1.0000000000000001E-015
          21   1.0000000000000001E-015
          22   1.5030436937609449E-003
          23   1.5030436937586761E-003
          24   3.7874327773565948E-003
          25   1.0000000000000001E-015
          26   1.0000000000000001E-015
          27   1.0000000000000001E-015
          28  0.36197260889230959     
          29   6.1688795577001473E-015
          30  0.36197260889228622     
          31   3.7874327771949350E-003
          32   4.6337224441843441E-015
          33   1.0000000000000001E-015
          34   1.5030436936498803E-003
          35   1.1379104472132987E-015
          36   9.6290944659407328E-015
          37   1.3274728370015951E-015
          38   1.0000000000000001E-015
          39   6.5032923642392168E-003
          40   1.0000000000000001E-015
          41   2.0549314451625012E-015
          42   2.8138111854830419E-002
          43   1.0000000000000001E-015
          44   3.2382094745023619E-002
          45   1.5030436937528216E-003
          46   1.0000000000000001E-015
          47   1.0000000000000001E-015
          48   1.0000000000000001E-015
          49   1.0000000000000001E-015
          50   1.5030436937623942E-003
          51   1.0000000000000001E-015
          52   1.0000000000000001E-015
          53   1.0000000000000001E-015
          54   1.5030436937611893E-003
          55   1.0000000000000001E-015
          56   1.0000000000000001E-015
          57   1.0000000000000001E-015
          58   1.0000000000000001E-015
          59   1.4439593770928217E-003
          60   1.0000000000000001E-015
          61   1.0000000000000001E-015
          62   1.9335364431389387E-002
          63   9.1685705354900508E-003
          64   3.6385496283115478E-003
          65   4.8722065308071751E-002
          66   1.0000000000000001E-015
          67   1.0000000000000001E-015
          68   1.4439593769737663E-003
          69   1.0000000000000001E-015
          70   3.5324705963669274E-002
          71   3.6385496282807738E-003
          72  0.27309591888287910     
          73  0.37737470296697950     
          74   1.0000000000000001E-015
          75   1.0000000000000001E-015
          76   3.0535647187547852E-015
          77  0.27309591888264978     
          78   2.1489927295845059E-014
          79   1.0000000000000001E-015
          80   2.4646553987813307E-015
          81   4.5370231735166983E-014
          82   1.0000000000000001E-015
          83   1.5844962834603674E-015
          84   1.5030436936539790E-003
          85   1.0000000000000001E-015
          86   1.0000000000000001E-015
          87   1.0000000000000001E-015
          88   1.5030436937547534E-003
          89   6.4266059750751884E-015
          90   3.9524157155107468E-015
          91   1.0000000000000001E-015
          92   1.6272900978904195E-014
          93   3.7874327773455342E-003
          94   1.6387269887219644E-002
          95   1.0000000000000001E-015
          96   1.0000000000000001E-015
          97  0.10482415119543566     
          98   1.0000000000000001E-015
          99   1.0000000000000001E-015
         100   7.6203761139860660E-002
         101   3.5520156601921599E-015
         102   6.8914996372924069E-003
         103   1.5030436936475592E-003
         104   1.0000000000000001E-015
         105   1.0000000000000001E-015
         106   1.0000000000000001E-015
         107   1.0000000000000001E-015
         108   1.5030436938365235E-003
         109   4.4118655632372474E-015
         110   5.9956614711671315E-014
         111   1.0000000000000001E-015
         112   3.7874327773210581E-003
         113   1.0000000000000001E-015
         114   1.0000000000000001E-015
         115   1.0000000000000001E-015
         116   6.5032923643938562E-003
         117   1.0000000000000001E-015
         118  0.12174653919475532     
         119   1.0000000000000001E-015
         120   1.0000000000000001E-015
         121  0.29272440447185766     
         122   1.0520234935029032E-014
         123   1.5030436937313095E-003
         124   1.0000000000000001E-015
         125   1.9749494293651082E-015
         126   4.8004142260869173E-015
         127   1.0000000000000001E-015
         128   2.6332317472229446E-015
         129   1.0000000000000001E-015
         130   1.5030436937577074E-003
         131  0.10987316054670428     
         132   1.0000000000000001E-015
         133   1.0000000000000001E-015
         134   2.7733627401416598E-015
         135   1.0000000000000001E-015
         136   1.5030436937543575E-003
         137   1.0000000000000001E-015
         138   1.8193209835998764E-015
         139   3.7874327773619876E-003
         140   1.0000000000000001E-015
         141   1.2419603473106280E-003
         142   1.0000000000000001E-015
         143   1.0000000000000001E-015
         144   1.0238191642780920E-004
         145   1.0000000000000001E-015
         146   1.0000000000000001E-015
         147   3.4545697742169056E-003
         148   6.5700725855258671E-002
         149   1.5030436937460785E-003
         150   3.6770131752316262E-002
         151   1.0000000000000001E-015
         152   1.0000000000000001E-015
         153   1.0000000000000001E-015
         154   1.0000000000000001E-015
         155   1.0000000000000001E-015
         156   1.0000000000000001E-015
         157   1.0000000000000001E-015
         158   1.6647526185314605E-015
         159   1.5030436937237489E-003
         160   7.0120604225452310E-015
         161   1.0000000000000001E-015
         162   1.0000000000000001E-015
         163   2.6017490343219830E-015
         164   1.0000000000000001E-015
         165   1.0000000000000001E-015
         166   5.9306349810072986E-015
         167   1.0000000000000001E-015
         168   1.1908310588006823E-014
         169   1.5030436936964773E-003
         170   1.5030436937603540E-003
         171   1.0000000000000001E-015
         172   1.0000000000000001E-015
         173   1.0000000000000001E-015
         174   1.0000000000000001E-015
         175   2.2962846313531962E-013
         176   3.8210171790531094E-015
         177   1.0000000000000001E-015
         178   1.0000000000000001E-015
         179  0.26597959135939381     
         180   1.0000000000000001E-015
         181   1.0000000000000001E-015
         182  0.25891055085017889     
         183   1.0728382443693887E-015
         184   1.0000000000000001E-015
         185   1.0000000000000001E-015
         186   1.0000000000000001E-015
         187   4.4763507961402124E-014
         188   1.0000000000000001E-015
         189   1.0000000000000001E-015
         190   1.0000000000000001E-015
         191   7.4500716274562907E-014
         192   1.0000000000000001E-015
         193   1.0000000000000001E-015
         194   1.0000000000000001E-015
         195   1.0000000000000001E-015
         196   1.0000000000000001E-015
         197   1.0000000000000001E-015
         198   1.5030436937597683E-003
         199   4.5561171027221429E-015
         200   1.5030436937580871E-003
         201   1.3267905688268703E-015
         202   1.0000000000000001E-015
         203   1.0000000000000001E-015
         204   5.7575913409272022E-015
         205   1.5030436937609032E-003
         206   1.5030436937577731E-003
         207   2.0126534056058465E-002
         208   3.2382094744720626E-002
         209   1.0000000000000001E-015
         210   5.0864280707503768E-015
         211   1.5030436937615078E-003
         212   4.8629321160955029E-015
         213   1.0000000000000001E-015
         214   1.0000000000000001E-015
         215   1.0000000000000001E-015
         216   1.6922808867433213E-015
         217   1.5030436937693229E-003
         218   1.0000000000000001E-015
         219   1.0000000000000001E-015
         220   4.5944064065898217E-002
         221   1.0000000000000001E-015
         222   1.0000000000000001E-015
         223   3.7874327773936337E-003
         224   1.5030436937561210E-003
         225   1.0821874302473189E-015
         226   2.1680308280315156E-015
         227   3.7874327774084574E-003
         228   1.0000000000000001E-015
         229   1.0000000000000001E-015
         230   9.5437325624658041E-003
         231   1.0000000000000001E-015
         232   1.0000000000000001E-015
         233   1.6606753500512192E-015
         234   1.5030436937296763E-003
         235   1.0000000000000001E-015
         236   1.5051422243889328E-015
         237   1.5030436937050415E-003
         238   1.5030436937600619E-003
         239   1.0000000000000001E-015
         240   6.5032923644631532E-003
         241   3.5234744879046218E-015
         242   1.5030436937391561E-003
         243   7.8845701313674188E-015
         244   1.0000000000000001E-015
         245   1.0000000000000001E-015
         246   3.7874327773356870E-003
         247   1.0000000000000001E-015
         248   1.0000000000000001E-015
         249   1.5030436937812038E-003
         250   3.8988917072059109E-015
         251   3.7874327773451994E-003
         252   1.5030436937442436E-003
         253   1.0000000000000001E-015
         254   1.0000000000000001E-015
         255   1.0000000000000001E-015
         256   6.5032923644276382E-003
         257   1.0000000000000001E-015
         258   1.0000000000000001E-015
         259   3.7874327773466652E-003
         260   1.0000000000000001E-015
         261   1.0000000000000001E-015
         262   1.0000000000000001E-015
         263   1.0000000000000001E-015
         264   1.0000000000000001E-015
         265   1.5030436937622529E-003
         266   2.7786150685616726E-015
         267   1.2850842815680000E-002
         268   1.0000000000000001E-015
         269   1.0000000000000001E-015
         270   1.0000000000000001E-015
         271   1.6387269887187177E-002
         272   1.0000000000000001E-015
         273   1.0000000000000001E-015
         274   1.0000000000000001E-015
         275   1.0000000000000001E-015
         276   1.5030436937665834E-003
         277   1.0000000000000001E-015
         278   1.2850842815676805E-002
         279   1.0000000000000001E-015
         280   1.0000000000000001E-015
         281   1.0000000000000001E-015
         282   2.8568514927663349E-014
         283   1.0410592024416094E-014
         284   9.5437325625160156E-003
         285   1.0000000000000001E-015
         286   1.6207852767068857E-015
         287   1.0000000000000001E-015
         288   1.0000000000000001E-015
         289   1.2850842815720107E-002
         290   3.0134794918858747E-014
         291   1.5030436936653915E-003
         292   1.0000000000000001E-015
         293   4.2775851844880200E-015
         294   1.0000000000000001E-015
         295   1.0000000000000001E-015
         296   1.0000000000000001E-015
         297   1.0000000000000001E-015
         298   1.5969758058766666E-012
         299   3.7874327767971421E-003
         300   1.0000000000000001E-015
         301   1.0000000000000001E-015
         302   4.1277802124095276E-003
         303   2.4811152406129750E-014
         304   3.7874327773530446E-003
         305   1.5030436937647266E-003
         306   1.5030436937568967E-003
         307   1.7760123699673418E-015
         308   1.0000000000000001E-015
         309   1.5030436937611253E-003
         310   1.5030436937620241E-003
         311   6.5032923644426713E-003
         312   1.0000000000000001E-015
         313   1.5030436937597334E-003
         314   1.0000000000000001E-015
         315   1.5030436937461776E-003
         316   3.4539384128207352E-015
         317   6.5032923645465899E-003
         318   1.0000000000000001E-015
         319  0.32304725049952476     
         320   1.3192350099922019E-015
         321  0.36197260889230437     
         322   1.1891801322106376E-015
         323   1.0000000000000001E-015
         324   1.0000000000000001E-015
         325   4.3893186838216988E-014
         326   1.0000000000000001E-015
         327   1.4439593768854561E-003
         328   1.0000000000000001E-015
         329   1.0000000000000001E-015
         330   4.5850884155481660E-015
         331   1.5030436937493083E-003
         332   1.0000000000000001E-015
         333   1.0000000000000001E-015
         334   1.0000000000000001E-015
         335   1.0000000000000001E-015
         336   1.0000000000000001E-015
         337   1.0000000000000001E-015
         338  0.26950472217884014     
         339   1.0000000000000001E-015
         340   1.0000000000000001E-015
         341   1.6387269887214298E-002
         342  0.21943403697356953     
         343   1.0000000000000001E-015
         344   1.6387269887085682E-002
         345   1.0000000000000001E-015
         346   1.0000000000000001E-015
         347   1.2850842815681940E-002
         348   2.2528162618641126E-014
         349   1.0500943788175335E-015
         350   1.0000000000000001E-015
         351   1.0000000000000001E-015
         352   1.5030436937608792E-003
         353   3.0383617519900273E-014
         354   1.5030436938472621E-003
         355   1.0758650072320109E-015
         356   1.5030436936719258E-003
         357   2.7620272041571646E-015
         358   1.0000000000000001E-015
         359   1.0000000000000001E-015
         360   1.0000000000000001E-015
         361   3.7874327773494095E-003
         362   1.5030436937579022E-003
         363   1.0000000000000001E-015
         364   1.5030436937609533E-003
         365   1.0000000000000001E-015
         366   1.0000000000000001E-015
         367   1.0000000000000001E-015
         368   1.5030436936956833E-003
         369   1.0000000000000001E-015
         370   1.0000000000000001E-015
         371   1.0437696051946846E-015
         372   3.8343198516820236E-014
         373   1.5030436937547844E-003
         374   1.0000000000000001E-015
         375   1.1132251438179904E-015
         376   1.8785405281215169E-015
         377   1.0000000000000001E-015
         378   1.0000000000000001E-015
         379   2.8756590294355314E-015
         380   1.0000000000000001E-015
         381   1.4869530041624866E-015
         382   1.0000000000000001E-015
         383  0.36197260889229954     
         384   1.0000000000000001E-015
         385  0.36197260889230110     
         386   1.0000000000000001E-015
         387   1.7200609253788347E-015
         388   1.0000000000000001E-015
         389   1.0000000000000001E-015
         390   6.5032923644454425E-003
         391   1.0000000000000001E-015
         392   1.0000000000000001E-015
         393   1.0000000000000001E-015
         394   1.0000000000000001E-015
         395   1.1089276270203955E-015
         396   1.0000000000000001E-015
         397   6.5032923643415959E-003
         398   1.5030436937578545E-003
         399   1.0000000000000001E-015
         400   1.1113825113614716E-015
         401   3.7874327773628168E-003
         402   6.5032923644306991E-003
         403   1.0000000000000001E-015
         404   1.0000000000000001E-015
         405   1.0000000000000001E-015
         406   1.0000000000000001E-015
         407   2.0126534056711047E-002
         408   3.6770131752744566E-002
         409   1.0000000000000001E-015
         410   1.0000000000000001E-015
         411   1.0000000000000001E-015
         412   1.0000000000000001E-015
         413   1.0000000000000001E-015
         414   1.0000000000000001E-015
         415   1.0000000000000001E-015
         416   1.0000000000000001E-015
         417   1.0000000000000001E-015
         418   1.0000000000000001E-015
         419   3.7874327773311667E-003
         420   1.5030436937826107E-003
         421   1.5215077601316717E-015
         422   9.5437325625155386E-003
         423   2.7599565682288951E-015
         424   1.0000000000000001E-015
         425   2.8165687786051174E-015
         426   6.5032923637988339E-003
         427   5.0715687838191408E-002
         428   3.7874327773971244E-003
         429   1.0000000000000001E-015
         430   1.0000000000000001E-015
         431   1.0000000000000001E-015
         432   4.1293332562206138E-002
         433  0.12174653919568547     
         434   3.1061494179487868E-015
         435   1.5030436937468596E-003
         436   1.0000000000000001E-015
         437   1.2132516514911749E-015
         438   1.0000000000000001E-015
         439   1.0000000000000001E-015
         440   1.0000000000000001E-015
         441  0.32202454489693338     
         442   1.0000000000000001E-015
         443   1.0000000000000001E-015
         444   1.2395966880185738E-002
         445   1.0000000000000001E-015
         446   1.0000000000000001E-015
         447   1.9617013607017283E-002
         448  0.36197260889229987     
         449   1.8169918938759308E-015
         450   1.2893737022010628E-014
         451   1.0000000000000001E-015
         452   1.2780752751330438E-014
         453   1.0000000000000001E-015
         454   1.0000000000000001E-015
         455  0.36197260889230232     
         456   5.4005792872083278E-015
         457   1.0000000000000001E-015
         458   1.0000000000000001E-015
         459   6.2730391891709277E-015
         460  0.36197260889228594     
         461  0.36197260889101301     
         462   2.8928980465030156E-015
         463   6.2476493729161330E-003
         464  0.31675351984346495     
         465   6.2476493718055474E-003
         466   1.4558577089319172E-013
         467  0.36197260889230948     
         468   1.0000000000000001E-015
         469   1.0000000000000001E-015
         470   1.4439593765672438E-003
         471   1.0000000000000001E-015
         472   6.7333295378240018E-014
         473   1.0000000000000001E-015
         474   1.0000000000000001E-015
         475   1.0000000000000001E-015
         476   3.6385496282851306E-003
         477   1.0000000000000001E-015
         478   1.4439593768939755E-003
         479   1.0000000000000001E-015
         480   1.4439593768946341E-003
         481   1.0000000000000001E-015
         482   1.0000000000000001E-015
         483   1.5030436937358027E-003
         484   1.0000000000000001E-015
         485   8.7231322751349692E-015
         486   1.0000000000000001E-015
         487   1.5030436938061182E-003
         488   1.6201154851705758E-015
         489   1.0000000000000001E-015
         490   1.0000000000000001E-015
         491   1.2850842815691243E-002
         492   1.0000000000000001E-015
         493   4.2422986671027054E-015
         494   1.6387269887055661E-002
         495   1.0000000000000001E-015
         496   3.7874327773834856E-003
         497   1.7214715712958773E-015
         498   1.5030436937622186E-003
         499   2.1828773550174671E-015
         500   1.3258072324872838E-015
         501   6.5032923644967235E-003
         502   8.5200851611532721E-015
         503   1.0000000000000001E-015
         504   2.4717561648220137E-014
         505   1.0000000000000001E-015
         506   1.6387269887170298E-002
         507   1.0000000000000001E-015
         508  0.17207944562909044     
         509   6.5032923643191009E-003
         510   1.7964485385553844E-015
         511   1.0000000000000001E-015
         512   8.6334139509212752E-015
         513   5.8349101216816637E-015
         514  0.36197260889230959     
         515  0.43251214190735721     
         516   1.0000000000000001E-015
         517  0.43251214190736886     
         518   1.0000000000000001E-015
         519   3.1807696164656757E-002
         520  0.35305302719823040     
         521   1.0000000000000001E-015
         522   1.3837754392751436E-014
         523   1.4978892366038963E-013
         524   1.0000000000000001E-015
         525   2.4429670253911907E-015
         526   1.5319698204033915E-015
         527  0.36197260889230376     
         528   1.5319698204030187E-015
         529   1.0000000000000001E-015
         530   1.4439593768964525E-003
         531   1.0000000000000001E-015
         532   1.4439593768690261E-003
         533   8.8970929350296161E-015
         534  0.43251214190740167     
         535   1.0000000000000001E-015
         536  0.37737470296709752     
         537   1.9335364431223242E-002
         538   1.0000000000000001E-015
         539  0.43251214190739506     
         540   1.0000000000000001E-015
         541   6.6752924990587848E-015
         542   7.6751853875841174E-015
         543   1.0000000000000001E-015
         544   2.2708966714389724E-014
         545   6.2476493724788369E-003
         546   1.0000000000000001E-015
         547   1.0000000000000001E-015
         548   1.0000000000000001E-015
         549   3.6385496282532975E-003
         550   1.8973975186093720E-015
         551   2.4772053313835476E-015
         552   3.6385496282733396E-003
         553   1.4439593768909417E-003
         554   1.0000000000000001E-015
         555   1.0000000000000001E-015
         556   1.0000000000000001E-015
         557   1.0000000000000001E-015
         558   6.5032923644389147E-003
         559   1.0000000000000001E-015
         560   1.0000000000000001E-015
         561   1.0000000000000001E-015
         562  0.32202454489714544     
         563   1.0000000000000001E-015
         564   1.0000000000000001E-015
         565   1.9617013607019597E-002
         566   1.0000000000000001E-015
         567   1.0000000000000001E-015
         568   1.0000000000000001E-015
         569   1.0000000000000001E-015
         570   1.0000000000000001E-015
         571   1.0000000000000001E-015
         572   1.0000000000000001E-015
         573   9.5437325623044540E-003
         574   1.3243665236015304E-015
         575   3.1202954406827913E-014
         576   1.5030436935770199E-003
         577   5.3354680218727158E-014
         578  0.43251214190737231     
         579   3.3303818512850141E-015
         580   1.0000000000000001E-015
         581   1.0674333249024864E-015
         582  0.37737470296704856     
         583   4.0733258543106880E-015
         584   2.1288176906705390E-015
         585   3.4682557115444075E-015
         586   1.0000000000000001E-015
         587   1.9335364431276991E-002
         588   1.9335364431241946E-002
         589   1.0000000000000001E-015
         590   1.0000000000000001E-015
         591   1.7479462633544095E-014
         592   6.2476493733021644E-003
         593   1.4439593768908441E-003
         594   1.0000000000000001E-015
         595   1.0000000000000001E-015
         596   1.0000000000000001E-015
         597   1.5743089913766422E-002
         598   1.0000000000000001E-015
         599   1.0000000000000001E-015
         600   1.0000000000000001E-015
         601   1.0000000000000001E-015
         602   9.1685705355279180E-003
         603   1.4439593768679720E-003
         604   1.0000000000000001E-015
         605   1.4439593768325429E-003
         606   1.0000000000000001E-015
         607   6.2476493726040241E-003
         608   1.0000000000000001E-015
         609   1.0000000000000001E-015
         610   1.0000000000000001E-015
         611   1.0000000000000001E-015
         612   1.2081401105530976E-014
         613   1.0425143243944369E-015
         614   2.8312562709387698E-015
         615   1.4439593768726755E-003
         616   1.0000000000000001E-015
         617   1.0000000000000001E-015
         618   1.0000000000000001E-015
         619   1.0000000000000001E-015
         620   1.0000000000000001E-015
         621   4.4281108935244337E-014
         622   1.0000000000000001E-015
         623   1.4439593770322438E-003
         624   1.0000000000000001E-015
         625   1.0000000000000001E-015
         626   1.9567434438905863E-014
         627   5.3430141162345658E-015
         628   1.4439593767987399E-003
         629   1.0000000000000001E-015
         630   1.0000000000000001E-015
         631   1.4439593768912915E-003
         632   1.0000000000000001E-015
         633   1.0000000000000001E-015
         634   1.0000000000000001E-015
         635   3.6385496282848422E-003
         636   1.0000000000000001E-015
         637   1.0000000000000001E-015
         638   1.0000000000000001E-015
         639   1.4439593768943958E-003
         640  0.21080813326511177     
         641   1.5743089912608459E-002
         642   1.0000000000000001E-015
         643   1.0000000000000001E-015
         644  0.14061680753255495     
         645   1.4439593767978773E-003
         646   1.9335364430763450E-002
         647   1.0000000000000001E-015
         648   3.6385496282779809E-003
         649   1.4439593761758048E-003
         650   4.6632767065883012E-014
         651   9.1685705355356150E-003
         652   1.0000000000000001E-015
         653   6.2476493725688344E-003
         654   1.0000000000000001E-015
         655   1.0583645739003646E-015
         656   3.6385496282851093E-003
         657   1.0000000000000001E-015
         658   1.0000000000000001E-015
         659   1.4439593768938767E-003
         660   1.4439593768936273E-003
         661   1.0000000000000001E-015
         662   1.0000000000000001E-015
         663   1.0000000000000001E-015
         664   1.5243193151825582E-015
         665   1.0000000000000001E-015
         666   1.0000000000000001E-015
         667   1.4439593768991097E-003
         668   2.6146996822977930E-015
         669   1.0000000000000001E-015
         670   3.5324705963920663E-002
         671   1.9335364431020775E-002
         672   7.3208208067365305E-002
         673   1.3847068728856738E-015
         674   1.0000000000000001E-015
         675   7.1134534595787868E-013
         676   1.0000000000000001E-015
         677   1.0000000000000001E-015
         678   1.4439593768841305E-003
         679   1.0000000000000001E-015
         680   1.0000000000000001E-015
         681   3.6385496278901648E-003
         682   2.3103350030958994E-002
         683   1.0000000000000001E-015
         684   2.3104959214907254E-015
         685   1.1967826671433067E-015
         686   9.2974249540554672E-014
         687   1.0000000000000001E-015
         688   1.0000000000000001E-015
         689   1.5743089913830347E-002
         690   1.0000000000000001E-015
         691   1.0000000000000001E-015
         692   1.4439593769161850E-003
         693   1.5743089913653047E-002
         694   9.2560652511827011E-015
         695   2.7032008868992641E-002
         696   3.6385496282857251E-003
         697   1.0000000000000001E-015
         698   1.0000000000000001E-015
         699   1.0000000000000001E-015
         700   1.0000000000000001E-015
         701   1.1936043476783519E-015
         702   9.1685705355201100E-003
         703   1.0000000000000001E-015
         704   1.0000000000000001E-015
         705   8.4565748164948804E-015
         706   1.0000000000000001E-015
         707   1.4439593768063145E-003
         708   1.0000000000000001E-015
         709   1.4439593769732546E-003
         710  0.10555407078253577     
         711  0.11696070952884380     
         712   1.0000000000000001E-015
         713   1.0000000000000001E-015
         714   3.6385496282463348E-003
         715   4.3011257854329723E-015
         716   1.0000000000000001E-015
         717   1.0000000000000001E-015
         718   1.0000000000000001E-015
         719   1.4439593767985696E-003
         720   1.4660780853407306E-015
         721  0.12277191135243294     
         722   1.4306246773855725E-014
         723   1.0000000000000001E-015
         724   1.0000000000000001E-015
         725   1.0000000000000001E-015
         726   1.0000000000000001E-015
         727   1.0000000000000001E-015
         728   1.0000000000000001E-015
         729   1.5743089913645213E-002
         730   1.0000000000000001E-015
         731   1.0000000000000001E-015
         732   1.0000000000000001E-015
         733   1.4439593768943173E-003
         734   1.0000000000000001E-015
         735   3.5324705963653995E-002
         736   1.0000000000000001E-015
         737   1.0000000000000001E-015
         738   1.0000000000000001E-015
         739   1.8327478233185478E-015
         740   1.4439593769020845E-003
         741   1.0000000000000001E-015
         742   4.7150353295936943E-015
         743   1.0000000000000001E-015
         744  0.21752687265294388     
         745   1.7036465397033932E-015
         746   1.4439593768841652E-003
         747  0.20414251033111255     
         748   1.4439593755248177E-003
         749   2.3103350030315904E-002
         750   1.0000000000000001E-015
         751   3.1109161722836884E-002
         752   1.5355782895714757E-015
         753   1.0000000000000001E-015
         754   4.7408869827963852E-013
         755   1.3647760033189922E-015
         756   3.5324705963939294E-002
         757   9.1685705355212394E-003
         758   3.9670100745633791E-002
         759   1.4557817495698611E-014
         760   1.0000000000000001E-015
         761   1.0000000000000001E-015
         762   1.9564550254132798E-015
         763   1.0000000000000001E-015
         764   1.0000000000000001E-015
         765   1.0000000000000001E-015
         766   3.6385496282925569E-003
         767   3.6385496282811437E-003
         768   1.0000000000000001E-015
         769   1.2131302458405487E-015
         770   1.4439593768934484E-003
         771   1.0000000000000001E-015
         772   1.4439593768912017E-003
         773   3.6385496282719367E-003
         774   6.8189017043418637E-015
         775   1.0000000000000001E-015
         776   5.7646591846881872E-015
         777   1.0000000000000001E-015
         778   1.0716943817026374E-015
         779   1.0000000000000001E-015
         780   1.0000000000000001E-015
         781   1.0000000000000001E-015
         782   6.2476493725903449E-003
         783   1.0000000000000001E-015
         784   6.2476493725869544E-003
         785   1.0000000000000001E-015
         786   9.1685705355485734E-003
         787   3.4775848533609371E-015
         788   1.0000000000000001E-015
         789   1.4439593768935605E-003
         790   1.4439593768924442E-003
         791   1.0000000000000001E-015
         792   1.0000000000000001E-015
         793   3.1755326338576072E-015
         794   2.3103350030350661E-002
         795   1.4439593768942967E-003
         796   1.0000000000000001E-015
         797   1.0150717031128690E-015
         798   1.0000000000000001E-015
         799   1.0000000000000001E-015
         800   4.7237919932214143E-015
         801   1.0000000000000001E-015
         802   1.0000000000000001E-015
         803   1.0000000000000001E-015
         804   1.0000000000000001E-015
         805   1.0000000000000001E-015
         806   3.6385496277797748E-003
         807   1.4439593772922991E-003
         808   3.5324705963860149E-002
         809   1.6047017253595166E-015
         810   1.0000000000000001E-015
         811   1.0000000000000001E-015
         812   1.0000000000000001E-015
         813   1.0000000000000001E-015
         814   6.2476493726062055E-003
         815   9.1685705355656743E-003
         816   6.2476493725686765E-003
         817   1.0000000000000001E-015
         818   1.0000000000000001E-015
         819   1.4439593764963468E-003
         820   1.4439593768965650E-003
         821   1.0000000000000001E-015
         822   1.5016197357491837E-015
         823   3.6385496282792247E-003
         824   1.0000000000000001E-015
         825   1.0000000000000001E-015
         826   1.0000000000000001E-015
         827   1.0000000000000001E-015
         828   3.7347978954466028E-015
         829   1.4439593768911302E-003
         830   1.4439593768943040E-003
         831   1.4439593768933170E-003
         832   1.0000000000000001E-015
         833   1.0000000000000001E-015
         834   1.0000000000000001E-015
         835   1.4439593768941590E-003
         836   1.0000000000000001E-015
         837   1.0000000000000001E-015
         838   1.0000000000000001E-015
         839  0.12277191135241088     
         840   3.9670100745596105E-002
         841   1.8272138383231176E-015
         842   3.6385496275881070E-003
         843   1.3771593636381024E-015
         844   1.0000000000000001E-015
         845   1.4439593768263955E-003
         846   1.0000000000000001E-015
         847   1.0000000000000001E-015
         848   1.0000000000000001E-015
         849   1.4439593763074753E-003
         850   8.9525409388070900E-015
         851   1.4274616818551737E-013
         852   1.4439593768538744E-003
         853   2.4994431662482529E-015
         854   1.0000000000000001E-015
         855   1.0000000000000001E-015
         856   1.0000000000000001E-015
         857   1.0000000000000001E-015
         858   5.7272658983202655E-015
         859   1.4593542956327673E-014
         860   8.9012681250442011E-002
         861   1.1829109563098049E-015
         862   1.0000000000000001E-015
         863   3.6385496238098090E-003
         864   3.6385496282904206E-003
         865   1.0000000000000001E-015
         866   1.2345679012818671E-002
         867   1.4439593769432723E-003
         868   1.0000000000000001E-015
         869   1.0000000000000001E-015
         870   1.4439593768952707E-003
         871   1.4439593767579628E-003
         872   3.6385496281137455E-003
         873   1.0000000000000001E-015
         874   1.0000000000000001E-015
         875   1.2686008907991331E-013
         876   1.0000000000000001E-015
         877   1.2345679012345203E-002
         878   1.4439593769085192E-003
         879   6.2476493725864037E-003
         880   1.0000000000000001E-015
         881   1.4439593765878990E-003
         882   1.0000000000000001E-015
         883   1.0000000000000001E-015
         884   2.7075839271623299E-015
         885   3.6385496282968078E-003
         886   1.0000000000000001E-015
         887   1.0000000000000001E-015
         888   2.1387991349279755E-015
         889   1.0000000000000001E-015
         890   1.0000000000000001E-015
         891   1.0000000000000001E-015
         892   6.0798133684806333E-014
         893   6.2476493725897404E-003
         894   4.4314221624164728E-015
         895   1.0000000000000001E-015
         896   3.6385496282850521E-003
         897   1.2481151553597769E-015
         898   1.0000000000000001E-015
         899   8.5601599197943186E-015
         900   1.4439593768879870E-003
         901   1.4439593768830669E-003
         902   1.0000000000000001E-015
         903   1.4439593733408394E-003
         904   1.0666123503654254E-015
         905   1.0000000000000001E-015
         906   1.0000000000000001E-015
         907   1.4439593768443859E-003
         908   1.9218701827931576E-014
         909   1.0000000000000001E-015
         910   1.0000000000000001E-015
         911   1.8552819056097643E-015
         912   1.0000000000000001E-015
         913   1.0000000000000001E-015
         914   1.0000000000000001E-015
         915   1.0000000000000001E-015
         916   1.4439593769623356E-003
         917   1.0000000000000001E-015
         918   1.0000000000000001E-015
         919   1.0000000000000001E-015
         920   1.0000000000000001E-015
         921   1.0000000000000001E-015
         922   1.4439593768934391E-003
         923   1.4439593768803651E-003
         924   1.4439593768937990E-003
         925   4.0116207401156835E-015
         926   1.0000000000000001E-015
         927   7.4556165518036382E-015
         928   1.6020339232924118E-015
         929   1.6193952460252824E-015
         930   1.0000000000000001E-015
         931   1.0000000000000001E-015
         932   4.6649341174463380E-015
         933   1.0000000000000001E-015
         934   1.4439593768844486E-003
 time 1.0e30
