           1        1259  !  dimensions
 time     0.0000000000000000     
        1259  !  nonzeros
           1  -99993.869897941069     
           2  -99997.654443326348     
           3  -99998.868057017433     
           4  -99999.993343028866     
           5  -99999.993177597891     
           6  -99999.995715413257     
           7  -100000.00000000000     
           8  -99999.999999999724     
           9  -99999.999999949374     
          10  -99999.999707354524     
          11   4.8442939321177714E-004
          12  -5013.3389517610221     
          13  -100000.00000000000     
          14  -99997.710517922227     
          15  -100000.00000000000     
          16  -100000.00000000000     
          17  -100000.00000000000     
          18  -99999.999993636578     
          19  -99999.999999690292     
          20  -99999.999999995009     
          21  -99999.845136402320     
          22  -99999.999917463501     
          23  -74820.926652981914     
          24  -99999.999902369804     
          25   2.5247654707460931E-004
          26  -99999.999999053922     
          27  -99999.999862643977     
          28  -2514.7482635998949     
          29  -99997.252700790326     
          30  -99999.938109384020     
          31  -99999.999981873654     
          32  -99999.999999583059     
          33  -2.1205333885776501E-006
          34  -99999.999936686479     
          35  -99999.999999570442     
          36  -99999.998233370119     
          37  -99999.999817088770     
          38  -99999.999998363302     
          39  -99992.446656035158     
          40  -99999.993895461404     
          41  -99999.997609324419     
          42  -99999.999862398094     
          43  -99999.994080921475     
          44  -99999.999973041369     
          45  -99999.998819623463     
          46  -99999.999999993946     
          47  -100000.00000000000     
          48  -99999.999999799431     
          49  -99999.981100425561     
          50  -99999.999999815132     
          51  -99999.997459008562     
          52  -99999.999999981606     
          53  -99999.999946018535     
          54  -99999.999999247302     
          55  -99999.999977584477     
          56  -99999.999998315820     
          57  -99999.999999970983     
          58  -99999.993425790817     
          59  -99999.999999643740     
          60  -99999.999975842860     
          61  -99999.999999998399     
          62  -99999.999998284446     
          63  -99994.420415541565     
          64  -99999.999999988460     
          65  -99999.999999990294     
          66  -99999.981280280990     
          67  -99999.999996605271     
          68  -99999.996366671796     
          69  -99999.762161693128     
          70  -99999.999998225365     
          71  -99999.999999954613     
          72  -99999.999990103694     
          73  -99999.999999831925     
          74  -99999.999999984328     
          75  -99999.999999999622     
          76  -99999.999999999767     
          77  -99999.999999999971     
          78  -99999.999999697175     
          79  -99999.999999994063     
          80  -99999.999999989872     
          81  -99999.999999999782     
          82  -99999.999999999971     
          83  -99999.999999999825     
          84  -99999.999999999942     
          85  -99999.999999998894     
          86  -99999.999999993539     
          87  -99999.999999999956     
          88  -100000.00000000000     
          89  -100000.00000000000     
          90  -99999.999999990483     
          91  -99999.999999973414     
          92  -99999.999999999462     
          93  -99999.995882177012     
          94  -99999.999259865188     
          95  -100000.00000000000     
          96  -100000.00000000000     
          97  -100000.00000000000     
          98  -99999.999999999447     
          99  -99999.999999999956     
         100  -100000.00000000000     
         101  -99999.966433677517     
         102  -99999.999209169284     
         103  -99999.710776478954     
         104  -99995.525217281232     
         105  -99983.536981009907     
         106  -99983.555258929497     
         107  -99999.705413824617     
         108  -99999.781462550163     
         109  -99999.997443976914     
         110  -99999.955152133960     
         111  -99999.961421045475     
         112  -99999.954911394219     
         113  -99972.307134722345     
         114  -99984.351944252427     
         115  -99999.999999997875     
         116  -99999.999999999985     
         117  -100000.00000000000     
         118  -99999.999944505733     
         119  -99999.999999984924     
         120  -100000.00000000000     
         121  -100000.00000000000     
         122  -99999.999999943349     
         123  -99999.999999971886     
         124  -100000.00000000000     
         125  -99999.999999998588     
         126  -99999.999999999825     
         127  -100000.00000000000     
         128  -100000.00000000000     
         129  -99999.999999999593     
         130  -100000.00000000000     
         131  -99999.999999999432     
         132  -100000.00000000000     
         133  -100000.00000000000     
         134  -100000.00000000000     
         135  -99999.999999999709     
         136  -99999.999999999389     
         137  -99999.999999674546     
         138  -100000.00000000000     
         139  -99999.999999999796     
         140  -100000.00000000000     
         141  -99999.999773991964     
         142  -99999.999760417733     
         143  -99999.999999893495     
         144  -99999.999999989072     
         145  -99999.999999198233     
         146  -99999.999934643434     
         147  -99999.999818062875     
         148   2.5215145160396302E-003
         149  -99999.999999268563     
         150  -99999.999990806537     
         151  -99999.999992130382     
         152  -99999.999999254564     
         153  -99999.999989751392     
         154  -99999.999999806212     
         155  -99999.999999990672     
         156  -99999.999999999811     
         157  -99999.999999996959     
         158  -99999.999999985608     
         159  -99999.999999433494     
         160  -99999.999999972337     
         161  -100000.00000000000     
         162  -100000.00000000000     
         163  -99999.999999867345     
         164  -99999.999999995227     
         165  -99999.989202871468     
         166  -99999.999999999956     
         167  -99999.999999995198     
         168  -100000.00000000000     
         169  -99995.218328636824     
         170  -99999.999999995416     
         171  -99999.999999961597     
         172  -99999.999999999811     
         173  -99999.981660938953     
         174  -99999.999987682429     
         175  -99999.999999822277     
         176  -99999.999999998443     
         177  -99999.998678600954     
         178  -99999.999945250165     
         179  -99991.426678289790     
         180  -100000.00000000000     
         181  -99999.999999999956     
         182  -99999.999999999971     
         183  -99999.999999999724     
         184  -100000.00000000000     
         185  -99999.999999999971     
         186  -100000.00000000000     
         187  -100000.00000000000     
         188  -100000.00000000000     
         189  -99999.999999999985     
         190  -100000.00000000000     
         191  -99999.999999999971     
         192  -100000.00000000000     
         193  -100000.00000000000     
         194  -100000.00000000000     
         195  -100000.00000000000     
         196  -100000.00000000000     
         197  -100000.00000000000     
         198  -100000.00000000000     
         199  -100000.00000000000     
         200  -100000.00000000000     
         201  -100000.00000000000     
         202  -100000.00000000000     
         203  -100000.00000000000     
         204  -99999.999999999884     
         205  -100000.00000000000     
         206  -100000.00000000000     
         207  -100000.00000000000     
         208  -100000.00000000000     
         209  -100000.00000000000     
         210  -100000.00000000000     
         211  -100000.00000000000     
         212  -100000.00000000000     
         213  -99999.999999999869     
         214  -99999.999999999971     
         215  -99999.999735545629     
         216  -99999.999985481132     
         217  -99999.999999998996     
         218  -99999.999999999971     
         219  -99999.999999784195     
         220  -100000.00000000000     
         221  -99999.628774922370     
         222  -99999.999999999418     
         223  -99999.999994825514     
         224  -99999.921702557578     
         225  -4.3833258220135618E-004
         226  -99999.999999998661     
         227  -99999.994439150556     
         228  -99999.999999934880     
         229  -99999.999999996988     
         230  -99999.999999999942     
         231  -99999.999999996842     
         232  -99999.571303063756     
         233  -99999.999999999622     
         234  -99999.999998365936     
         235  -99999.999999997424     
         236  -99999.999963155511     
         237  -99999.999999912339     
         238  -99999.311841089890     
         239  -99999.999999849781     
         240  -99999.999992257784     
         241  -99999.999999612366     
         242  -99999.999993613033     
         243  -99999.999811288275     
         244  -99999.999993245889     
         245  -99999.999999863227     
         246  -99999.999995204649     
         247  -99999.876142584500     
         248  -99999.999986750845     
         249  -99999.988513819364     
         250  -99999.999963982016     
         251  -99999.723720504859     
         252  -99999.994900138903     
         253  -99999.913618808889     
         254  -99999.999790798043     
         255   8.7406452520255584E-007
         256  -99999.999362893519     
         257  -99999.999999999971     
         258  -99999.999999984124     
         259  -99999.999999139967     
         260  -99999.999999650739     
         261  -99999.987249559199     
         262  -99999.872412602315     
         263  -53576.882601967496     
         264  -99999.900618697546     
         265  -99999.706709983162     
         266  -99999.999993235193     
         267  -99999.999999731604     
         268  -99999.999999691994     
         269  -99999.978612892563     
         270  -99999.988104855991     
         271  -99999.775290182472     
         272  -99995.069119798733     
         273  -99996.138360801851     
         274  -99998.535005890488     
         275  -99992.824172492241     
         276   1.3563712492954960E-003
         277  -39.778525121342135     
         278  -99999.364395143624     
         279  -99999.999752761636     
         280  -99999.999417069033     
         281  -99999.999680862617     
         282  -99999.795446051095     
         283  -99999.999939242174     
         284  -99999.999727283270     
         285  -99999.998042401392     
         286  -99997.040983284111     
         287  -99999.919915950581     
         288  -99999.998220869646     
         289  -99999.868711332936     
         290  -99999.704283392741     
         291  -99999.991214626949     
         292  -99999.811692145813     
         293  -99999.999299493618     
         294  -42.241557561540361     
         295  -1.2920998393385246     
         296  -1.6974737937091255E-002
         297  -99999.999667428739     
         298  -99999.999948696219     
         299  -99999.999994754005     
         300  -99999.999666478485     
         301   6.4866896481917680E-003
         302  -99998.295139719834     
         303  -99999.997402394278     
         304  -99999.946424051624     
         305  -5.4547901507711327E-003
         306  -99996.589203994416     
         307  -99998.774995081752     
         308  -100000.00000000000     
         309  -99999.887503344755     
         310   2.8522100015249130E-005
         311  -100000.00000000000     
         312  -100000.00000000000     
         313  -100000.00000000000     
         314  -100000.00000000000     
         315  -100000.00000000000     
         316   5.8966180235392462E-004
         317  -100000.00000000000     
         318  -100000.00000000000     
         319  -100000.00000000000     
         320  -100000.00000000000     
         321  -100000.00000000000     
         322  -100000.00000000000     
         323  -100000.00000000000     
         324   6.4018881133731109E-003
         325  -100000.00000000000     
         326  -100000.00000000000     
         327  -100000.00000000000     
         328  -100000.00000000000     
         329  -100000.00000000000     
         330  -100000.00000000000     
         331  -100000.00000000000     
         332  -100000.00000000000     
         333  -100000.00000000000     
         334  -99997.732018080322     
         335  -99999.733762698437     
         336  -99999.451774961475     
         337  -99999.990095716974     
         338  -99999.996921350641     
         339  -99999.996464311320     
         340  -78845.334704349661     
         341  -99995.482571155648     
         342  -99999.999151966549     
         343  -99999.969190060656     
         344  -100000.00000000000     
         345  -2.3045466911015833E-003
         346   1.2507012336504530E-003
         347  -1.3536123094773533E-002
         348   4.9791300229797275E-003
         349  -79.262844771153198     
         350  -4.9742759513904389E-004
         351   1.7974527521172345E-003
         352  -99998.888887566587     
         353  -99990.491956675192     
         354  -99999.713994290738     
         355  -99999.970861937356     
         356  -99999.948011285727     
         357  -2.4923564856210723E-004
         358  -99995.442800527308     
         359  -99994.309858837136     
         360  -99989.641699312473     
         361  -99999.680947286528     
         362  -99999.999263624952     
         363  -99999.557619540690     
         364  -3.1519395951973284E-005
         365  -99992.408781899387     
         366  -2477.9975894708791     
         367  -99991.613790406962     
         368  -99983.490335953495     
         369  -99993.933483838817     
         370   2.8791605675030918E-003
         371  -99999.994440077207     
         372  -99999.975381918572     
         373  -100000.00000000000     
         374  -100000.00000000000     
         375  -99999.950802578460     
         376  -99998.529458034071     
         377  -99984.438617195294     
         378  -99998.051775067011     
         379  -99999.998792070401     
         380  -99996.745134984085     
         381  -99999.832968897928     
         382  -99999.996612576200     
         383  -99999.995306079756     
         384  -99999.962526777716     
         385  -99999.968494619927     
         386  -99999.981479753653     
         387  -99999.952998786684     
         388  -99999.967330087733     
         389  -99999.979569970979     
         390  -99995.851723088039     
         391  -99999.989950606119     
         392  -99999.860333729477     
         393  -99999.776084335681     
         394  -1.2087937550108396E-002
         395  -99994.795684183366     
         396  -99997.359683013608     
         397  -20409.399823678126     
         398  -6.4083512700541245E-007
         399  -99998.527614880019     
         400  -99999.830147117143     
         401  -99999.996583243774     
         402  -99999.999958953180     
         403  -99999.993642019661     
         404  -99999.999932773630     
         405  -99999.999901067989     
         406  -99999.987487819395     
         407  -99999.889728619819     
         408  -99998.991772621244     
         409   4.5751619657335985E-005
         410  -99998.623444993180     
         411  -66482.887983664885     
         412   6.9883807074511139E-010
         413  -99999.989215070163     
         414  -99999.590066613309     
         415  -99982.926062660219     
         416  -99991.792279496265     
         417  -99999.999995570324     
         418  -99999.999999927459     
         419  -5.5090451203837210E-003
         420  -99984.154757627388     
         421  -99999.999655756124     
         422  -99999.999965746436     
         423  -99999.999066128832     
         424  -99999.989275382919     
         425  -99999.968389847156     
         426  -99993.946173364398     
         427  -99987.255160794099     
         428  -99999.872056586857     
         429  -99999.999194706033     
         430  -99999.973538241116     
         431  -99999.986420855843     
         432  -99999.695597042388     
         433  -100000.00000000000     
         434  -100000.00000000000     
         435  -100000.00000000000     
         436  -100000.00000000000     
         437  -100000.00000000000     
         438   1.4889953946495282E-005
         439   2.6130086450970591E-006
         440  -99999.997169017050     
         441  -99999.897809442249     
         442  -99999.708260581552     
         443  -99999.976228779153     
         444  -99999.963800348662     
         445  -99999.447246464857     
         446  -99999.993595989639     
         447  -99999.999468503665     
         448  -99999.999979832879     
         449  -99999.999620665156     
         450  -99999.999974519887     
         451  -99999.940553717781     
         452  -99999.999922682240     
         453  -99995.596617211122     
         454  -99999.966774431217     
         455  -99999.498060202037     
         456  -99995.817805455823     
         457  -99998.265754757871     
         458  -99996.996273498487     
         459  -99999.933956376233     
         460  -99999.999996712242     
         461  -99999.971167305630     
         462  -99998.499181172665     
         463  -99999.988348497835     
         464  -99998.247134838879     
         465  -99995.090552359805     
         466  -99999.889834510192     
         467  -99999.989356066595     
         468  -99998.901005926789     
         469  -99999.335284398388     
         470  -99999.953064083369     
         471  -99996.622727582479     
         472  -99995.346975693654     
         473  -99999.998319054852     
         474  -99998.736226886685     
         475  -99999.330121900130     
         476  -99999.123632521514     
         477  -26.641317494352986     
         478  -99999.587359368117     
         479  -99999.458653182199     
         480  -99999.803558970409     
         481  -99999.971177305968     
         482  -99999.988142922695     
         483  -99999.951592560625     
         484  -99999.944917828441     
         485  -99999.999997007035     
         486  -99999.998860536318     
         487  -99999.999957522756     
         488  -99999.992691199091     
         489  -99999.999996392187     
         490  -99999.999851113942     
         491  -99999.999868209808     
         492  -99999.999891926680     
         493  -99999.999999378328     
         494  -99999.999998544736     
         495  -21.203722703965305     
         496  -8.3964145672404999     
         497  -99999.395089647325     
         498  -99999.511219280859     
         499   5.0355526583487076E-003
         500  -99999.866051387202     
         501  -1.2713496921890055E-011
         502  -77323.557691926238     
         503  -99999.701008167569     
         504   1.1820599059381154E-005
         505  -99999.478516440708     
         506  -99999.634848191185     
         507  -4.0097339865097226E-007
         508  -99999.984353285225     
         509  -99999.427082346272     
         510  -73.285055790234722     
         511  -99999.890804621275     
         512  -99999.973438704561     
         513  -99996.458873290088     
         514  -99997.607852327084     
         515  -99999.766277869945     
         516  -99999.737560728841     
         517  -99999.975680703428     
         518  -3110.5920702080443     
         519  -99999.947136938950     
         520  -3853.9288665083418     
         521  -99999.923593143409     
         522  -99999.614408780821     
         523  -99999.887402660112     
         524   1.9444091760623949E-003
         525  -99999.961193943382     
         526  -99998.126432111065     
         527 -0.48532156956625938     
         528  -99999.953747201682     
         529   4.8016679961399578E-003
         530   9.1790668230271044E-004
         531  -2.2423441195574545E-003
         532  -2.4217473229529163E-003
         533  -99996.662095876163     
         534  -99999.960933432158     
         535  -99999.935834871925     
         536  -99978.087265919879     
         537  -99997.091306993039     
         538  -7.4308448334028943E-004
         539  -99999.707737524746     
         540  -99999.676369189081     
         541  -99999.513297742087     
         542  -99998.689425100980     
         543   2.3231998752756833E-004
         544  -99999.990347853076     
         545  -99999.999974539300     
         546  -99993.649148476659     
         547  -99999.999999870270     
         548  -99999.902509776570     
         549  -99998.435115622779     
         550  -99999.945164532211     
         551  -99996.325197552826     
         552  -99999.999996231127     
         553  -99997.318111964938     
         554  -9.8986136030157490E-004
         555  -99999.999850322900     
         556  -1.0736745108222423E-005
         557  -99999.998765306955     
         558  -99999.981734723769     
         559  -99999.949203871016     
         560  -99997.693900210463     
         561  -99994.078071012074     
         562  -99993.494772141159     
         563  -99999.991912348210     
         564  -99999.997110767727     
         565  -99999.999889276718     
         566  -99999.937924976184     
         567  -99999.646167116676     
         568  -99999.912296105307     
         569  -99999.999987744537     
         570  -99999.999674895473     
         571  -99999.904603712901     
         572  -99999.998636710312     
         573  -99999.999638786991     
         574  -99999.953217160059     
         575  -99999.994367147840     
         576  -99999.754866661126     
         577  -99999.973550308176     
         578  -99999.989981810941     
         579  -99999.999467324014     
         580  -99999.998037915400     
         581  -99999.999254085269     
         582  -99999.992089095831     
         583  -99999.999806678286     
         584  -99999.913109056157     
         585  -99999.893402024754     
         586  -99999.987157335840     
         587  -99999.788496964771     
         588  -99999.994382709396     
         589  -99999.999965752155     
         590  -99999.999246139283     
         591  -99999.999988209034     
         592  -99999.999820662662     
         593   3.0261762922115798E-003
         594  -99999.998889154886     
         595  -99998.464117896932     
         596  -99998.253152517223     
         597  -9.0625017042667344E-002
         598  -99999.756142938248     
         599  -99999.552601139541     
         600   9.1422980297295453E-012
         601  -38197.087615280012     
         602   9.0746249032042092E-004
         603  -99999.999958081433     
         604  -99999.999995866747     
         605  -99999.783347250210     
         606  -39184.609987418182     
         607  -1.0847711617856248E-012
         608  -99999.068770915241     
         609  -99999.896967815861     
         610  -99999.363782541186     
         611  -99999.999999641208     
         612  -99999.999984089969     
         613  -99999.999999992899     
         614  -99999.598464641822     
         615  -99999.999991393153     
         616  -99999.695518928376     
         617  -99999.203645887959     
         618  -99999.856397830968     
         619  -5.9311163761607832E-005
         620  -99999.963218920137     
         621  -99999.999801945523     
         622  -99999.998892606760     
         623  -99999.993576517227     
         624  -99999.999869075749     
         625  -99999.999989177362     
         626  -99999.999894691689     
         627  -99999.998280224128     
         628  -99999.999999706110     
         629  -99999.996082033686     
         630  -99999.999976713720     
         631  -99999.999999978900     
         632  -99999.997882245254     
         633  -99999.999969851313     
         634  -99999.731114807699     
         635  -99999.995624117742     
         636  -99999.999995447157     
         637  -99999.998759913840     
         638  -99999.998419684372     
         639  -99999.999976626976     
         640  -99999.991423294414     
         641  -99999.999584824283     
         642  -99999.999999587249     
         643  -99999.999989263961     
         644  -99999.978018662063     
         645  -99999.999999698586     
         646  -99999.520061805684     
         647  -99997.765366416847     
         648  -99999.999847073341     
         649  -99999.999968534874     
         650  -99999.999999989377     
         651  -99999.999998472544     
         652  -99999.999999684951     
         653  -99999.999999344582     
         654  -99999.999995660721     
         655  -99999.999999875829     
         656  -99999.999999856358     
         657  -99999.999999986889     
         658  -99999.999999484484     
         659  -99999.998241613561     
         660  -99999.999999867490     
         661  -99999.999999056279     
         662  -99999.999629036058     
         663  -99999.999847454703     
         664  -99999.999994500889     
         665  -99999.999305790974     
         666  -99999.958155285174     
         667  -99999.999934049396     
         668  -99999.999999642605     
         669  -99999.999976517589     
         670  -99997.946335352986     
         671  -99999.973118862952     
         672  -99997.384196137151     
         673  -99999.964162970165     
         674  -99998.974568775884     
         675  -99997.435065325364     
         676  -5012.7385567510773     
         677  -99996.206913766160     
         678   1.5532182484623291E-010
         679  -99997.953997528908     
         680  -99999.792462759433     
         681   3.9712234669539437E-004
         682  -99999.999999999985     
         683  -99999.999999999985     
         684  -99993.482434980033     
         685  -14805.774902717179     
         686  -4.4688495320643637     
         687   3.4189732622096902E-003
         688  -99999.184228572922     
         689  -99973.383057086743     
         690  -99999.999999770836     
         691  -99999.999261892008     
         692  -99999.999828668981     
         693  -99999.999999970183     
         694  -99999.999986255003     
         695  -99999.999876066388     
         696  -38.492342373644050     
         697  -85.832181714426810     
         698  -99999.901824966451     
         699  -99998.552179580729     
         700  -99999.999722365901     
         701  -99999.999724655994     
         702  -99999.999981284796     
         703  -99999.999999681706     
         704  -99999.999992083132     
         705  -99999.998404159953     
         706  -99999.907795935826     
         707  -99999.966676344804     
         708  -99999.999986833122     
         709  -99999.999999834006     
         710  -99999.999999648076     
         711  -99999.999246065505     
         712  -99999.998272396871     
         713  -99999.999971048092     
         714  -99999.999443235312     
         715  -99999.997387624477     
         716  -5.6968707997921419E-003
         717  -99994.983425098821     
         718  -99999.988630252221     
         719  -99999.999999498497     
         720  -99999.999999154199     
         721  -99999.494157035544     
         722  -99999.960563814791     
         723  -99999.963263234211     
         724  -99999.991007018136     
         725  -99999.997465823646     
         726  -99999.999999462016     
         727  -99999.978479817917     
         728  -99999.999970085206     
         729  -99999.999999776526     
         730  -99999.999970592748     
         731  -99999.999994498547     
         732  -99999.999991110773     
         733  -99999.999998926418     
         734  -99999.929950766105     
         735  -99999.999952631013     
         736   2.9060515953864552E-004
         737  -99999.996590108567     
         738  -99997.508914301274     
         739  -99999.970492178269     
         740  -99999.999999681080     
         741  -99999.999999819280     
         742  -99999.998559488304     
         743  -99999.999999384090     
         744  -99995.722257108719     
         745  -99999.999996016180     
         746  -99999.999990884447     
         747  -99999.999392714904     
         748  -99999.999999707725     
         749  -99999.999606652287     
         750  -99999.999253115966     
         751  -99999.925117884006     
         752  -99999.998072729228     
         753  -99999.951191527769     
         754  -99999.999975316154     
         755  -99999.999999962354     
         756  -99999.999588771316     
         757  -99999.999937468398     
         758  -99999.796609179568     
         759  -99999.963317885311     
         760  -99995.977046642904     
         761  -99999.999281725803     
         762  -99999.999927653858     
         763  -99999.927584103702     
         764  -99999.999998501909     
         765  -99999.999999925931     
         766  -99999.999999648120     
         767  -99999.970705693268     
         768  -99995.563151065144     
         769  -99999.853079648688     
         770  -99999.981460461218     
         771  -99999.999051634702     
         772  -1.1124434706744069E-013
         773  -99999.651183705966     
         774  -99991.734591731030     
         775  -99995.642410451183     
         776  -2.8335422768341290     
         777  -99995.332669046154     
         778  -99994.564376473747     
         779  -99991.783036022040     
         780  -99994.410134372592     
         781  -99990.999059502647     
         782  -99999.990083788638     
         783  -99999.998328809466     
         784  -99999.952302581762     
         785  -99999.964125447368     
         786  -99999.998803741648     
         787  -99999.998841206427     
         788  -99999.999981751840     
         789  -99999.999998643019     
         790  -99999.999957556502     
         791  -99999.984429047705     
         792  -99999.999501311366     
         793  -99999.999950706988     
         794  -99999.998869441653     
         795  -99999.894279121101     
         796  -99999.883137122393     
         797  -99997.326062313761     
         798  -99999.809904510286     
         799  -99999.862476388313     
         800  -99999.999999761159     
         801  -99999.999944965268     
         802  -100000.00000000000     
         803  -99999.999407583833     
         804  -99999.999998882922     
         805  -99999.999996429207     
         806  -99999.999994637983     
         807  -99998.531643640599     
         808  -17083.754897708423     
         809  -99999.850255771860     
         810  -99999.996691997643     
         811  -99999.999836166913     
         812  -99999.999983788584     
         813  -99999.981880230000     
         814  -99999.999582422693     
         815  -99999.999999997322     
         816  -99999.999650738115     
         817  -99999.999995084203     
         818  -99999.999844653998     
         819  -99999.999999392254     
         820  -99999.999984725815     
         821  -99999.999999749140     
         822  -99999.999997973922     
         823  -99999.999999800639     
         824  -99999.999999968088     
         825  -99999.999999997148     
         826  -99999.999996921193     
         827  -99999.999999948908     
         828   1.4720954256094987E-003
         829  -99999.700726733252     
         830  -99999.999998026135     
         831  -99999.999471483781     
         832  -99991.813438848869     
         833  -99992.496438322763     
         834  -99999.996414808542     
         835  -99999.999979398577     
         836  -99999.999912934392     
         837  -4718.6606518756371     
         838  -100000.00000000000     
         839  -99999.999999999956     
         840  -100000.00000000000     
         841  -100000.00000000000     
         842  -100000.00000000000     
         843  -100000.00000000000     
         844  -100000.00000000000     
         845  -100000.00000000000     
         846  -100000.00000000000     
         847  -100000.00000000000     
         848  -100000.00000000000     
         849  -100000.00000000000     
         850  -100000.00000000000     
         851  -100000.00000000000     
         852  -100000.00000000000     
         853  -100000.00000000000     
         854  -100000.00000000000     
         855  -100000.00000000000     
         856  -100000.00000000000     
         857  -100000.00000000000     
         858  -100000.00000000000     
         859  -100000.00000000000     
         860  -100000.00000000000     
         861  -100000.00000000000     
         862  -100000.00000000000     
         863  -100000.00000000000     
         864  -100000.00000000000     
         865  -100000.00000000000     
         866  -100000.00000000000     
         867  -100000.00000000000     
         868  -100000.00000000000     
         869  -100000.00000000000     
         870  -100000.00000000000     
         871  -100000.00000000000     
         872  -100000.00000000000     
         873  -100000.00000000000     
         874  -100000.00000000000     
         875  -100000.00000000000     
         876  -100000.00000000000     
         877  -100000.00000000000     
         878  -1.3943825998064707E-002
         879  -100000.00000000000     
         880  -100000.00000000000     
         881  -100000.00000000000     
         882  -100000.00000000000     
         883  -100000.00000000000     
         884  -100000.00000000000     
         885  -100000.00000000000     
         886  -100000.00000000000     
         887  -100000.00000000000     
         888  -100000.00000000000     
         889  -100000.00000000000     
         890  -100000.00000000000     
         891  -100000.00000000000     
         892  -100000.00000000000     
         893  -100000.00000000000     
         894  -100000.00000000000     
         895  -100000.00000000000     
         896  -100000.00000000000     
         897  -100000.00000000000     
         898  -100000.00000000000     
         899  -100000.00000000000     
         900  -100000.00000000000     
         901  -100000.00000000000     
         902  -100000.00000000000     
         903  -100000.00000000000     
         904  -100000.00000000000     
         905  -100000.00000000000     
         906  -100000.00000000000     
         907  -100000.00000000000     
         908  -100000.00000000000     
         909  -100000.00000000000     
         910  -100000.00000000000     
         911  -100000.00000000000     
         912  -100000.00000000000     
         913  -100000.00000000000     
         914  -100000.00000000000     
         915  -100000.00000000000     
         916  -100000.00000000000     
         917  -100000.00000000000     
         918  -100000.00000000000     
         919  -100000.00000000000     
         920  -100000.00000000000     
         921  -100000.00000000000     
         922  -100000.00000000000     
         923  -100000.00000000000     
         924  -100000.00000000000     
         925  -100000.00000000000     
         926  -100000.00000000000     
         927  -100000.00000000000     
         928  -100000.00000000000     
         929  -100000.00000000000     
         930  -100000.00000000000     
         931  -100000.00000000000     
         932  -100000.00000000000     
         933  -100000.00000000000     
         934  -100000.00000000000     
         935  -100000.00000000000     
         936  -100000.00000000000     
         937  -100000.00000000000     
         938  -100000.00000000000     
         939  -100000.00000000000     
         940  -100000.00000000000     
         941  -100000.00000000000     
         942  -99999.999999203443     
         943  -99999.999996956074     
         944  -99999.999978028645     
         945  -99999.999991489982     
         946  -99999.999991064251     
         947  -99999.999994000056     
         948  -99999.999999991764     
         949  -99999.999977832791     
         950  -99999.999999767286     
         951  -99999.999999999840     
         952  -99999.999999620733     
         953  -99999.999999897584     
         954  -99999.999988234500     
         955  -99999.999998990563     
         956  -99999.999999997788     
         957  -99999.974713691641     
         958  -99999.999426525013     
         959  -99999.970415699951     
         960  -99999.993468996065     
         961  -99987.124660373986     
         962  -99999.999999962180     
         963  -99999.999857675604     
         964  -99999.936647443741     
         965  -99999.996096550618     
         966  -99990.125772703221     
         967   6.3681753929940854E-003
         968  -99967.435234328397     
         969  -99999.362378984573     
         970  -99999.864613893471     
         971  -99995.720047848677     
         972  -99999.999999999185     
         973  -99999.507475469232     
         974  -99999.999983862654     
         975  -99999.999999997977     
         976  -99999.999999999418     
         977  -99999.999999855019     
         978  -99999.999999948559     
         979  -99999.890828110045     
         980  -99999.999999879670     
         981  -99999.999999569089     
         982  -99989.253790722476     
         983  -100000.00000000000     
         984  -99999.999999999985     
         985  -99994.689995475695     
         986  -99999.999999999651     
         987  -99999.999998725398     
         988  -99999.999973250466     
         989  -99999.982587434439     
         990  -99999.998824693510     
         991  -99999.999999996377     
         992  -99999.999999996973     
         993  -99999.999997062478     
         994  -99999.999999997381     
         995  -99999.999999999636     
         996  -99999.999999999927     
         997  -99999.999999978565     
         998  -99999.999999732376     
         999  -99999.999999839318     
        1000  -99999.999999974010     
        1001  -99999.999996425729     
        1002  -99999.999998745756     
        1003  -99999.999999997919     
        1004  -99999.999999763066     
        1005  -99999.999846147344     
        1006  -99999.999893954096     
        1007  -99999.999901202231     
        1008  -100000.00000000000     
        1009  -99999.996164540542     
        1010  -99999.998802161237     
        1011  -99999.992848632435     
        1012  -99999.999983116155     
        1013  -99999.999999704727     
        1014  -99999.999999995882     
        1015  -99999.994692701250     
        1016  -100000.00000000000     
        1017  -99999.999999999971     
        1018  -99999.999999248394     
        1019  -99999.999998349653     
        1020  -99999.999999994470     
        1021  -99999.998847553841     
        1022  -99999.999999798005     
        1023  -99999.996798044536     
        1024  -99999.999890401115     
        1025  -99999.639388991636     
        1026   1.4073049978935437E-004
        1027  -100000.00000000000     
        1028  -99999.999999999985     
        1029  -99999.999967417243     
        1030  -99999.999999936845     
        1031  -99999.829389041348     
        1032  -99999.994111424676     
        1033  -99999.832241111129     
        1034  -99999.566300585575     
        1035  -99999.995629740530     
        1036  -99999.999740799423     
        1037  -99999.999999909487     
        1038  -99999.999999999214     
        1039  -99999.999994410493     
        1040  -99999.999973070589     
        1041  -99996.572520664835     
        1042  -99988.952657870628     
        1043  -99977.954596119554     
        1044  -99990.821685920091     
        1045  -99999.999982251626     
        1046  -99999.981722585449     
        1047  -99993.437202562622     
        1048  -99979.687876659009     
        1049  -99999.998950224413     
        1050  -99999.967505805500     
        1051  -6.5507326937197519E-004
        1052  -99999.999973822909     
        1053  -99999.999994707527     
        1054  -99999.999703113732     
        1055  -99999.998667798325     
        1056  -99999.999968465054     
        1057  -99999.991433759409     
        1058  -99999.911713118272     
        1059   7.7591499323262370E-004
        1060  -99999.999999827938     
        1061  -99999.027508028812     
        1062  -99999.986767526090     
        1063  -99999.740664542434     
        1064  -99982.336848365056     
        1065  -99986.699071429714     
        1066  -99999.632579224228     
        1067  -99999.518637365632     
        1068  -99999.999015867274     
        1069  -99999.709253325505     
        1070  -99999.996575312194     
        1071  -99999.999999633292     
        1072  -99999.994907417335     
        1073  -99999.669940006337     
        1074  -99999.969668788486     
        1075  -100000.00000000000     
        1076  -100000.00000000000     
        1077  -100000.00000000000     
        1078  -100000.00000000000     
        1079  -100000.00000000000     
        1080  -99999.999999999985     
        1081  -99999.999999969543     
        1082  -99999.999998636529     
        1083  -99999.998737968635     
        1084  -99999.999964862669     
        1085  -99999.999991680044     
        1086  -99999.999998029292     
        1087  -99999.999998605854     
        1088  -99999.999999470907     
        1089  -99999.965870471904     
        1090  -99999.999999984342     
        1091  -99999.999999796317     
        1092  -99999.999974267892     
        1093  -99999.999997572071     
        1094  -99999.999553193484     
        1095  -99999.909242726513     
        1096  -99999.998616593497     
        1097  -99999.912836137810     
        1098  -99999.999947715914     
        1099  -99999.999972511709     
        1100  -99997.381537355061     
        1101  -99995.082434205455     
        1102  -99999.999999991909     
        1103  -99999.999999999665     
        1104  -100000.00000000000     
        1105  -99999.999999998967     
        1106  -99999.999999842170     
        1107  -99999.999999998035     
        1108  -99999.999985312665     
        1109  -99999.999999999389     
        1110  -99999.999999999985     
        1111  -99999.999995118560     
        1112  -99999.999999929074     
        1113  -99999.999999978769     
        1114  -99999.999999947191     
        1115  -99999.999999985681     
        1116  -99999.999999984153     
        1117  -99999.999999991924     
        1118  -99999.999999999942     
        1119  -99999.999999999913     
        1120  -99999.999999999796     
        1121  -99999.999999979598     
        1122  -99999.999974067599     
        1123  -99999.999999997570     
        1124  -99999.999999999971     
        1125  -100000.00000000000     
        1126  -100000.00000000000     
        1127  -99999.999998650368     
        1128  -99999.999999999054     
        1129  -100000.00000000000     
        1130  -99999.999999999724     
        1131  -99999.999999303720     
        1132  -99999.999999925130     
        1133  -99999.999857616276     
        1134  -99999.999999240696     
        1135  -99999.998016611731     
        1136  -99999.999929293903     
        1137  -99999.999999944601     
        1138  -99999.999890039660     
        1139  -99999.999804324674     
        1140  -99999.999439292806     
        1141  -99994.873443096891     
        1142  -99999.890477657682     
        1143  -99999.999999192209     
        1144  -99999.999999971376     
        1145  -100000.00000000000     
        1146  -100000.00000000000     
        1147  -100000.00000000000     
        1148  -100000.00000000000     
        1149  -100000.00000000000     
        1150  -100000.00000000000     
        1151  -100000.00000000000     
        1152  -99999.999999999985     
        1153  -99999.999999999593     
        1154  -99999.999999999985     
        1155  -100000.00000000000     
        1156  -99999.999999868392     
        1157  -100000.00000000000     
        1158  -99999.999999999927     
        1159  -100000.00000000000     
        1160  -99999.999999996682     
        1161  -99999.999999999985     
        1162  -99999.999999999898     
        1163  -99999.999999998196     
        1164  -100000.00000000000     
        1165  -100000.00000000000     
        1166  -99999.999999999694     
        1167  -100000.00000000000     
        1168  -99999.999999999665     
        1169  -100000.00000000000     
        1170  -99999.999999999767     
        1171  -99999.999784948726     
        1172  -99982.798700388244     
        1173  -99999.844608220199     
        1174  -99999.983705313600     
        1175  -99999.998290629563     
        1176  -99999.994250185482     
        1177  -99999.999999706750     
        1178  -99999.975140313982     
        1179  -99999.999978313310     
        1180  -99999.990000075442     
        1181  -99999.818335851101     
        1182  -99999.999985538117     
        1183  -99999.999694005979     
        1184  -99999.999999592605     
        1185  -99999.999996580009     
        1186  -100000.00000000000     
        1187  -100000.00000000000     
        1188  -100000.00000000000     
        1189  -100000.00000000000     
        1190  -99999.999999999680     
        1191  -99999.999999996755     
        1192  -100000.00000000000     
        1193  -99999.999999999942     
        1194  -100000.00000000000     
        1195  -100000.00000000000     
        1196  -100000.00000000000     
        1197  -100000.00000000000     
        1198  -100000.00000000000     
        1199  -99999.999999981112     
        1200  -100000.00000000000     
        1201  -100000.00000000000     
        1202  -99999.999999999854     
        1203  -99999.999999572901     
        1204  -99999.999992628436     
        1205  -99999.999999997861     
        1206  -99999.999999970314     
        1207  -99999.999999993277     
        1208  -99999.999999999898     
        1209  -99999.999999998821     
        1210  -99999.999999944979     
        1211  -99999.999999980442     
        1212  -99999.999999490843     
        1213  -99999.999999990090     
        1214  -99999.999999999272     
        1215  -99999.999999906067     
        1216  -99999.999998166095     
        1217  -99999.999999158244     
        1218  -99999.999758690086     
        1219  -99999.999971696569     
        1220  -99999.998163678538     
        1221  -99999.999997119739     
        1222  -99999.999955779538     
        1223  -99999.996726372134     
        1224  -99999.998258931868     
        1225  -99999.857231614238     
        1226  -99999.997564737190     
        1227  -99999.999946559736     
        1228  -99999.999999973341     
        1229  -99999.999999952284     
        1230  -99999.999999464620     
        1231  -99999.999987502713     
        1232  -99999.999991448654     
        1233  -99999.999999950014     
        1234  -99999.999999901353     
        1235  -99999.999997859108     
        1236  -99999.999999990774     
        1237  -99999.999999989319     
        1238  -99999.999999995751     
        1239  -99999.999999626147     
        1240  -99999.999985584684     
        1241  -99999.999997752820     
        1242  -99999.999978390231     
        1243  -100000.00000000000     
        1244  -100000.00000000000     
        1245  -100000.00000000000     
        1246  -100000.00000000000     
        1247  -100000.00000000000     
        1248  -100000.00000000000     
        1249  -100000.00000000000     
        1250  -100000.00000000000     
        1251  -100000.00000000000     
        1252  -100000.00000000000     
        1253  -100000.00000000000     
        1254  -99999.999999999927     
        1255  -100000.00000000000     
        1256  -99999.999999999025     
        1257  -99999.999999999054     
        1258  -99999.999999999825     
        1259  -99999.999999991574     
 time     1.0000000000000000E+030
