           1         164  !  dimensions
 time     0.0000000000000000     
         164  !  non zeros
           1   853.36532456784312     
           2   2165.6772437063119     
           3   865.85451706375045     
           4   921.29857846954565     
           5   1641.8010496694537     
           6   2956.3232767205927     
           7   1688.2012641219196     
           8   490.81181357849050     
           9   1230.8326737294724     
          10   371.07592447280473     
          11   941.60618648278250     
          12   421.99832690079336     
          13   607.31127325162890     
          14   826.73844364043657     
          15   518.05970029276341     
          16   955.23959269172678     
          17   607.63684275803462     
          18   453.55556267365068     
          19   1323.3889988159990     
          20   848.93957561561183     
          21   488.89084643689512     
          22   678.02062953164261     
          23   855.05637246326296     
          24   892.88653913006783     
          25   1724.8898086056113     
          26   1216.9595639759295     
          27   573.97331005571436     
          28   611.80347672251924     
          29   609.30859381895868     
          30   935.87650156838095     
          31   1869.7461980404851     
          32   1959.2309316553801     
          33   2151.8871598817655     
          34   1620.8424891296829     
          35   5514.3452140270092     
          36   5839.8067224154020     
          37   1052.7752040440701     
          38   780.26185577822673     
          39   835.70591718402193     
          40   6925.4673086442708     
          41   7542.4304717927280     
          42   828.37768639116609     
          43   874.77790084363210     
          44   2212.2901589250923     
          45   809.75226190944500     
          46   1010.3486798541148     
          47   889.94136524310261     
          48   2344.4857042136514     
          49   1334.3229273605612     
          50   1120.7084579457724     
          51   1193.9258563793260     
          52   1209.8098587042361     
          53   3306.5429074009890     
          54   1148.6940829267733     
          55   1867.8239838545041     
          56   2345.1113154544946     
          57   1190.4710389340667     
          58   1669.2932063448502     
          59   1370.8509139712992     
          60   1628.4688771898809     
          61   1431.3920397347538     
          62   1462.8949756241245     
          63   1791.8239070266156     
          64   1416.1449608426863     
          65   1358.5631792265813     
          66   3188.5634033901615     
          67   3431.0000425371245     
          68   1559.0839916253949     
          69   399.08403424992594     
          70   279.34814514424016     
          71   2494.9340104251633     
          72   4208.7025437311413     
          73   1305.4107985490859     
          74   445.65404929241851     
          75   1174.6667630805346     
          76   4077.3649564115262     
          77   4659.5618386010174     
          78   5529.5524168745833     
          79   1852.1707170808145     
          80   1150.7424111668061     
          81   3445.9019274342008     
          82   2178.7715797593637     
          83   2450.4355474381723     
          84   1181.7283496925402     
          85   1148.2475282632456     
          86   2092.5737749166956     
          87   848.19510967992926     
          88   2901.6634030359273     
          89   3921.4623180589865     
          90   5229.1767354175072     
          91   6234.9467036760761     
          92   4170.1657184990308     
          93   6295.3320006309241     
          94   4137.4831761567084     
          95   976.85656951927808     
          96   2204.7142444732599     
          97   3416.4810297679041     
          98   2193.6647344433713     
          99   2559.1844250837512     
         100   3601.2296943152251     
         101   2056.9132023540519     
         102   882.60103277553344     
         103   1936.5058877430395     
         104   3721.7101970480276     
         105   1396.7887993067234     
         106   1490.6530728898417     
         107   1443.9030581084035     
         108   2605.2899673176016     
         109   3611.0599355761706     
         110   3778.4518488351487     
         111   4382.8069579974635     
         112   1475.8203208425111     
         113   2776.1191394751854     
         114   3029.6113979005886     
         115   3032.3035181418231     
         116   3285.7957765672263     
         117   3332.9833203659191     
         118   1268.2023351888736     
         119   1145.4607657348524     
         120   1158.8876326966270     
         121   3130.9517202702486     
         122   2933.8748828151215     
         123   2216.7380571350700     
         124   807.84611236889032     
         125   2904.5791610656433     
         126   833.34861671206909     
         127   885.71150676346781     
         128   1239.3250393179705     
         129   1181.7432577018656     
         130   1510.6721891043567     
         131   3261.6586269843287     
         132   5110.5003110457819     
         133   2828.3978991842941     
         134   3872.8005827191482     
         135   6468.0945056098444     
         136   4213.0618335074687     
         137   2176.2437419266762     
         138   4471.4032581940710     
         139   2362.7908338374309     
         140   217.53417715688889     
         141   204.94200936321539     
         142   2820.0796652198487     
         143   2873.6936738971804     
         144   4651.1650868331690     
         145   1416.5055959152087     
         146   2801.6210642307146     
         147   2334.3576004022902     
         148   176.50877592807473     
         149   2453.8086235190617     
         150   895.88005830184511     
         151   949.49406697917652     
         152   1214.8078735543859     
         153   970.82750251495645     
         154   1236.1413090901656     
         155   2301.6750580599683     
         156   159.56222075548271     
         157   285.95122313384962     
         158   154.80653994902548     
         159   295.39957155146647     
         160   164.25488836664232     
         161   369.42568387843460     
         162   238.28100069361045     
         163   1247.3237614469299     
         164   290.64389074500923     
 time     1.0000000000000000     
         164  !  non zeros
           1   546.15381579017378     
           2   1386.0334549942993     
           3   554.14689092365609     
           4   589.63110626266553     
           5   1050.7526844065101     
           6   1892.0469499539900     
           7   1080.4488464614783     
           8   314.11956522633369     
           9   787.73292511405486     
          10   237.48861056147939     
          11   602.62795934898077     
          12   270.07892921650773     
          13   388.67921488104253     
          14   529.11260392987936     
          15   331.55820818736862     
          16   611.35333932270521     
          17   388.88757936514207     
          18   290.27556397294057     
          19   846.96896806175630     
          20   543.32135762519897     
          21   312.89014183908614     
          22   433.93320290199597     
          23   547.23607988463436     
          24   571.44739365010571     
          25   1103.9294822865320     
          26   778.85412226763276     
          27   367.34291937217074     
          28   391.55423119409454     
          29   389.95750838995679     
          30   598.96096212262489     
          31   1196.6375667459106     
          32   1253.9077962594431     
          33   1377.2077823243299     
          34   1037.3391932264469     
          35   3529.1809653124728     
          36   3737.4763291018799     
          37   673.77614694452870     
          38   499.36759535190043     
          39   534.85178800582219     
          40   4432.2991000939865     
          41   4827.1555226634800     
          42   530.16173003834467     
          43   559.85785896812069     
          44   1415.8657106282144     
          45   518.24145065701089     
          46   646.62316570125756     
          47   569.56247590430246     
          48   1500.4708599375867     
          49   853.96668815004080     
          50   717.25342214575687     
          51   764.11255520725251     
          52   774.27832326303076     
          53   2116.1875299344888     
          54   735.16424239544074     
          55   1195.4076842807362     
          56   1500.8712545788449     
          57   761.90146581782949     
          58   1068.3476716431196     
          59   877.34458860978327     
          60   1042.2200949292476     
          61   916.09091288355353     
          62   936.25278954880264     
          63   1146.7673138010391     
          64   906.33279277683096     
          65   869.48044084487913     
          66   2040.6805931777078     
          67   2195.8400410973504     
          68   997.81375464046914     
          69   255.41394333947878     
          70   178.78288454057693     
          71   1596.7577666721047     
          72   2693.5696279879303     
          73   835.46296460602616     
          74   285.21859902563153     
          75   751.78672837154238     
          76   2609.5136104246944     
          77   2982.1196102378458     
          78   3538.9135750569931     
          79   1185.3892592749733     
          80   736.47514803981983     
          81   2205.3772449965250     
          82   1394.4138110459926     
          83   1568.2788141246017     
          84   756.30619163786844     
          85   734.87844448210501     
          86   1339.2472336214034     
          87   542.84488537372590     
          88   1857.0645813950212     
          89   2509.7359057800736     
          90   3346.6731221176451     
          91   3990.3659256096244     
          92   2668.9060606492121     
          93   4029.0125102161351     
          94   2647.9892446754584     
          95   625.18823178892239     
          96   1411.0171389760208     
          97   2186.5479047856497     
          98   1403.9454596484129     
          99   1637.8780442303539     
         100   2304.7870477496999     
         101   1316.4244605143899     
         102   564.86466348039028     
         103   1239.3637991045023     
         104   2381.8945680941242     
         105   893.94483602803143     
         106   954.01798621684725     
         107   924.09796268083278     
         108   1667.3855988698833     
         109   2311.0783712302523     
         110   2418.2092246074099     
         111   2804.9964535579265     
         112   944.52500533924263     
         113   1776.7162621518639     
         114   1938.9513064944510     
         115   1940.6742656236470     
         116   2102.9093099060697     
         117   2133.1093277230975     
         118   811.64949919816320     
         119   733.09490608771512     
         120   741.68810271276357     
         121   2003.8091107893408     
         122   1877.6799414944028     
         123   1418.7123843328013     
         124   517.02151258954495     
         125   1858.9306633389788     
         126   533.34311469768022     
         127   566.85536433696302     
         128   793.16802863186160     
         129   756.31570385642829     
         130   966.83020156876808     
         131   2087.4615315386654     
         132   3270.7202232307668     
         133   1810.1746714092924     
         134   2478.5923852874980     
         135   4139.5805077473369     
         136   2696.3595808482473     
         137   1392.7960083536889     
         138   2861.6980939014829     
         139   1512.1861371180555     
         140   139.22187345378137     
         141   131.16288657654948     
         142   1804.8510052594047     
         143   1839.1639602772996     
         144   2976.7456891669613     
         145   906.56358189618038     
         146   1793.0374923039899     
         147   1493.9888712882307     
         148   112.96561687319165     
         149   1570.4375231342713     
         150   573.36324896313135     
         151   607.67622182902278     
         152   777.47703933178514     
         153   621.32960233227664     
         154   791.13045825430868     
         155   1473.0720376836721     
         156   102.11982128764365     
         157   183.00878280723981     
         158   99.076185567504595     
         159   189.05572580928188     
         160   105.12312856056575     
         161   236.43243768307116     
         162   152.49984044601911     
         163   798.28770839843423     
         164   186.01209007740638     
 time     3.0000000000000000     
         164  !  non zeros
           1   242.73505949039733     
           2   616.01494021981932     
           3   246.28750708788974     
           4   262.05832960814757     
           5   467.00124038726750     
           6   840.90995373308988     
           7   480.19962765411583     
           8   139.60871266652629     
           9   350.10357449982513     
          10   105.55056445351515     
          11   267.83464859954699     
          12   120.03507965178120     
          13   172.74631772490781     
          14   235.16115730216865     
          15   147.35920363883051     
          16   271.71259525453559     
          17   172.83892416228539     
          18   129.01137624751280     
          19   376.43068554506988     
          20   241.47626856148267     
          21   139.06228570984092     
          22   192.85920129631853     
          23   243.21604115982859     
          24   253.97665167577563     
          25   490.63534338170604     
          26   346.15739263589307     
          27   163.26352323288961     
          28   174.02412559673627     
          29   173.31447947014237     
          30   266.20487625022770     
          31   531.83891855373804     
          32   557.29235389308587     
          33   612.09234769970215     
          34   461.03964212191278     
          35   1568.5249797291499     
          36   1661.1006910470223     
          37   299.45612664487430     
          38   221.94118219160831     
          39   237.71190956054429     
          40   1969.9107957590820     
          41   2145.4025322026009     
          42   235.62747587757997     
          43   248.82572420267567     
          44   629.27368260366904     
          45   230.32954500645528     
          46   287.38811337483406     
          47   253.13888623737552     
          48   666.87597240321907     
          49   379.54080518619969     
          50   318.77933270816715     
          51   339.60560680891598     
          52   344.12375057418728     
          53   940.52805057387206     
          54   326.73977324548088     
          55   531.29355892310639     
          56   667.05393850380506     
          57   338.62287707191325     
          58   474.82126083098728     
          59   389.93094202658079     
          60   463.20898180862201     
          61   407.15154478704528     
          62   416.11237022068383     
          63   509.67441157936173     
          64   402.81464145813749     
          65   386.43577451111071     
          66   906.96920880343680     
          67   975.92895918033753     
          68   443.47277984101936     
          69   113.51791347120172     
          70   79.459328474863597     
          71   709.67011852093538     
          72   1197.1420568835247     
          73   371.31707391298954     
          74   126.76384983333513     
          75   334.12743483179656     
          76   1159.7839705603383     
          77   1325.3866191885111     
          78   1572.8505837678229     
          79   526.83967207607236     
          80   327.32230636668498     
          81   980.16770733778310     
          82   619.73947157599662     
          83   697.01304539314310     
          84   336.13626455219901     
          85   326.61274096813281     
          86   595.22105900080851     
          87   241.26445041906413     
          88   825.36204912066819     
          89   1115.4382636804030     
          90   1487.4103194358761     
          91   1773.4960991511123     
          92   1186.1804744365218     
          93   1790.6723385590058     
          94   1176.8841535015185     
          95   277.86153871280305     
          96   627.11881285803247     
          97   971.79924029680149     
          98   623.97587086117915     
          99   727.94584309853417     
         100   1024.3499617046712     
         101   585.07757928562376     
         102   251.05097093702031     
         103   550.82847121612485     
         104   1058.6199654795028     
         105   397.30883278143665     
         106   424.00806725169934     
         107   410.71022622887517     
         108   741.06034036420351     
         109   1027.1459894996319     
         110   1074.7598104544734     
         111   1246.6650921185030     
         112   419.78889126201943     
         113   789.65172039653635     
         114   861.75618061253124     
         115   862.52194838102844     
         116   934.62640834466777     
         117   948.04860018256261     
         118   360.73312829455432     
         119   325.82001832648473     
         120   329.63922346217811     
         121   890.58186382891131     
         122   834.52448028967171     
         123   630.53894160506832     
         124   229.78734145414231     
         125   826.19140689206006     
         126   237.04138431741461     
         127   251.93571751438265     
         128   352.51913684273183     
         129   336.14038380219762     
         130   429.70231384076493     
         131   927.76071919145659     
         132   1453.6535231525013     
         133   804.52213592444434     
         134   1101.5966619854905     
         135   1839.8136495877004     
         136   1198.3820636955581     
         137   619.02049885950134     
         138   1271.8658519765588     
         139   672.08274059089456     
         140   61.876388476827287     
         141   58.294618446587158     
         142   802.15607553263555     
         143   817.40623825432726     
         144   1322.9982100506888     
         145   402.91714942358885     
         146   796.90559412135258     
         147   663.99508027124739     
         148   50.206941879618903     
         149   697.97224781188800     
         150   254.82815433758046     
         151   270.07839192169354     
         152   345.54535177779496     
         153   276.14649263559693     
         154   351.61361363915535     
         155   654.69868538481069     
         156   45.386587254457844     
         157   81.337236809127944     
         158   44.033860252705303     
         159   84.024767087634942     
         160   46.721390493542486     
         161   105.08108341797194     
         162   67.777706872803904     
         163   354.79641607532312     
         164   82.672040036654735     
 time     7.0000000000000000     
         164  !  non zeros
           1   60.683946373296706     
           2   154.00416305427251     
           3   61.571876836226842     
           4   65.514943348706154     
           5   116.75059400077033     
           6   210.22867761283302     
           7   120.05074893606653     
           8   34.902280229470470     
           9   87.526206977731590     
          10   26.388066310992194     
          11   66.958662149886749     
          12   30.008769912945301     
          13   43.186579431226953     
          14   58.790289325542162     
          15   36.839800909707627     
          16   67.928148813633896     
          17   43.209731040571349     
          18   32.252930951857564     
          19   94.107869823882169     
          20   60.369724830680013     
          21   34.765574115627807     
          22   48.214800363335996     
          23   60.804044223071948     
          24   63.494356572521355     
          25   122.65894337102111     
          26   86.539377926957528     
          27   40.815901879638027     
          28   43.506168461547006     
          29   43.328807647211562     
          30   66.551244236675473     
          31   132.95972963843451     
          32   139.32308847327147     
          33   153.02308692492554     
          34   115.25991465806338     
          35   392.13188247263940     
          36   415.27577477113005     
          37   74.864399675511535     
          38   55.485467757987827     
          39   59.428000071003304     
          40   492.47820657631615     
          41   536.35109916313911     
          42   58.907110797525498     
          43   62.206485684690897     
          44   157.31862126336424     
          45   57.582454537499395     
          46   71.847266721305886     
          47   63.284769905134958     
          48   166.71920101896339     
          49   94.885530678221315     
          50   79.695037035229262     
          51   84.901562001500238     
          52   86.031245716999550     
          53   235.13356958280806     
          54   81.685603058864970     
          55   132.83091799186246     
          56   166.76377010398821     
          57   84.655739518522708     
          58   118.70575581015640     
          59   97.482818039431393     
          60   115.80254982476863     
          61   101.78805389536748     
          62   104.02820841494018     
          63   127.41890223381415     
          64   100.70406170672869     
          65   96.609081774038572     
          66   226.74263988029966     
          67   243.98255195034875     
          68   110.86819496511974     
          69   28.383109863202439     
          70   19.866443911868728     
          71   177.41752963023384     
          72   299.28551422088117     
          73   92.830473001314274     
          74   31.691130701933126     
          75   83.531858707949141     
          76   289.94685486642010     
          77   331.34740929180822     
          78   393.21328172897148     
          79   131.70992574216143     
          80   81.830686685318810     
          81   245.04218420344836     
          82   154.93486789399915     
          83   174.25469602689776     
          84   84.035142402559885     
          85   81.653779095793226     
          86   148.80566242998592     
          87   60.316454120884153     
          88   206.34058995059510     
          89   278.86006592154911     
          90   371.85283749341670     
          91   443.37481806734615     
          92   296.54513683030922     
          93   447.66875541610619     
          94   294.22130691654678     
          95   69.465998848104732     
          96   156.78020975877939     
          97   242.95083908787336     
          98   155.99463381765270     
          99   181.98673475105309     
         100   256.08846665038050     
         101   146.26964249538122     
         102   62.762799074848182     
         103   137.70781415258810     
         104   264.65593599171456     
         105   99.327308808687135     
         106   106.00245707646937     
         107   102.67768011408127     
         108   185.26553028902666     
         109   256.78677775799014     
         110   268.69088305003936     
         111   311.66628291950144     
         112   104.94722281630742     
         113   197.41322007285490     
         114   215.43931150937459     
         115   215.63080238446315     
         116   233.65689240420858     
         117   237.01221054580739     
         118   90.183387312378073     
         119   81.455364971999970     
         120   82.410206069897868     
         121   222.64568682533400     
         122   208.63149115813309     
         123   157.63536014221123     
         124   57.446850516149489     
         125   206.54785750472121     
         126   59.260346123360499     
         127   62.983929566322246     
         128   88.129862248330198     
         129   84.035521811815258     
         130   107.42559065470634     
         131   231.94041084299317     
         132   363.41392442011261     
         133   201.13089243582959     
         134   275.39944330900755     
         135   459.95395592943083     
         136   299.59568250177438     
         137   154.75542892808127     
         138   317.96665778269301     
         139   168.02076304434510     
         140   15.469098770073543     
         141   14.573667753597064     
         142   200.53945805268157     
         143   204.35176168317784     
         144   330.75030836943438     
         145   100.72929884091390     
         146   199.22665044741709     
         147   165.99892825962647     
         148   12.551741752441442     
         149   174.49315379933390     
         150   63.707300706117039     
         151   67.520024630646859     
         152   86.386343726436863     
         153   69.036639419590472     
         154   87.903863230358411     
         155   163.67468316514601     
         156   11.346646906644427     
         157   20.334309237743263     
         158   11.008465066062525     
         159   21.006192139630325     
         160   11.680347756464119     
         161   26.270270874134649     
         162   16.944426765639744     
         163   88.710376299184233     
         164   20.668010022675062     
 time     15.000000000000000     
         164  !  non zeros
           1   6.7448371277342432     
           2   17.116707752662442     
           3   6.8413204183225558     
           4   7.2837671914577955     
           5   12.975692096517722     
           6   23.373001250530709     
           7   13.349069993630740     
           8   3.8792565581614804     
           9   9.7288831834900549     
          10   2.9370762691271994     
          11   7.4398513499874177     
          12   3.3343077681050337     
          13   4.7985088256918838     
          14   6.5322543695046855     
          15   4.0933112121897368     
          16   7.5475720904037660     
          17   4.8010812267301501     
          18   3.5847009092317790     
          19   10.458809345394164     
          20   6.7156246964857660     
          21   3.8628738500355211     
          22   5.3572005130256146     
          23   6.7564118973171476     
          24   7.0572513163739838     
          25   13.630061070919851     
          26   9.6158431945049276     
          27   4.5353528929185636     
          28   4.8356628543144629     
          29   4.8165636341675482     
          30   7.3948844614539881     
          31   14.773303293159389     
          32   15.480343163696832     
          33   17.002565213880619     
          34   12.806706672347163     
          35   43.577857972482484     
          36   46.148975454199274     
          37   8.3226790603852798     
          38   6.1671169834411979     
          39   6.6033830227728245     
          40   54.725891523361348     
          41   59.600159268693297     
          42   6.5481341779383699     
          43   6.9124868626782385     
          44   17.482252863611446     
          45   6.3988688769884856     
          46   7.9858883629859623     
          47   7.0322208323201236     
          48   18.526849487381217     
          49   10.546786611526606     
          50   8.8574476505048327     
          51   9.4354284694547133     
          52   9.5627195285900619     
          53   26.144619912722241     
          54   9.0840895778277151     
          55   14.848650052054097     
          56   18.532731956268499     
          57   9.4064362138149153     
          58   13.194813224016999     
          59   10.832413830175216     
          60   12.870600986378806     
          61   11.311795037941813     
          62   11.560079025582507     
          63   14.161246448518881     
          64   11.194154015499192     
          65   10.735999232834907     
          66   25.197677990024925     
          67   27.112917658870995     
          68   12.318688387802313     
          69   3.1967138697286304     
          70   2.2263688520842275     
          71   19.713058847803762     
          72   33.253946024542351     
          73   10.328943853472612     
          74   3.5232284874860857     
          75   9.2813176342165704     
          76   32.226659780550989     
          77   36.825429969962372     
          78   43.697992419153906     
          79   14.634528833970181     
          80   9.0936192852574429     
          81   27.229997398399473     
          82   17.214985321555464     
          83   19.378829975808884     
          84   9.3501345124611195     
          85   9.0797647530293641     
          86   16.538732922336344     
          87   6.7059242542576616     
          88   22.927664013917617     
          89   30.990450775305998     
          90   41.320073009753330     
          91   49.273386148074508     
          92   32.949678235837297     
          93   49.749020418182013     
          94   32.694478743910693     
          95   7.7258102589883908     
          96   17.426100264341702     
          97   27.006878800751064     
          98   17.340727332926665     
          99   20.224035359794204     
         100   28.465982751213161     
         101   16.255152777013091     
         102   6.9743197962398815     
         103   15.309220690807331     
         104   29.417545125438856     
         105   11.037574303144929     
         106   11.783331695551736     
         107   11.410112724558259     
         108   20.590400131843065     
         109   28.535227879805351     
         110   29.865702592924546     
         111   34.629705662687726     
         112   11.660802544770005     
         113   21.938281227997440     
         114   23.940897020508306     
         115   23.962760766526092     
         116   25.965360168100386     
         117   26.335415697713678     
         118   10.021639036500776     
         119   9.0549191063416146     
         120   9.1614902523753603     
         121   24.741059474747413     
         122   23.185729072539335     
         123   17.522534297481823     
         124   6.3831650665920900     
         125   22.949831267905886     
         126   6.5844834302228055     
         127   6.9982166470371121     
         128   9.7931427898902683     
         129   9.3423886425423071     
         130   11.936323039580062     
         131   25.773928649081157     
         132   40.385847248657967     
         133   22.352177736859314     
         134   30.603271487041777     
         135   51.112516455059549     
         136   33.290407919795889     
         137   17.198697392110844     
         138   35.331965872967459     
         139   18.669907657309967     
         140   1.7188085452914335     
         141   1.6194539813510969     
         142   22.287430461252196     
         143   22.708176426644886     
         144   36.759101752954955     
         145   11.192282089865392     
         146   22.139316981854535     
         147   18.446223160139393     
         148   1.3947133642284595     
         149   19.389230040807856     
         150   7.0817317283361403     
         151   7.5073414412979425     
         152   9.5985519925150360     
         153   7.6709326439686363     
         154   9.7726100176390052     
         155   18.186217567584560     
         156   1.2607396605781984     
         157   2.2593681182507868     
         158   1.2231628197225497     
         159   2.3340257577015446     
         160   1.2978180129484569     
         161   2.9189192215118318     
         162   1.8827146538457056     
         163   9.9897330279846877     
         164   2.2964457200716692     
 time     31.000000000000000     
         164  !  non zeros
           1  0.31511898588246567     
           2  0.80978783411932598     
           3  0.27366300409092087     
           4  0.39119919250672508     
           5  0.58608320104655576     
           6   1.2371243855971756     
           7  0.75915441352164492     
           8  0.17390202900582941     
           9  0.44130839079567408     
          10  0.16803747559988633     
          11  0.29759405399949673     
          12  0.13337231072420136     
          13  0.19194035302767537     
          14  0.26129017478018746     
          15  0.16373244848758947     
          16  0.30190288361615059     
          17  0.19204324906920603     
          18  0.16504835725308134     
          19  0.46649651804035031     
          20  0.38850212517346921     
          21  0.15556484790978456     
          22  0.21432655786181254     
          23  0.27955341093867392     
          24  0.33679455808537939     
          25  0.57418384670621847     
          26  0.38991528011536980     
          27  0.18675503089591253     
          28  0.23362360037137334     
          29  0.23998590278131934     
          30  0.30085780214686181     
          31  0.59093213172637560     
          32  0.61921372654787321     
          33  0.68010260855522464     
          34  0.51321594647143098     
          35   1.9434815056567085     
          36   2.0375450346875130     
          37  0.42137371548519997     
          38  0.28961399933522763     
          39  0.26915692759436222     
          40   2.3557718229680171     
          41   2.5390990174116230     
          42  0.32068847699503439     
          43  0.28961916330910298     
          44  0.75287562373150363     
          45  0.26938266318782667     
          46  0.38073305744386449     
          47  0.29304267645295368     
          48  0.79798624965343812     
          49  0.50598718019962696     
          50  0.39755600931583668     
          51  0.41204315377519624     
          52  0.44545642966574134     
          53   1.4336789849810552     
          54  0.53692591748406215     
          55   1.4781998207686839     
          56  0.82057475624215426     
          57  0.38209421594756460     
          58  0.65158815496188260     
          59  0.45250608199875836     
          60  0.60250774359916137     
          61  0.49716498430050454     
          62  0.48937351289623909     
          63  0.65286025544062842     
          64  0.56005574217159360     
          65  0.46591868282109289     
          66   1.1150144596073979     
          67   1.1851433225902874     
          68  0.49274874165248417     
          69  0.50266629599602197     
          70  0.17458076571575309     
          71  0.78852235391215053     
          72   1.3301578409816941     
          73  0.70146738127982500     
          74  0.14938248741142265     
          75  0.37125270536866278     
          76   1.5381302861842194     
          77   1.7001509313235426     
          78   1.9478608231355166     
          79  0.58750468658232280     
          80  0.39746455566690092     
          81   1.1744155890526360     
          82  0.68859941286221849     
          83   1.1070032568569699     
          84  0.61407431267349322     
          85  0.52942177788160261     
          86  0.77832567118313223     
          87  0.36286057466813820     
          88  0.94067347633432585     
          89   1.4012220566928386     
          90   1.7355648819796288     
          91   2.2232002464846410     
          92   1.3234245490764831     
          93   2.2027435071525154     
          94   1.4004167747109095     
          95  0.47921337423106553     
          96  0.85326153391174131     
          97   1.3587227115121330     
          98  0.88920189371225067     
          99  0.89585470868757788     
         100   1.4083415521735532     
         101  0.71453611866243794     
         102  0.29152678950552463     
         103  0.81125894888883843     
         104   1.4409302596727946     
         105  0.46808754780532597     
         106  0.59750722476567797     
         107  0.48613682635800848     
         108  0.96345788710987634     
         109   1.2267961167327999     
         110   1.4563392979037229     
         111   1.3885443252626009     
         112  0.46643230053511142     
         113  0.96970631533743379     
         114   1.0437350302788084     
         115   1.0587383750928596     
         116   1.1324426800744989     
         117   1.0693207304544106     
         118  0.43522106764461549     
         119  0.46740159806211790     
         120  0.48449121959900771     
         121   1.0588182221491180     
         122   1.0472318389856898     
         123  0.88652170543331765     
         124  0.25893618557999359     
         125  0.91938811251365216     
         126  0.26338978672918245     
         127  0.27997324709660210     
         128  0.41208811536550155     
         129  0.49911277736206117     
         130  0.48113444469302302     
         131   1.1027928843290464     
         132   1.7889307498573264     
         133   1.0107628540884019     
         134   1.3160695008026873     
         135   2.2209523228593011     
         136   1.3881056793160038     
         137  0.78336622960488222     
         138   1.4788413687726418     
         139  0.76560685822081032     
         140   6.9141671885969078E-002
         141   6.7807520318863557E-002
         142   1.0249889957489282     
         143  0.97449870298550467     
         144   1.6977908610341763     
         145  0.45098773232983114     
         146  0.96681090893106680     
         147  0.78646107829350853     
         148   5.7977865812895012E-002
         149  0.80310781277862997     
         150  0.34657171079529742     
         151  0.41274155506278026     
         152  0.38551527889836007     
         153  0.31020001260701374     
         154  0.51169717266810655     
         155  0.72968146161023673     
         156   5.0451652277121346E-002
         157   9.0383139839435023E-002
         158   4.8927197579107788E-002
         159   9.3448303393798421E-002
         160   5.1944292562125405E-002
         161  0.11676143304932084     
         162   7.5319848585928800E-002
         163   1.3304350647239358     
         164   9.1861035194490653E-002
 time     63.000000000000000     
         164  !  non zeros
           1   1.4209912234950573E-002
           2  0.26949214876445804     
           3   3.3785595855123050E-003
           4  0.25038010354827295     
           5   1.7987612650150451E-002
           6  0.51796956347011580     
           7  0.49587170507716832     
           8   3.0415173293552662E-003
           9   1.0600797943989592E-002
          10   6.6567897413166884E-003
          11   3.6740006666604532E-003
          12   1.6465717373358190E-003
          13   2.3696339879959922E-003
          14   3.2258046269158947E-003
          15   2.0213882529332037E-003
          16   3.7271960940265503E-003
          17   2.3709043094963709E-003
          18   7.7544602692180258E-003
          19   1.7605767494880818E-002
          20   2.3430812966951577E-002
          21   2.0761541766932739E-003
          22   2.7883391167505224E-003
          23   7.5864049125187434E-003
          24   2.2201885256245172E-002
          25   1.8293339084713544E-002
          26   5.0102430054466277E-003
          27   3.3298237831455696E-003
          28  0.10634732500665726     
          29  0.10560473792741989     
          30   3.7172900202412781E-003
          31   7.2954584163750068E-003
          32   7.6446139079984349E-003
          33   8.3963285006817857E-003
          34   6.3604624682001417E-003
          35  0.53122114648602947     
          36  0.53283165647676778     
          37   2.4499023351755900E-002
          38   1.3112889088220466E-002
          39   3.7320113319384150E-003
          40  0.53808498308679442     
          41  0.54099233392438961     
          42   1.3947899086038898E-002
          43   4.7164945655705009E-003
          44   1.9938431459412567E-002
          45   4.1512066046179167E-003
          46   1.6224921033096040E-002
          47   4.6811160768536553E-003
          48   2.1998981234506533E-002
          49   2.6215415417516548E-002
          50   8.6521336988400650E-003
          51   7.9237229042983612E-003
          52   1.1291032183002116E-002
          53  0.69352529050779554     
          54  0.32498412270614147     
          55   1.0132485666576525     
          56   3.0937890769951265E-002
          57   5.4857937819774759E-003
          58  0.22674445009226737     
          59   5.6715616107413805E-003
          60  0.16502177904058740     
          61   6.9547687155825155E-002
          62   6.1593964760842113E-003
          63  0.16447130776969776     
          64  0.21263110730225035     
          65   5.7973165743710552E-002
          66  0.29424848172881751     
          67  0.29542640318482849     
          68   6.0833201634490873E-003
          69  0.49494835143474353     
          70   7.3642756700337281E-003
          71   9.7348438754586483E-003
          72   1.6421701740514744E-002
          73  0.49981998626486113     
          74   2.1329693286822270E-003
          75   4.5833667329464537E-003
          76  0.52390653266238585     
          77  0.52691037679073260     
          78  0.53129677285168786     
          79   7.2540029466391254E-003
          80  0.12148043394968033     
          81  0.25491592581206318     
          82   8.5012273192866458E-003
          83  0.51522457116793952     
          84  0.48540965630497823     
          85  0.38404240024106873     
          86  0.25535339183521405     
          87  0.23708207498546982     
          88   1.7634693435746140E-002
          89  0.51324881176213755     
          90  0.24863537748129419     
          91  0.70398601324185506     
          92   1.6406735997501167E-002
          93  0.61224069618536936     
          94  0.33551336956895095     
          95  0.47644621833137385     
          96  0.48845921105780027     
          97  0.52043066202429944     
          98  0.49865272758636381     
          99  0.23812925571941798     
         100  0.52140934044426901     
         101   2.1088413570461758E-002
         102   4.5450167267930379E-003
         103  0.49544184083346193     
         104  0.52204464855431676     
         105   5.0836480555282920E-002
         106  0.26826508353655304     
         107   6.1388063372123519E-003
         108  0.34508521597223413     
         109  0.18979456867035904     
         110  0.52234305320329610     
         111   1.7211552195156722E-002
         112   5.7584238466008965E-003
         113  0.25504432265763360     
         114  0.25628720449708525     
         115  0.27763275077792837     
         116  0.27886796814056136     
         117   1.3282751309225987E-002
         118  0.11642630882816184     
         119  0.24533401419183742     
         120  0.28820176043857670     
         121  0.17237629329587931     
         122  0.36059952652844407     
         123  0.49711253327044214     
         124   3.7108529222336386E-003
         125   1.1576091131941323E-002
         126   3.2531514073938666E-003
         127   3.4625499834511262E-003
         128   4.1966653355206628E-002
         129  0.30064500173016917     
         130   5.9756985244000509E-003
         131  0.17161972077890686     
         132  0.52769665080310524     
         133  0.36124220678887536     
         134  0.30519065085123104     
         135  0.53589372845502525     
         136  0.23816026022596998     
         137  0.27607044539353659     
         138  0.28782319462301431     
         139   1.2623680707195809E-002
         140   9.0329077635942754E-004
         141   1.1359070779780884E-003
         142  0.32611291817261340     
         143  0.20576745853041972     
         144  0.52686744421093457     
         145   5.5947076627141613E-003
         146  0.23932678131781635     
         147  0.11569132409021178     
         148   7.6890323541171533E-003
         149   1.6310695734890197E-002
         150   9.9627183375061684E-002
         151  0.19555134348463823     
         152   4.7639136943167073E-003
         153   3.8345625265537825E-003
         154  0.22326717458881887     
         155   9.0099355598314782E-003
         156   6.2583478480417740E-004
         157   1.1169815447098456E-003
         158   6.0413209757527626E-004
         159   1.1655283606476659E-003
         160   6.4555460604651387E-004
         161   1.4421358597516548E-003
         162   9.3140827892291883E-004
         163   1.0093848674897914     
         164   1.1345214595449549E-003
 time     127.00000000000000     
         164  !  non zeros
           1   2.2101165360055138E-004
           2  0.25697100333392892     
           3   1.1690517597573034E-005
           4  0.25651559629273041     
           5   1.7947769780326983E-004
           6  0.50027416309752570     
           7  0.49981957680130057     
           8   1.3953465637578773E-005
           9   9.2134041697667477E-005
          10   7.5949915121396386E-005
          11   1.2712805074949666E-005
          12   5.6974800599855320E-006
          13   8.1994255639999710E-006
          14   1.1161953726352576E-005
          15   6.9944230205301160E-006
          16   1.2896872297669724E-005
          17   8.2038211401258515E-006
          18   1.1946535348165887E-004
          19   2.6533623074395955E-004
          20   3.8145640100450154E-004
          21   8.0597488141448176E-006
          22   1.0769421963697632E-005
          23   1.0848202208163421E-004
          24   3.7304826601040111E-004
          25   2.6717739156976550E-004
          26   1.9350607270535008E-005
          27   1.9528047915882647E-005
          28  0.10761492844601526     
          29  0.10759640576294438     
          30   1.2862595243008874E-005
          31   2.5243800748702445E-005
          32   2.6451951238748914E-005
          33   2.9053039794746672E-005
          34   2.2009097615112732E-005
          35  0.50047349527421858     
          36  0.50049756115466371     
          37   4.1288879229825097E-004
          38   2.0395587656733802E-004
          39   1.4594888690052818E-005
          40  0.50057582576062642     
          41  0.50061898593306864     
          42   1.6194985927058111E-004
          43   2.1020755168316462E-005
          44   1.8609134514905757E-004
          45   1.8064842709364450E-005
          46   1.8671088305860896E-004
          47   2.0688644274695472E-005
          48   2.1003156141710780E-004
          49   4.2274864922440419E-004
          50   5.2644674779687658E-005
          51   4.5719290349861606E-005
          52   7.4070459830324602E-005
          53  0.67957874818186115     
          54  0.32066540960006396     
          55   1.0002031942456453     
          56   4.4239534660914779E-004
          57   2.1778037797065578E-005
          58  0.21662040307033517     
          59   1.9624889113501448E-005
          60  0.15516938499794694     
          61   6.1567276572277382E-002
          62   2.1312940351248920E-005
          63  0.15373846809529682     
          64  0.20425997210683397     
          65   5.0667408865657335E-002
          66  0.27656212232731547     
          67  0.27657970005749744     
          68   2.1049550741186771E-005
          69  0.49986762163687160     
          70   8.1003829062691786E-005
          71   3.3684580883939960E-005
          72   5.6822497372023340E-005
          73  0.49994042621791440     
          74   9.0040345167650283E-006
          75   1.5859400460022329E-005
          76  0.50036375992193893     
          77  0.50040891056972836     
          78  0.50047462612481486     
          79   2.5100369978593525E-005
          80  0.12271734339059487     
          81  0.23102018339873823     
          82   2.9416011485420922E-005
          83  0.50023257470775528     
          84  0.49948980875784249     
          85  0.39196128818730847     
          86  0.24340688372913830     
          87  0.24297691909481778     
          88   1.0210567933914092E-004
          89  0.50015319919219747     
          90  0.22121757210432039     
          91  0.67013646604875576     
          92   5.6770806389007279E-005
          93  0.57714132348314917     
          94  0.31414296700782746     
          95  0.49929725798307650     
          96  0.49950148595236232     
          97  0.50031136250944808     
          98  0.49986114524666647     
          99  0.22392865924041783     
         100  0.50032613226400646     
         101   2.0717647920886955E-004
         102   1.9884696605191816E-005
         103  0.49979566770221873     
         104  0.50033571307754454     
         105   4.3758565154786183E-002
         106  0.26024037042976672     
         107   2.1241718749651778E-005
         108  0.33060990053278760     
         109  0.16991626366099283     
         110  0.50034021130499706     
         111   5.9555642620091060E-005
         112   1.9925342030183147E-005
         113  0.23966172784586551     
         114  0.23968026949378923     
         115  0.26083352483100214     
         116  0.26085195200686806     
         117   4.5961182252361981E-005
         118  0.10968859121981070     
         119  0.23996745252577187     
         120  0.28360750753960512     
         121  0.15527815673593631     
         122  0.34522001301734573     
         123  0.49982104594189503     
         124   1.5771471847864703E-005
         125   4.1535424642167527E-005
         126   1.1263943700013406E-005
         127   1.2012670624538123E-005
         128   3.5845639410158524E-002
         129  0.29594270627483554     
         130   2.0677205179193431E-005
         131  0.15384392477274583     
         132  0.50042065403712455     
         133  0.34665216255090953     
         134  0.28426070973215783     
         135  0.50054322393566941     
         136  0.21639291596208718     
         137  0.26944718273661500     
         138  0.26962415162057257     
         139   6.8162932696538535E-005
         140   3.3639469791187599E-006
         141   6.1349056976137340E-006
         142  0.31026996701987036     
         143  0.19021300614083222     
         144  0.50040826610329114     
         145   1.9358885633259203E-005
         146  0.22394652985600086     
         147  0.10299114035337643     
         148   6.8000774802250020E-003
         149   9.8593149217015571E-005
         150   9.4050642779390958E-002
         151  0.19005980089844476     
         152   1.6484135509710054E-005
         153   1.3268387849362318E-005
         154  0.21617070277389169     
         155   3.1176248313316782E-005
         156   2.1806345614656232E-006
         157   3.8708207710213312E-006
         158   2.0908948744269398E-006
         159   4.0938314588026095E-006
         160   2.2555228319272717E-006
         161   4.9933809214137672E-006
         162   3.2307678848043692E-006
         163   1.0001440659164311     
         164   3.9279032938530114E-006
 time     255.00000000000000     
         164  !  non zeros
           1   9.8251322076888400E-007
           2  0.25677808874782132     
           3   1.0735094212647420E-008
           4  0.25677382703168156     
           5   5.0294075517052596E-007
           6  0.50000212501233698     
           7  0.49999826987614221     
           8   1.6459169567701955E-008
           9   2.4449539729922067E-007
          10   2.2664853417203224E-007
          11   1.1673833861823629E-008
          12   5.2318457771769030E-009
          13   7.5293158832670963E-009
          14   1.0249727439525571E-008
          15   6.4227943188177936E-009
          16   1.1842855344906551E-008
          17   7.5333509714198012E-009
          18   5.1686751494304273E-007
          19   1.1770073335013276E-006
          20   1.6936366138807183E-006
          21   8.3882818103120679E-009
          22   1.1187344789491336E-008
          23   4.9077873332265323E-007
          24   1.6758573484283941E-006
          25   1.1785045259722774E-006
          26   2.0101574377912974E-008
          27   3.1602864799333000E-008
          28  0.10771137059231028     
          29  0.10771121387604453     
          30   1.1811382225067823E-008
          31   2.3180716937105468E-008
          32   2.4290129692142225E-008
          33   2.6678640736229492E-008
          34   2.0210982940924103E-008
          35  0.50000366966360943     
          36  0.50000385613309317     
          37   1.8757373195546902E-006
          38   9.0669117912857528E-007
          39   1.5186715865368630E-008
          40  0.50000446252104580     
          41  0.50000479690249100     
          42   4.8265519062625352E-007
          43   2.4534624076947918E-008
          44   5.0910294855276282E-007
          45   2.0917295930492380E-008
          46   5.5422045573145033E-007
          47   2.4073156875076898E-008
          48   5.7986120290416640E-007
          49   1.8907837128810580E-006
          50   8.4978435204299024E-008
          51   7.2517015405745764E-008
          52   1.2239451949128523E-007
          53  0.67939544928718443     
          54  0.32060638107262113     
          55   1.0000015750715956     
          56   1.9121936475162001E-006
          57   2.2766108396576830E-008
          58  0.21646513118176863     
          59   1.8021018475890588E-008
          60  0.15501886354693420     
          61   6.1447168350044198E-002
          62   1.9571111442204799E-008
          63  0.15357473697803706     
          64  0.20413142550202235     
          65   5.0557818938512689E-002
          66  0.27629203077100306     
          67  0.27629216696538450     
          68   1.9329247696223085E-008
          69  0.49999881797673212     
          70   2.3405022065878449E-007
          71   3.0931650668929887E-008
          72   5.2178594467620324E-008
          73  0.49999938008960659     
          74   1.0325010826522296E-008
          75   1.4563256227748197E-008
          76  0.50000281934754931     
          77  0.50000316922073029     
          78  0.50000367842644478     
          79   2.3049008248787992E-008
          80  0.12285719857521241     
          81  0.23057515057086805     
          82   2.7011948102499170E-008
          83  0.50000180270157968     
          84  0.49999478394244828     
          85  0.39228409862329944     
          86  0.24322484007231274     
          87  0.24322083202495465     
          88   1.6178108194677114E-007
          89  0.50000110785450325     
          90  0.22080466770162968     
          91  0.66961805426579946     
          92   5.2131135348747491E-008
          93  0.57660047626884381     
          94  0.31382170566122131     
          95  0.49999310586491830     
          96  0.49999471993210520     
          97  0.50000241329803563     
          98  0.49999859082476511     
          99  0.22371177283230265     
         100  0.50000252775700227     
         101   5.7741611871419477E-007
         102   2.3065398775496184E-008
         103  0.49999803612336269     
         104  0.50000260200309454     
         105   4.3652820606345226E-002
         106  0.26011687797493116     
         107   1.9505710523865869E-008
         108  0.33038773047079378     
         109  0.16961634702554618     
         110  0.50000263686173629     
         111   5.4688377067240987E-008
         112   1.8296916464814668E-008
         113  0.23942683035505430     
         114  0.23942697401726049     
         115  0.26057700789143412     
         116  0.26057715066670056     
         117   4.2204942386488879E-008
         118  0.10958535800817587     
         119  0.23988473288943798     
         120  0.28353663532098583     
         121  0.15501970619619931     
         122  0.34498415445628261     
         123  0.49999823250254610     
         124   1.7994658643047608E-008
         125   4.0157267706430622E-008
         126   1.0351187654919604E-008
         127   1.1064435467735399E-008
         128   3.5754377843862289E-002
         129  0.29587014545983448     
         130   1.8987332582330830E-008
         131  0.15357555391076361     
         132  0.50000326021950070     
         133  0.34642829055781921     
         134  0.28394178681874244     
         135  0.50000420993050676     
         136  0.21606327840560552     
         137  0.26942847078324622     
         138  0.26942984237009848     
         139   1.0573628696628650E-007
         140   3.3247479054178443E-009
         141   9.5166560897715491E-009
         142  0.31002730321270511     
         143  0.18997643984164408     
         144  0.50000316422782765     
         145   1.7776754486201394E-008
         146  0.22371191129599799     
         147  0.10279932144855584     
         148   6.7868315691333178E-003
         149   1.5931612872468744E-007
         150   9.3965369735402662E-002
         151  0.18997525269391374     
         152   1.5136947208471701E-008
         153   1.2184010881265355E-008
         154  0.21606155667622998     
         155   2.8628327193153229E-008
         156   2.0181527843088803E-009
         157   3.5605867667746002E-009
         158   1.9205070470564765E-009
         159   3.8234373582181909E-009
         160   2.0939532067338978E-009
         161   4.5887822012476115E-009
         162   2.9750831134547682E-009
         163   1.0000011167510632     
         164   3.6092216477156752E-009
 time     511.00000000000000     
         164  !  non zeros
           1   1.1690944403482518E-009
           2  0.25677658315093649     
           3   2.5408507012183244E-012
           4  0.25677656569600105     
           5   3.7437998171546456E-010
           6  0.50000000826448066     
           7  0.49999999301800635     
           8   4.9574095130397007E-012
           9   1.7768509566271935E-010
          10   1.7350257029248648E-010
          11   2.7630376024461945E-012
          12   1.2383066927079272E-012
          13   1.7820866027469256E-012
          14   2.4259709940468326E-012
          15   1.5201880040775810E-012
          16   2.8030426942452654E-012
          17   1.7830416502288727E-012
          18   6.0542031183083462E-010
          19   1.4009342065599370E-009
          20   2.0069762552781436E-009
          21   2.2555310885723637E-012
          22   3.0053109222074984E-012
          23   5.9297812206563135E-010
          24   1.9978325088350920E-009
          25   1.4010825963767151E-009
          26   5.3999834951747847E-012
          27   1.3259139239936809E-011
          28  0.10771247184433635     
          29  0.10771247122862269     
          30   2.7955934260515563E-012
          31   5.4865602218242009E-012
          32   5.7491431224248269E-012
          33   6.3144711815887712E-012
          34   4.7836995506335647E-012
          35  0.50000001427665619     
          36  0.50000001500221902     
          37   2.2443942498023767E-009
          38   1.0788736412125524E-009
          39   4.0808961425472957E-012
          40  0.50000001736423583     
          41  0.50000001866532184     
          42   3.6841122281855841E-010
          43   7.3548664254459858E-012
          44   3.7548985094846046E-010
          45   6.2523103715112683E-012
          46   4.2230699959748356E-010
          47   7.2077974665940398E-012
          48   4.2932270922092573E-010
          49   2.2502108492739862E-009
          50   3.5490753773352823E-011
          51   3.0119716922338991E-011
          52   5.1654241126165732E-011
          53  0.67939407312827005     
          54  0.32060593396691206     
          55   1.0000000061286869     
          56   2.2558363622509845E-009
          57   6.1258272406826658E-012
          58  0.21646392305090112     
          59   4.2653298167788602E-012
          60  0.15501769245136446     
          61   6.1446234104246093E-002
          62   4.6322157259656637E-012
          63  0.15357346313791354     
          64  0.20413042529279371     
          65   5.0556966553364238E-002
          66  0.27628992939570041     
          67  0.27628992992563428     
          68   4.5749698689285409E-012
          69  0.49999999528146027     
          70   1.7634169622805075E-010
          71   7.3211007795307090E-012
          72   1.2349963239566257E-011
          73  0.49999999746798701     
          74   3.0744604143543588E-012
          75   3.4469245665064447E-012
          76  0.50000001096631796     
          77  0.50000001232768121     
          78  0.50000001430902363     
          79   5.4553865677604982E-012
          80  0.12285882075048708     
          81  0.23057131969639266     
          82   6.3933604974605866E-012
          83  0.50000000701439351     
          84  0.49999997820633679     
          85  0.39228750903494514     
          86  0.24322342824119647     
          87  0.24322341184001137     
          88   6.7001923842458619E-011
          89  0.50000000427383418     
          90  0.22080145623555203     
          91  0.66961402083963328     
          92   1.2338730260058595E-011
          93  0.57659626135179487     
          94  0.31381921362209408     
          95  0.49999997147578473     
          96  0.49999997776964134     
          97  0.50000000938674605     
          98  0.49999999426645092     
          99  0.22371008540211698     
         100  0.50000000983338111     
         101   4.2890800211336530E-010
         102   6.8990040572037490E-012
         103  0.49999999207223883     
         104  0.50000001012236406     
         105   4.3651998183299873E-002
         106  0.26011591705596088     
         107   4.6167362186665137E-012
         108  0.33038600166722526     
         109  0.16961401419629851     
         110  0.50000001025797169     
         111   1.2943994572128065E-011
         112   4.3306311159324659E-012
         113  0.23942500279940995     
         114  0.23942500335840139     
         115  0.26057501213322132     
         116  0.26057501268876160     
         117   9.9893354760920651E-012
         118  0.10958455436251915     
         119  0.23988408921238683     
         120  0.28353608382303452     
         121  0.15501769573013566     
         122  0.34498231929220580     
         123  0.49999999283625685     
         124   5.3446464166958351E-012
         125   1.0033951527144733E-011
         126   2.4513947017458846E-012
         127   2.6258806967398463E-012
         128   3.5753668084779922E-002
         129  0.29586958082029718     
         130   4.4940432147528704E-012
         131  0.15357346631662608     
         132  0.50000001268603089     
         133  0.34642654864277406     
         134  0.28393930561329911     
         135  0.50000001638145486     
         136  0.21606071409612790     
         137  0.26942869439509909     
         138  0.26942869973200506     
         139   4.3466637851264684E-011
         140   8.5250075392577635E-013
         141   3.9121550536914011E-012
         142  0.31002541514198501     
         143  0.18997459942282102     
         144  0.50000001231256885     
         145   4.2075158547222310E-012
         146  0.22371008594088085     
         147  0.10279782871947207     
         148   6.7867287364490325E-003
         149   6.6731563935941799E-011
         150   9.3964706279024660E-002
         151  0.18997459480358736     
         152   3.5827093984548410E-012
         153   2.8837895576959437E-012
         154  0.21606070739681479     
         155   6.7759354303321243E-012
         156   4.8150173695624518E-013
         157   8.4420838937522387E-013
         158   4.5467653805826851E-013
         159   9.2068403969985148E-013
         160   5.0116856770530033E-013
         161   1.0869438838604768E-012
         162   7.0617044489762390E-013
         163   1.0000000043453370     
         164   8.5481048867348863E-013
 time     1023.0000000000000     
         108  !  non zeros
           1   3.6014967345832406E-013
           2  0.25677657727793501     
           4  0.25677657724364039     
           5   7.1636701371409174E-014
           6  0.50000000001611189     
           7  0.49999999998634403     
           9   3.3066881680710446E-014
          10   3.4178513803029903E-014
          18   1.8355783531280377E-013
          19   4.3163777104806465E-013
          20   6.1558442002410585E-013
          23   1.8546023139386239E-013
          24   6.1654233449933655E-013
          25   4.3113872294922387E-013
          27   1.4195477463257239E-015
          28  0.10771247655982569     
          29  0.10771247655862487     
          35  0.50000000002783029     
          36  0.50000000002924472     
          37   6.9503258758806293E-013
          38   3.3235637445261993E-013
          40  0.50000000003384859     
          41  0.50000000003638478     
          42   7.2317318315007070E-014
          44   7.1116672051737736E-014
          46   8.2744771717462306E-014
          48   8.1657559064847377E-014
          49   6.9311000248472935E-013
          50   3.7823531860284788E-015
          51   3.1924282260975836E-015
          52   5.5943446648466321E-015
          53  0.67939406778449407     
          54  0.32060593222933426     
          55   1.0000000000119469     
          56   6.8897737304202982E-013
          58  0.21646391834067408     
          60  0.15501768788557732     
          61   6.1446230461928458E-002
          63  0.15357345817156043     
          64  0.20413042139318391     
          65   5.0556963230197587E-002
          66  0.27628992120442025     
          67  0.27628992120545315     
          69  0.49999999999077921     
          70   3.4234116235471655E-014
          73  0.49999999999504158     
          76  0.50000000002137546     
          77  0.50000000002402889     
          78  0.50000000002789136     
          80  0.12285882770886505     
          81  0.23057130432198197     
          83  0.50000000001367317     
          84  0.49999999995705663     
          85  0.39228752340244200     
          86  0.24322342274427375     
          87  0.24322342271205385     
          88   7.0740082438043396E-015
          89  0.50000000000832601     
          90  0.22080144371622631     
          91  0.66961400511553615     
          93  0.57659624491761530     
          94  0.31381920391005103     
          95  0.49999999994387900     
          96  0.49999999995614941     
          97  0.50000000001829603     
          98  0.49999999998877753     
          99  0.22371007882442595     
         100  0.50000000001916944     
         101   8.1868752755084462E-014
         103  0.49999999998449307     
         104  0.50000000001973255     
         105   4.3651994976952747E-002
         106  0.26011591330948219     
         108  0.33038599492833703     
         109  0.16961400510258623     
         110  0.50000000001999645     
         113  0.23942499567548287     
         114  0.23942499567657249     
         115  0.26057500435362640     
         116  0.26057500435470932     
         118  0.10958455122951972     
         119  0.23988408670273734     
         120  0.28353608167272576     
         121  0.15501768789196863     
         122  0.34498231213731484     
         123  0.49999999998598244     
         128   3.5753665317672795E-002
         129  0.29586957861873309     
         131  0.15357345817775678     
         132  0.50000000002472922     
         133  0.34642654185140470     
         134  0.28393929593975886     
         135  0.50000000003193401     
         136  0.21606070409866238     
         137  0.26942869570548833     
         138  0.26942869571589151     
         139   4.5353815544201277E-015
         142  0.31002540778083565     
         143  0.18997459224755681     
         144  0.50000000002400202     
         146  0.22371007882547614     
         147  0.10279782289990837     
         148   6.7867283356413130E-003
         149   7.1398671632118633E-015
         150   9.3964703692374529E-002
         151  0.18997459223855248     
         154  0.21606070408560324     
         163   1.0000000000084706     
 time     1023.0000000000000     
