75
124 3  
0.0 0.0
1.0 0.0
1.0 1.0
0.0 1.0
0.125 0.25
0.375 0.25
0.375 0.75
0.125 0.75
0.625 0.25
0.875 0.25
0.875 0.75
0.625 0.75
1.0 0.5
0.0 0.5
0.5 0.0
0.125 0.5
0.0 0.75
0.0 0.25
0.25 1.0
0.125 0.625
0.25 0.0
0.0625 0.375
0.5 1.0
0.3125 0.875
0.0625 0.125
0.125 0.0
0.203125 0.1328125
0.34563577586206895 0.10843211206896551
0.25 0.25
0.375 0.5
0.1875 0.375
0.25 0.484375
0.375 0.375
0.2958984375 0.625
0.25 0.75
0.0625 0.875
0.5 0.8054855510752688
0.0 0.625
1.0 0.25
0.875 0.5
0.75 0.0
0.875 0.375
1.0 0.75
0.6875 0.125
0.75 1.0
0.9375 0.625
0.9375 0.875
0.875 1.0
0.796875 0.8671875
0.654364224137931 0.8915678879310345
0.75 0.75
0.625 0.5
0.8125 0.625
0.75 0.515625
0.6794181034482758 0.6285021551724138
0.625 0.375
0.75 0.25
0.5469481325013864 0.9027427755376344
0.9375 0.125
0.5 0.19451444892473116
0.4530518674986136 0.09725722446236557
1.0 0.375
0.125 1.0
0.1875 0.890625
0.375 1.0
0.42689479948695364 0.8959276002565232
0.5 0.375
0.5 0.5
0.5625 0.625
0.75 0.375
0.4270833333333333 0.625
0.875 0.0
0.8125 0.109375
0.625 0.0
0.5731052005130464 0.10407239974347679
26 27 25 0
39 10 59 1
5 31 16 2
35 20 34 3
19 64 24 4
25 5 18 5
30 34 32 6
65 66 23 7
67 68 30 8
10 39 42 9
41 73 44 10
6 61 60 11
47 11 43 12
52 56 70 13
49 47 48 14
67 9 56 15
42 62 13 16
17 8 36 17
22 5 16 18
68 69 71 19
25 27 5 20
14 16 20 21
34 20 32 22
4 17 36 23
5 22 18 24
64 8 35 25
24 64 35 26
8 17 20 27
20 38 14 28
29 28 6 29
35 7 24 30
14 18 22 31
16 14 22 32
36 63 4 33
47 49 11 34
21 27 26 35
18 1 25 36
28 27 21 37
25 1 26 38
29 5 27 39
21 15 28 40
15 74 75 41
28 29 27 42
29 33 31 43
6 33 29 44
6 67 33 45
67 30 33 46
5 29 31 47
34 30 7 48
16 31 32 49
33 32 31 50
30 32 33 51
8 20 35 52
32 20 16 53
34 7 35 54
24 65 19 55
66 58 23 56
63 64 19 57
71 69 37 58
12 50 58 59
2 39 59 60
20 17 38 61
53 40 11 62
46 11 40 63
73 10 57 64
44 73 57 65
52 70 54 66
40 42 13 67
11 46 43 68
57 9 44 69
59 72 2 70
51 50 12 71
45 49 48 72
13 43 46 73
40 13 46 74
43 3 47 75
50 49 45 76
47 3 48 77
51 11 49 78
45 23 50 79
58 50 23 80
50 51 49 81
55 54 53 82
53 51 55 83
37 7 71 84
55 51 12 85
11 51 53 86
56 57 70 87
40 53 54 88
12 52 55 89
52 54 55 90
10 42 57 91
70 40 54 92
9 57 56 93
44 74 41 94
66 7 37 95
12 58 37 96
75 61 15 97
72 73 41 98
67 60 9 99
61 6 28 100
28 15 61 101
75 9 60 102
64 63 36 103
42 39 62 104
64 36 8 105
7 66 24 106
65 24 66 107
58 66 37 108
56 52 67 109
60 67 6 110
52 69 68 111
67 52 68 112
12 37 69 113
52 12 69 114
40 70 42 115
57 42 70 116
7 30 71 117
68 71 30 118
73 72 59 119
73 59 10 120
9 75 44 121
74 44 75 122
61 75 60 123
