  0.0000000000E+00    0.2652866539E-13
  0.1500000000E+00    0.1793100846E-14   0.4817004140E-15   0.1181590700E-15   0.7549770687E-15
  0.3750000000E+00    0.9448257049E-15   0.8966309401E-15   0.1090782462E-15   0.1249000927E-15   0.6134189972E-16
  0.7125000000E+00    0.2605099574E-14   0.5033509211E-15   0.9659238805E-16   0.2081668721E-15   0.7677378331E-16
  0.1218750000E+01    0.1917760144E-14   0.6854711648E-15   0.5083629695E-15   0.8092658827E-16   0.5589972802E-15
  0.1978125000E+01    0.2744093483E-14   0.7583857101E-15   0.6352102044E-16   0.2158234044E-15   0.1016018298E-15
  0.3117187500E+01    0.3507382653E-14   0.7037634388E-15   0.1096559821E-15   0.3981887350E-16   0.4393164934E-15   0.2312357150E-16
  0.4256250000E+01    0.1595294001E-14   0.3013642087E-15   0.6510787652E-16   0.5548193957E-16   0.3955169527E-15   0.6944149622E-15
  0.5015625000E+01    0.2099875423E-15   0.6019228877E-16   0.3442918036E-18   0.3122551102E-16   0.1287769174E-15
  0.5775000000E+01    0.3196228004E-15   0.5131718923E-15   0.7362029365E-16   0.6958953833E-15   0.1491862189E-15
  0.6534375000E+01    0.6359279315E-15   0.1131080640E-15   0.2526380119E-15   0.4024559049E-15   0.1341123793E-15
  0.7293750000E+01    0.5039560760E-15   0.2448306939E-15   0.2346931165E-15   0.2503628221E-14   0.3035766083E-15
  0.8053125000E+01    0.1652892074E-14   0.6863780673E-16   0.2724218306E-15   0.1029991676E-15   0.1073360151E-15
  0.8812500000E+01    0.8128693853E-15   0.1370927428E-16   0.1704049198E-15   0.1847136580E-15   0.2399802953E-15
  0.9951562500E+01    0.2297085899E-14   0.1777810378E-07   0.5940447255E-08   0.8508919038E-12   0.9126916253E-16
  0.1109062500E+02    0.9742009899E-06   0.1539893849E-05   0.3507345259E-07   0.1333332598E-09   0.7222214715E-14   0.1964925155E-15
  0.1222968750E+02    0.2752694702E-04   0.1456521004E-05   0.5082425861E-08   0.1204739283E-11   0.7560543926E-16
  0.1336875000E+02    0.1404083892E-04   0.9198279489E-07   0.5378666614E-09   0.4126529822E-13   0.1133541275E-15
  0.1450781250E+02    0.9360699825E-06   0.1274451223E-07   0.2353745384E-10   0.2330679090E-15   0.1501283748E-16
  0.1564687500E+02    0.2591584138E-06   0.2894912660E-07   0.3913147415E-12   0.8982607067E-16
  0.1735546875E+02    0.1161650233E-06   0.2589939200E-07   0.1275915987E-10   0.6657080842E-14
  0.1906406250E+02    0.6790751017E-06   0.5260701167E-08   0.8944083042E-12   0.3729079272E-15
  0.2077265625E+02    0.2528931483E-06   0.3565190613E-09   0.6466591409E-13   0.2952730577E-16
  0.2248125000E+02    0.4246223143E-07   0.4105810485E-09   0.1300696531E-13   0.8954847963E-16
  0.2418984375E+02    0.4299704326E-08   0.1126619918E-11   0.3663885074E-13
  0.2589843750E+02    0.8546859160E-09   0.1051319815E-12   0.4849171667E-14
  0.2760703125E+02    0.2697352542E-08   0.7914478444E-13   0.3735532653E-14
  0.2931562500E+02    0.3812683966E-09   0.1368034905E-15   0.3142334345E-15
  0.3102421875E+02    0.5338282681E-10   0.2819846797E-15   0.6687541132E-16
  0.3273281250E+02    0.7436232583E-11   0.4875078855E-13   0.2934461785E-14
  0.3444140625E+02    0.1024979462E-11   0.5922253048E-14   0.4994955094E-15
  0.3615000000E+02    0.1409999752E-12   0.1935309651E-14
  0.3785859375E+02    0.1952679205E-13   0.4491453251E-15
  0.3956718750E+02    0.2701229093E-14   0.1292202098E-15
  0.4127578125E+02    0.3662787705E-15   0.7803092535E-16
  0.4298437500E+02    0.9224806369E-16   0.9561436466E-16
  0.4469296875E+02    0.1696598452E-15   0.1694060288E-16
  0.4640156250E+02    0.4443341195E-16   0.1089071714E-15
  0.4811015625E+02    0.1606599612E-15   0.6391220803E-16
  0.4981875000E+02    0.1064414781E-15   0.4425503203E-16
  0.5152734375E+02    0.5822913160E-16   0.4164204935E-16
  0.5323593750E+02    0.4266506274E-16   0.1332220453E-15
  0.5494453125E+02    0.6718609141E-16
