  0.0000000000E+00    0.1887000091E-12
  0.1500000000E+00    0.1548034999E-05   0.4229726385E-07   0.1560889863E-09   0.3062039029E-14
  0.3750000000E+00    0.1801040249E-05   0.3632225341E-07   0.9654082017E-09   0.8846204949E-14   0.3611585843E-16
  0.7125000000E+00    0.1702001941E-05   0.1852584159E-06   0.5119202354E-08   0.3618352199E-13   0.1397749379E-15
  0.1218750000E+01    0.6010449890E-06   0.1714429588E-08   0.1088148969E-07   0.4557461125E-12   0.3839693364E-15
  0.1978125000E+01    0.2239589554E-05   0.2359391537E-08   0.9500770257E-07   0.1273370103E-12   0.4472247420E-14
  0.3117187500E+01    0.1173972819E-04   0.3166454296E-08   0.6119730785E-06   0.1053572536E-11   0.1875385536E-13   0.3053014336E-16
  0.4825781250E+01    0.1372915167E-04   0.4194942554E-07   0.3084085103E-08   0.7100489855E-09   0.3298452724E-11   0.5551006046E-14   0.7528744647E-16
  0.5585156250E+01    0.3168569163E-05   0.1551993449E-07   0.4023851309E-09   0.7299268084E-12   0.6519928695E-14
  0.6344531250E+01    0.4439755265E-07   0.2203284765E-07   0.1356224551E-08   0.2587625023E-11   0.2509487295E-13
  0.7103906250E+01    0.1016889097E-06   0.3340257589E-07   0.5176399866E-09   0.3002211527E-11   0.3520833607E-13
  0.7863281250E+01    0.2785834831E-07   0.1190249214E-07   0.2169766176E-09   0.1378970136E-11   0.3660083326E-14
  0.8622656250E+01    0.2496783007E-07   0.1318595071E-07   0.1090574479E-09   0.3792122852E-12   0.1389230234E-13
  0.9128906250E+01    0.1025032351E-07   0.3814091276E-08   0.2298174567E-10   0.7726245915E-14   0.2558574997E-16
  0.9888281250E+01    0.2946077318E-07   0.1286638990E-07   0.2606592690E-09   0.2185940289E-12   0.1423527455E-14
  0.1064765625E+02    0.7340119094E-07   0.3605359244E-08   0.8768504582E-10   0.2254490687E-12   0.8706971393E-14
  0.1115390625E+02    0.1176586633E-07   0.1690839379E-08   0.1222941191E-10   0.2208570713E-14   0.7874405077E-17
  0.1166015625E+02    0.8774501052E-08   0.8588600486E-09   0.5817268147E-11   0.2381713107E-14   0.4589600983E-17
  0.1216640625E+02    0.3803981829E-08   0.3451844863E-09   0.1028030541E-10   0.7946204446E-14   0.8896083103E-17
  0.1267265625E+02    0.4930869125E-08   0.2629659719E-09   0.2966013620E-10   0.2747888377E-13   0.6129564701E-16
  0.1317890625E+02    0.6422962911E-08   0.7384709488E-09   0.3127006732E-10   0.4202893521E-13   0.2451492844E-15
  0.1351640625E+02    0.2226799385E-08   0.1377909013E-09   0.5562691186E-11   0.1848750709E-14   0.3341946688E-16
  0.1385390625E+02    0.1033083606E-06   0.2047141577E-09   0.6944265843E-10   0.1029203277E-14   0.2701975980E-16
  0.1419140625E+02    0.1416345498E-08   0.1848153052E-08   0.4567745173E-10   0.2830193047E-13   0.4506185585E-16
  0.1452890625E+02    0.7228306226E-08   0.8408220314E-09   0.8716675371E-11   0.3134023762E-14   0.1319960687E-16
  0.1503515625E+02    0.4275280343E-08   0.7050656017E-09   0.8057474101E-11   0.8523517188E-14   0.1419725088E-15
  0.1554140625E+02    0.2727062138E-08   0.1303807290E-08   0.2560206561E-10   0.3808554653E-13   0.1075824541E-14
  0.1604765625E+02    0.1013162321E-07   0.6611412187E-10   0.4015844953E-09   0.2064134712E-12   0.4554653265E-14
  0.1655390625E+02    0.4923116225E-09   0.6339744964E-10   0.3949817363E-12   0.1003245855E-15   0.3523957673E-16
  0.1706015625E+02    0.4565718686E-09   0.4585306390E-09   0.3279035498E-11   0.6007580678E-13   0.5382789153E-15
  0.1781953125E+02    0.5298371936E-09   0.2097285211E-08   0.3606519102E-10   0.3561731828E-13   0.1154794418E-15
  0.1857890625E+02    0.1047375260E-07   0.1272930686E-08   0.1797137913E-10   0.1654800930E-13   0.2100298290E-15
  0.1933828125E+02    0.1468092602E-08   0.2438579021E-09   0.2697377142E-10   0.8255920045E-14   0.3258950752E-16
  0.2009765625E+02    0.3090551940E-09   0.3362994892E-08   0.6428554938E-10   0.1651187278E-13   0.2352986127E-15
  0.2085703125E+02    0.1137054968E-08   0.6827417564E-08   0.6116962280E-10   0.2120055101E-13   0.1202977694E-14
  0.2161640625E+02    0.5464040892E-07   0.1698648851E-08   0.1801784452E-10   0.1143697275E-13   0.9486176574E-15
  0.2275546875E+02    0.1385914673E-07   0.3107241489E-08   0.4093851056E-10   0.2713050643E-14   0.3840976852E-16
  0.2389453125E+02    0.1736130436E-07   0.1162116778E-09   0.3300271638E-11   0.2505374565E-13
  0.2503359375E+02    0.7651092404E-09   0.1512255062E-10   0.1988839758E-12   0.3480687249E-14
  0.2674218750E+02    0.5292810935E-08   0.3705505050E-10   0.2213140545E-13   0.2113610711E-15
  0.2845078125E+02    0.8674630554E-09   0.6542841753E-11   0.2082753507E-14   0.8100831538E-16
  0.3015937500E+02    0.3296101529E-09   0.3792243580E-12   0.3410200904E-13
  0.3186796875E+02    0.1008540240E-09   0.4863984096E-13   0.2459666650E-13
  0.3357656250E+02    0.2129431029E-10   0.1027158215E-13   0.3625617212E-14
  0.3528515625E+02    0.1193689769E-09   0.2541371937E-13   0.5014569908E-15
  0.3699375000E+02    0.2603680394E-10   0.4940532508E-14   0.6806602134E-16
  0.3870234375E+02    0.4307278879E-11   0.6043630867E-13   0.2879004590E-14
  0.4041093750E+02    0.5702987207E-12   0.1294427483E-13
  0.4211953125E+02    0.7314251825E-12   0.2746998139E-14
  0.4382812500E+02    0.4373786172E-12   0.7636736381E-15
  0.4553671875E+02    0.7838947928E-14   0.1474736933E-15
  0.4724531250E+02    0.7250150547E-13   0.9384247475E-16
  0.4895390625E+02    0.2224712097E-13   0.1448349629E-16
  0.5066250000E+02    0.2280446777E-12   0.1469309542E-15
  0.5237109375E+02    0.8435975254E-13   0.8026278868E-16
  0.5407968750E+02    0.1438847933E-13   0.1223396237E-15
  0.5578828125E+02    0.2363389320E-14
