 -0.20000000000001250     
  -1.9855594540554135E-014
  0.40000000000003250     
   1.6263149221602200E-015
  0.99999999999993949     
 -0.99999999999994149     
   1.3886432491326871E-015
  -1.5685802701322632E-014
   1.9251260668502163E-014
  0.99999999999993416     
 -0.22222222222210314     
  -2.3721045699508120E-014
   2.0363457061140337E-015
  -8.6325078206739907E-016
  0.11111111111100253     
   1.2096264554961384E-014
  -2.1559968378297629E-015
  -4.1641418134624457E-015
   2.4120074915707037E-015
  -3.9733979061244556E-014
  -5.9294447808775143E-014
  -5.6181832061448276E-015
 -0.39999999999996766     
   1.0285917372518791E-014
  0.99999999999998979     
   5.4388182357341438E-015
   5.1486074604874898E-014
  -8.8155122410198669E-015
  -7.0041157927575634E-015
  -4.1106674252266781E-014
 -0.11111111111110084     
  -1.3733498784816224E-015
  -2.4543567842334663E-015
  -1.4619254205758836E-014
  -1.9345455670554274E-012
   9.9266640610397245E-016
   1.9481352339038039E-012
   9.5762089771728231E-015
  -3.6257970524271786E-013
   4.0447481592278542E-013
 -0.33333333333320453     
  -2.6535250752187535E-015
   3.1965821331400648E-015
 -0.19999999999998269     
  -4.7526226290480175E-015
   4.4923277916626171E-014
  -5.8984449081689240E-014
  -1.5624622334298910E-016
  0.99999999999994693     
  -3.3708315828645150E-015
  -1.9507737816657848E-012
   1.9562148205560443E-014
 -0.11111111111108143     
  -2.4301875940890606E-014
  -5.3535267763555429E-015
  -7.2918979407181478E-015
 -0.11111111111110671     
  0.99999999999958589     
 -0.99999999999994360     
  -1.1828523102701548E-014
  -2.6192577069329982E-015
  0.99999999999799805     
  -3.4482601745841519E-014
   5.1113319261358792E-014
  -1.7285444131119668E-014
  0.99999999999959555     
   1.3138571153009792E-015
   1.7692568114264038E-015
  -2.1398155924058818E-014
 -0.22222222222218241     
 -0.22222222222224453     
 -0.33333333333341630     
 -0.99999999999803135     
  0.66666666666484709     
  0.66666666666676910     
  0.99999999999999967     
