           1          35  !  dimensions
 time     0.0000000000000000     
          35
           1   5.7295093491388074E-002
           2  -2.0983717799856090E-002
           3  -2.8084110357508803E-002
           4  -6.0716807385281700E-002
           5  -6.3448230486290211E-002
           6   5.2085952238259313E-002
           7   3.5549818797226886E-002
           8  -6.1714093472336730E-002
           9  -4.7426884724773286E-002
          10   2.6275039474252502E-002
          11  -5.7801009664063561E-002
          12   5.9233577465702195E-002
          13  -2.3019824102097554E-002
          14   4.1121462795718780E-002
          15  -4.3525088249370528E-002
          16  -6.5407268796796689E-002
          17  -6.4960454647079655E-002
          18   3.0746112041885435E-002
          19  -3.5763101047429885E-002
          20  -3.3405105593339521E-002
          21   6.0933127564595832E-002
          22   2.2907213123231088E-002
          23   4.1802376523914712E-002
          24   3.7951755901045173E-002
          25  -6.4199123177890116E-002
          26  -2.9689525062167182E-002
          27  -6.4601558459507449E-002
          28  -6.3064500427619186E-002
          29  -4.9365251667519060E-002
          30   6.2670454199746053E-002
          31  -5.5199181325492015E-002
          32  -6.1660593453899799E-002
          33   1.4626250335676971E-002
          34  -1.3683420136817934E-002
          35  -4.1158536585365849E-002
 time    0.15000000000000002     
          35
           1   7.1642165973396815E-002
           2  -1.2390495853875288E-002
           3  -2.0427948154997242E-002
           4  -5.7479858700243885E-002
           5  -6.0617112037571030E-002
           6   6.5849264979935651E-002
           7   4.7371335945942818E-002
           8  -5.8626165588296586E-002
           9  -4.2398853290873326E-002
          10   3.6909225014473537E-002
          11  -5.4150125957062485E-002
          12   7.3889717041789413E-002
          13  -1.4720086118107345E-002
          14   5.3719369827273440E-002
          15  -3.7961888075298808E-002
          16  -6.2868479555468218E-002
          17  -6.2354784973961873E-002
          18   4.1949805892418784E-002
          19  -2.9179826408852198E-002
          20  -2.6486156580964901E-002
          21   7.5828816919006337E-002
          22   3.3056662441243584E-002
          23   5.4483256319186033E-002
          24   5.0114951073725163E-002
          25  -6.1479489895859302E-002
          26  -2.2261750351233921E-002
          27  -6.1942095105283992E-002
          28  -6.0175785991740900E-002
          29  -4.4610763945084661E-002
          30   7.7828288087125136E-002
          31  -5.1190574052030133E-002
          32  -5.8565026592717576E-002
          33   2.3957743030761113E-002
          34  -4.3519274417339491E-003
          35  -3.5259175799665761E-002
 time    0.37500000000000006     
          35
           1   8.0047529981956078E-002
           2  -1.2931530539062323E-002
           3  -2.2493295247242508E-002
           4  -6.6826279765118179E-002
           5  -7.0660289103440632E-002
           6   7.3364481848364901E-002
           7   5.1839618118170394E-002
           8  -6.8229062653019118E-002
           9  -4.8800223176640713E-002
          10   3.9466774370332788E-002
          11  -6.2800785106193302E-002
          12   8.2836077814267814E-002
          13  -1.5753103443990012E-002
          14   5.9481334603100365E-002
          15  -4.3477108475667180E-002
          16  -7.3414651346158072E-002
          17  -7.2785707093050531E-002
          18   4.5423166549652665E-002
          19  -3.3035397752506933E-002
          20  -2.9777250605870331E-002
          21   8.5178092759737450E-002
          22   3.4802886434932588E-002
          23   6.0375258983194895E-002
          24   5.5157996264829375E-002
          25  -7.1714019360136230E-002
          26  -2.4710840690675050E-002
          27  -7.2280258099029257E-002
          28  -7.0119582252420751E-002
          29  -5.1470364290243077E-002
          30   8.7630055199509879E-002
          31  -5.9248848776048413E-002
          32  -6.8155037968181897E-002
          33   2.4506546606018701E-002
          34  -3.8031238664763640E-003
          35  -4.0209630567907190E-002
 time    0.71250000000000013     
          35
           1  0.10288341616694301     
           2  -3.7739490997385702E-003
           3  -1.5835712176810381E-002
           4  -7.2420240012157897E-002
           5  -7.7522065377080146E-002
           6   9.4897978127925123E-002
           7   6.8631177963411186E-002
           8  -7.4291791917237671E-002
           9  -4.9456820028054307E-002
          10   5.3178791110777890E-002
          11  -6.7180379920416533E-002
          12  0.10667926746686858     
          13  -7.4418868310119641E-003
          14   7.8492559636157200E-002
          15  -4.2629665151716581E-002
          16  -8.1195941117396545E-002
          17  -8.0355671917738292E-002
          18   6.0611575235974033E-002
          19  -2.9458466505323445E-002
          20  -2.5215333413270265E-002
          21  0.10972894312866811     
          22   4.7123534594468858E-002
          23   7.9583668148579603E-002
          24   7.2954142323368262E-002
          25  -7.8923829512008839E-002
          26  -1.8721432335324154E-002
          27  -7.9679911475936838E-002
          28  -7.6798651271947294E-002
          29  -5.2920677811479126E-002
          30  0.11301126194380096     
          31  -6.2624552059800220E-002
          32  -7.4195075345929756E-002
          33   3.5182300990059465E-002
          34   6.8726305175644004E-003
          35  -3.8378430037788756E-002
 time     1.2187500000000002     
          35
           1  0.13333478515976216     
           2   7.0271248691842680E-003
           3  -8.9934668484695987E-003
           4  -8.6073989448781585E-002
           5  -9.3660220320440982E-002
           6  0.12366158298594859     
           7   9.0339084812400577E-002
           8  -8.8871512975365080E-002
           9  -5.4908368775290747E-002
          10   7.0135176467893717E-002
          11  -7.8657959395618884E-002
          12  0.13911743917269284     
          13   1.9213930932975888E-003
          14  0.10403551012077246     
          15  -4.5526831894782543E-002
          16  -9.9156985390807625E-002
          17  -9.7894838426192884E-002
          18   7.9858505632673937E-002
          19  -2.7976565388143984E-002
          20  -2.1976496034985978E-002
          21  0.14347249255878736     
          22   6.1726487845154804E-002
          23  0.10538041964792279     
          24   9.6467501325439547E-002
          25  -9.5743677175648537E-002
          26  -1.3063767234377216E-002
          27  -9.6878039517046488E-002
          28  -9.2569886848810429E-002
          29  -5.9766019848378642E-002
          30  0.14840222922587809     
          31  -7.2415976451388878E-002
          32  -8.8732863798896222E-002
          33   4.7829656351805902E-002
          34   1.9519985879310840E-002
          35  -3.9527135170461414E-002
 time     1.9781250000000004     
          35
           1  0.17356396807719168     
           2   2.3141761776033304E-002
           3   1.7599001477999507E-003
           4 -0.10648951826335390     
           5 -0.11931449822747141     
           6  0.16222547581607069     
           7  0.11971895335902513     
           8 -0.11125887427771750     
           9  -6.3033233989752968E-002
          10   9.3256912897190541E-002
          11  -9.5325011173180318E-002
          12  0.18319822582683185     
          13   1.5926376112419482E-002
          14  0.13949563543144516     
          15  -4.9652734873819271E-002
          16 -0.12879629237980508     
          17 -0.12659424903301766     
          18  0.10607728574568201     
          19  -2.5887003116120813E-002
          20  -1.6937618183543848E-002
          21  0.19004192316713311     
          22   8.1360430525986849E-002
          23  0.14096655815376036     
          24  0.12898410781699154     
          25 -0.12283686876561133     
          26  -4.2619955044774357E-003
          27 -0.12481137070438374     
          28 -0.11739389940454865     
          29  -7.0137519898386250E-002
          30  0.19850886024856532     
          31  -8.6618446403013125E-002
          32 -0.11103517848672340     
          33   6.5686056386432823E-002
          34   3.7376385913937750E-002
          35  -4.0743246174186981E-002
 time     3.1171875000000004     
          35
           1  0.21525076786359906     
           2   4.3938287396301082E-002
           3   1.7750733276008977E-002
           4 -0.12520056595871829     
           5 -0.14884758557237077     
           6  0.20286143647005134     
           7  0.15210118626052052     
           8 -0.13395750957618677     
           9  -6.8632326347873640E-002
          10  0.11999458666383202     
          11 -0.10882781907915151     
          12  0.23077271700238497     
          13   3.4851791499575097E-002
          14  0.17873204987212563     
          15  -5.0287871781645628E-002
          16 -0.16774404864376119     
          17 -0.16318459344547726     
          18  0.13599257000932849     
          19  -2.0165311375279982E-002
          20  -7.6605464403781427E-003
          21  0.24184857487728995     
          22  0.10451064624417279     
          23  0.17972391447842301     
          24  0.16571139758043280     
          25 -0.15533788496684792     
          26   9.5215246368178345E-003
          27 -0.15942821908076954     
          28 -0.14473719482038916     
          29  -7.8013320331701427E-002
          30  0.25803887301159223     
          31  -9.8276125092869690E-002
          32 -0.13341778576398086     
          33   8.7715301686195860E-002
          34   5.9405631213700794E-002
          35  -3.7977325512257180E-002
 time     4.2562500000000005     
          35
           1  0.23321075048600132     
           2   5.4349349752773057E-002
           3   2.6621676897720818E-002
           4 -0.13282991894940344     
           5 -0.16897954521342112     
           6  0.22046559153137518     
           7  0.16713076195894980     
           8 -0.14581519021816541     
           9  -7.0878484645144804E-002
          10  0.13310086478212835     
          11 -0.11268793481410233     
          12  0.25316169157037005     
          13   4.5156377698557307E-002
          14  0.19674490008607462     
          15  -4.8735047104161433E-002
          16 -0.20288332511837545     
          17 -0.19401440743346818     
          18  0.15128294282517815     
          19  -1.5686014059748843E-002
          20  -2.1623822298980633E-003
          21  0.26729657604834883     
          22  0.11617905014749103     
          23  0.19717024024851759     
          24  0.18334804909691102     
          25 -0.17829857907541974     
          26   1.7859025530126676E-002
          27 -0.18639776792856777     
          28 -0.16039296866964481     
          29  -8.0037592578998007E-002
          30  0.29386873268135583     
          31 -0.10343311291847748     
          32 -0.14403231811565900     
          33   9.8862688625457759E-002
          34   7.0553018152962693E-002
          35  -3.5466164797957181E-002
 time     5.0156250000000009     
          35
           1  0.23414649610516036     
           2   5.5062840718900906E-002
           3   2.7513372877598245E-002
           4 -0.13439765600340331     
           5 -0.17835407705263406     
           6  0.22132599491191024     
           7  0.16819303183977280     
           8 -0.15003759788305399     
           9  -7.2343062765033758E-002
          10  0.13436436869271012     
          11 -0.11281525857945759     
          12  0.25617455385026955     
          13   4.6545339627590568E-002
          14  0.19821969334517706     
          15  -4.8204367141952566E-002
          16 -0.22582870408997457     
          17 -0.21237130500525259     
          18  0.15368917627309336     
          19  -1.4468015624657686E-002
          20  -1.8722162075702257E-003
          21  0.27065032325318006     
          22  0.11754022790128699     
          23  0.19841241146510086     
          24  0.18517018370776125     
          25 -0.18791836827291081     
          26   1.9267868383679082E-002
          27 -0.20024295640025619     
          28 -0.16488882614716738     
          29  -8.0148969742919920E-002
          30  0.30470858282152025     
          31 -0.10584941989730441     
          32 -0.14667868092149100     
          33   9.9882140513424339E-002
          34   7.1572470040929287E-002
          35  -3.5506854902121104E-002
 time     5.7750000000000012     
          35
           1  0.23263995001914095     
           2   5.6227572118220610E-002
           3   2.9634851007807741E-002
           4 -0.12964998573889283     
           5 -0.17855472508209705     
           6  0.21982953266598784     
           7  0.16786250315949872     
           8 -0.14767261312988422     
           9  -6.8905343132843661E-002
          10  0.13506456544077552     
          11 -0.10764192022406045     
          12  0.25602098600356105     
          13   4.8596848132215591E-002
          14  0.19738201800442856     
          15  -4.3927958801177135E-002
          16 -0.23829762210096814     
          17 -0.22009615930806350     
          18  0.15500341371147461     
          19  -1.0168656860455356E-002
          20   7.4568479605733467E-004
          21  0.26947080342453456     
          22  0.11900758194212818     
          23  0.19750773584044257     
          24  0.18490079468627743     
          25 -0.18629801698997250     
          26   2.2143735007342270E-002
          27 -0.20226775767214511     
          28 -0.16020881567484641     
          29  -7.5299641202290588E-002
          30  0.30916585514172346     
          31 -0.10282040100770180     
          32 -0.14191909438659461     
          33  0.10095790022889076     
          34   7.2648229756395691E-002
          35  -3.2002324176451803E-002
 time     6.5343750000000016     
          35
           1  0.22394393477487576     
           2   5.1514768025059464E-002
           3   2.6226501597325969E-002
           4 -0.12858420748310934     
           5 -0.17956019069086471     
           6  0.21116849331391710     
           7  0.16068309512684048     
           8 -0.14907898893779781     
           9  -6.9086583773248625E-002
          10  0.12927183433185285     
          11 -0.10666036484074279     
          12  0.24800057266269762     
          13   4.4658753525864549E-002
          14  0.18928213483715944     
          15  -4.4456392119893121E-002
          16 -0.24654196268308354     
          17 -0.22497524696623758     
          18  0.14920283701430007     
          19  -1.0969430596847409E-002
          20  -1.5604600807336572E-003
          21  0.26027269405915265     
          22  0.11412956580704307     
          23  0.18948097523533913     
          24  0.17738729468879286     
          25 -0.18472359639970426     
          26   1.9393787142904045E-002
          27 -0.20131822983150252     
          28 -0.15761129989220593     
          29  -7.4463543890697884E-002
          30  0.30318047026326628     
          31 -0.10297391472903401     
          32 -0.13997865873399515     
          33   9.5775270764878753E-002
          34   6.7465600292383687E-002
          35  -3.2725658096196632E-002
 time     7.2937500000000020     
          35
           1  0.23809788254330061     
           2   6.9888419748547148E-002
           3   4.5875290871970946E-002
           4 -0.10473966721096620     
           5 -0.15613837038730077     
           6  0.22531332171013527     
           7  0.17629663555711361     
           8 -0.12786585197086159     
           9  -4.5824644856167732E-002
          10  0.14631566605694860     
          11  -8.2968693549309885E-002
          12  0.26202018391927595     
          13   6.3620712952955211E-002
          14  0.20385287658440621     
          15  -2.2118100594130104E-002
          16 -0.22392795634958487     
          17 -0.19969317624808908     
          18  0.16576078032043473     
          19   1.0996891453649692E-002
          20   1.9382776179857918E-002
          21  0.27388682645018037     
          22  0.13194597312727988     
          23  0.20421584007620366     
          24  0.19247050320555698     
          25 -0.15851656024185412     
          26   3.9567813317466873E-002
          27 -0.17305281289429814     
          28 -0.13133687808072242     
          29  -5.0507246287133559E-002
          30  0.31753127404774628     
          31  -7.9314317101483886E-002
          32 -0.11451264763988056     
          33  0.11353236403671334     
          34   8.5222693564218271E-002
          35  -1.0058740021784449E-002
 time     8.0531250000000014     
          35
           1  0.22557705971892650     
           2   6.1324098649246456E-002
           3   3.8355305654472600E-002
           4 -0.10949645732205454     
           5 -0.16141857566103268     
           6  0.21267935315494868     
           7  0.16496440421452954     
           8 -0.13491501588708960     
           9  -5.0165689834264164E-002
          10  0.13629564236852881     
          11  -8.7653004315351349E-002
          12  0.24863331264885122     
          13   5.5476266060206468E-002
          14  0.19152015811534179     
          15  -2.7438296804638468E-002
          16 -0.22502038148259829     
          17 -0.19747227439160064     
          18  0.15497712886813034     
          19   5.2747700511702692E-003
          20   1.3023076788054177E-002
          21  0.26115735233810616     
          22  0.12256112147212714     
          23  0.19208760612131942     
          24  0.18054457947368371     
          25 -0.15999416187714291     
          26   3.2445624357266979E-002
          27 -0.17166741254767612     
          28 -0.13290973272460987     
          29  -5.4463964143719817E-002
          30  0.30335544007109622     
          31  -8.3077559184827870E-002
          32 -0.11685774678065516     
          33  0.10439949045152175     
          34   7.6089819979026682E-002
          35  -1.4940821371475314E-002
 time     8.8125000000000018     
          35
           1  0.22010680634942348     
           2   5.9387572007668914E-002
           3   3.7190429296782956E-002
           4 -0.10948166472881339     
           5 -0.16313501436150707     
           6  0.20698098125003772     
           7  0.16035218565528961     
           8 -0.13615971638035759     
           9  -4.8782403826460485E-002
          10  0.13281982307591636     
          11  -8.7224077253958227E-002
          12  0.24190100498841241     
          13   5.3828171609073161E-002
          14  0.18602479783375092     
          15  -2.6888492029860156E-002
          16 -0.21936934874246025     
          17 -0.18920990122178097     
          18  0.15061306012438599     
          19   5.3979478619398773E-003
          20   1.2755685308149578E-002
          21  0.25590950307060129     
          22  0.11966409462879407     
          23  0.18680148182457876     
          24  0.17535103898635920     
          25 -0.15618835744018170     
          26   3.1565587729554964E-002
          27 -0.16539323593951674     
          28 -0.12921650735043960     
          29  -5.2973259453951954E-002
          30  0.29525030332084873     
          31  -8.1093746950948412E-002
          32 -0.11380769240251166     
          33  0.10201834949065985     
          34   7.3708679018164788E-002
          35  -1.4092378578478578E-002
 time     9.9515625000000014     
          35
           1  0.21313203903041403     
           2   5.6551603188064098E-002
           3   3.5045712656485858E-002
           4 -0.11075848808875301     
           5 -0.16731905036560207     
           6  0.19960063167222228     
           7  0.15413005091308710     
           8 -0.13748888350854335     
           9  -4.7977072500382946E-002
          10  0.12784911732080254     
          11  -8.7776638156231601E-002
          12  0.23318376101688704     
          13   5.1247541483664900E-002
          14  0.17881173169053707     
          15  -2.7071110193179430E-002
          16 -0.21243962098493355     
          17 -0.18183698887422850     
          18  0.14441829771432163     
          19   4.3831983466642724E-003
          20   1.1523222974644030E-002
          21  0.24970310268646448     
          22  0.11547691620879914     
          23  0.17985108505618005     
          24  0.16841346752072955     
          25 -0.15235084767760407     
          26   2.9709766278904062E-002
          27 -0.16006449655022714     
          28 -0.12602647154358124     
          29  -5.2255140274100567E-002
          30  0.28456387297892038     
          31  -7.9322022931469338E-002
          32 -0.11112382586275381     
          33   9.8769979104843808E-002
          34   7.0460308632348742E-002
          35  -1.4240668271167982E-002
 time     11.090625000000001     
          35
           1  0.20580490790042424     
           2   5.2028970401904052E-002
           3   3.0909400397365370E-002
           4 -0.11302935821323883     
           5 -0.17072443816105135     
           6  0.19193935068798681     
           7  0.14720840597877691     
           8 -0.13936190060842357     
           9  -4.9128800824465475E-002
          10  0.12175389285816597     
          11  -8.9689968453510391E-002
          12  0.22464561087664039     
          13   4.6895015331339461E-002
          14  0.17123876985588460     
          15  -2.9288191370882181E-002
          16 -0.20835659725798900     
          17 -0.17918572316763515     
          18  0.13741913385090895     
          19   8.7024026231287876E-004
          20   8.0810851231900935E-003
          21  0.24311065012884223     
          22  0.10995279080608733     
          23  0.17246129724722645     
          24  0.16099742867400019     
          25 -0.15069518700169607     
          26   2.5820388236922343E-002
          27 -0.15841633107183464     
          28 -0.12525001046866316     
          29  -5.3595213919735776E-002
          30  0.27467376466542431     
          31  -7.9120518352717439E-002
          32 -0.11050244583005273     
          33   9.4012357539644598E-002
          34   6.5702687067149532E-002
          35  -1.6882934261844333E-002
 time     12.229687500000001     
          35
           1  0.20287066912778962     
           2   5.0832277632511531E-002
           3   2.9921484618119797E-002
           4 -0.11115405975438691     
           5 -0.16830475281879892     
           6  0.18879251043520642     
           7  0.14450028118100508     
           8 -0.13731945186250258     
           9  -4.7124010323877398E-002
          10  0.11954731199751235     
          11  -8.7852177998205952E-002
          12  0.22100192243279546     
          13   4.5824205144580125E-002
          14  0.16813723525167415     
          15  -2.8397631542583669E-002
          16 -0.20230805127275353     
          17 -0.17486668588609838     
          18  0.13462839031534862     
          19   2.1693764124186069E-004
          20   7.6738259732010818E-003
          21  0.24066221531897083     
          22  0.10811275560817518     
          23  0.16947462504132416     
          24  0.15798150576127001     
          25 -0.14626108633110080     
          26   2.5065227823602401E-002
          27 -0.15452546894284794     
          28 -0.12158785140230272     
          29  -5.1733089913671412E-002
          30  0.27024726547077160     
          31  -7.5552543999706456E-002
          32 -0.10681310525781353     
          33   9.2687269544808798E-002
          34   6.4377599072313732E-002
          35  -1.6644807962018535E-002
 time     13.368750000000000     
          35
           1  0.20158813171043427     
           2   5.0564548232791509E-002
           3   2.9763604069006175E-002
           4 -0.10858651746215227     
           5 -0.16472475700691949     
           6  0.18739232395449901     
           7  0.14334751011460942     
           8 -0.13477168954475613     
           9  -4.4856804545871695E-002
          10  0.11868266648801042     
          11  -8.5469867088808840E-002
          12  0.21934102343247744     
          13   4.5646098007407925E-002
          14  0.16675979966068857     
          15  -2.7051206561691542E-002
          16 -0.19729576731314558     
          17 -0.17117844572609922     
          18  0.13341414917650696     
          19   2.3433819027128669E-004
          20   7.9553860331767270E-003
          21  0.23964920250723440     
          22  0.10746446138249990     
          23  0.16816460447781031     
          24  0.15664925475303401     
          25 -0.14221019447275121     
          26   2.5096004624179741E-002
          27 -0.15100940611554831     
          28 -0.11807315178430673     
          29  -4.9530135544061542E-002
          30  0.26817083216714138     
          31  -7.1951873797494445E-002
          32 -0.10322111283585764     
          33   9.2351521961321209E-002
          34   6.4041851488826157E-002
          35  -1.5886601432994977E-002
 time     14.507812500000000     
          35
           1  0.20126173473895093     
           2   5.0806140236169119E-002
           3   3.0061696302785535E-002
           4 -0.10628849622192518     
           5 -0.16157478371202857     
           6  0.18700538629513866     
           7  0.14309535473893842     
           8 -0.13254388591605432     
           9  -4.2900793439157446E-002
          10  0.11859013963184638     
          11  -8.3348391897922230E-002
          12  0.21882271647661239     
          13   4.5946290877027285E-002
          14  0.16638410745750570     
          15  -2.5731763145908429E-002
          16 -0.19365932253193743     
          17 -0.16837706597348523     
          18  0.13312211762050913     
          19   6.2218122742340278E-004
          20   8.5460356164300880E-003
          21  0.23946005532361461     
          22  0.10749237452890283     
          23  0.16782684055720354     
          24  0.15629681356754213     
          25 -0.13910694947570390     
          26   2.5524910788697171E-002
          27 -0.14827731977006509     
          28 -0.11529570891893215     
          29  -4.7595266187490916E-002
          30  0.26744169382346639     
          31  -6.9064241742385610E-002
          32 -0.10037555849043238     
          33   9.2557968531494908E-002
          34   6.4248298058999842E-002
          35  -1.4983328544102382E-002
 time     15.646875000000000     
          35
           1  0.20114911388697346     
           2   5.1000921005329776E-002
           3   3.0284993063646501E-002
           4 -0.10478951131922661     
           5 -0.15950745748825479     
           6  0.18686275675960187     
           7  0.14302432852359803     
           8 -0.13110624393706688     
           9  -4.1654989907122256E-002
          10  0.11860532937260158     
          11  -8.1973409929856730E-002
          12  0.21861534638279093     
          13   4.6176959171742908E-002
          14  0.16624697055526938     
          15  -2.4881931862756435E-002
          16 -0.19145140628327084     
          17 -0.16664418111282694     
          18  0.13302707351445942     
          19   8.9055208397225837E-004
          20   8.9472928384276632E-003
          21  0.23941450427216854     
          22  0.10757154616744967     
          23  0.16771044482058364     
          24  0.15617140849657873     
          25 -0.13718155158786863     
          26   2.5830190203758856E-002
          27 -0.14657326096368137     
          28 -0.11355294195692954     
          29  -4.6355320270827290E-002
          30  0.26712995552755725     
          31  -6.7237746534962728E-002
          32  -9.8587104101844070E-002
          33   9.2734953348092786E-002
          34   6.4425282875597720E-002
          35  -1.4393735006934813E-002
 time     17.355468750000000     
          35
           1  0.20088031593594924     
           2   5.0927406754505307E-002
           3   3.0228419232300012E-002
           4 -0.10392603441078212     
           5 -0.15822741449802047     
           6  0.18657659777389948     
           7  0.14278282740665738     
           8 -0.13029362161420915     
           9  -4.0986793201264700E-002
          10  0.11841829658348235     
          11  -8.1203383607244342E-002
          12  0.21829167447968281     
          13   4.6128524233498121E-002
          14  0.16596397639725419     
          15  -2.4495845553144088E-002
          16 -0.19014142205898893     
          17 -0.16564135071470826     
          18  0.13276901366222466     
          19   8.6059963660361160E-004
          20   9.0155471675940589E-003
          21  0.23918388029515078     
          22  0.10742470837704804     
          23  0.16744067720990097     
          24  0.15589538129473937     
          25 -0.13604598931176126     
          26   2.5832192773558429E-002
          27 -0.14558508852460050     
          28 -0.11253480397832109     
          29  -4.5688743361573345E-002
          30  0.26674559829675004     
          31  -6.6154421216650966E-002
          32  -9.7535981630039001E-002
          33   9.2650838098345872E-002
          34   6.4341167625850820E-002
          35  -1.4194401630431777E-002
 time     19.064062499999999     
          35
           1  0.20065857082300168     
           2   5.0785801762349418E-002
           3   3.0093414387075877E-002
           4 -0.10365005709335172     
           5 -0.15776464235848306     
           6  0.18634824367387004     
           7  0.14257283652500308     
           8 -0.13004184154611534     
           9  -4.0799969182932515E-002
          10  0.11823123610646830     
          11  -8.0969895404282871E-002
          12  0.21804899040074424     
          13   4.5998624432136558E-002
          14  0.16573682674724732     
          15  -2.4435685113425466E-002
          16 -0.18968212017135722     
          17 -0.16530834740756636     
          18  0.13255155855502293     
          19   7.3591363914534162E-004
          20   8.9355121653100934E-003
          21  0.23897646865402630     
          22  0.10725305896581611     
          23  0.16721917793422378     
          24  0.15567094551866575     
          25 -0.13565648299734961     
          26   2.5723902530684697E-002
          27 -0.14525724343229848     
          28 -0.11219354887286921     
          29  -4.5502695162258147E-002
          30  0.26647967866747985     
          31  -6.5783132030095046E-002
          32  -9.7180193718842622E-002
          33   9.2505094649233816E-002
          34   6.4195424176738694E-002
          35  -1.4217040972412019E-002
 time     20.772656249999997     
          35
           1  0.20054110680307208     
           2   5.0700456095102209E-002
           3   3.0010608245014191E-002
           4 -0.10355767864035716     
           5 -0.15759275874931725     
           6  0.18622828533417377     
           7  0.14246037161264463     
           8 -0.12996009926502136     
           9  -4.0745492928371263E-002
          10  0.11812840534320330     
          11  -8.0895714661304588E-002
          12  0.21792360069744218     
          13   4.5918699631636653E-002
          14  0.16561732354474690     
          15  -2.4436018858644222E-002
          16 -0.18951548809454183     
          17 -0.16519210185574873     
          18  0.13243577996395947     
          19   6.5706073598308524E-004
          20   8.8759840564866053E-003
          21  0.23886435486769209     
          22  0.10715568806990605     
          23  0.16710209342878726     
          24  0.15555248644095659     
          25 -0.13551724097121792     
          26   2.5652925391509398E-002
          27 -0.14514285919178460     
          28 -0.11207357251589127     
          29  -4.5448926461879126E-002
          30  0.26634546812620236     
          31  -6.5650247873729486E-002
          32  -9.7054152705220498E-002
          33   9.2418154318973073E-002
          34   6.4108483846477979E-002
          35  -1.4252397593331727E-002
 time     22.481249999999996     
          35
           1  0.20048705863899588     
           2   5.0659038159058978E-002
           3   2.9970158038008461E-002
           4 -0.10352601499348069     
           5 -0.15752847249416546     
           6  0.18617330081767752     
           7  0.14240845093045787     
           8 -0.12993288788545906     
           9  -4.0729176009205559E-002
          10  0.11808057461792737     
          11  -8.0871538941872809E-002
          12  0.21786656953930619     
          13   4.5879816582036499E-002
          14  0.16556251008346959     
          15  -2.4442825421055615E-002
          16 -0.18945420996038204     
          17 -0.16515052417661055     
          18  0.13238238431334642     
          19   6.1811182590365229E-004
          20   8.8450975996783743E-003
          21  0.23881229813775651     
          22  0.10710954611505781     
          23  0.16704833217340895     
          24  0.15549807085452877     
          25 -0.13546655717788084     
          26   2.5617643132275485E-002
          27 -0.14510196129499114     
          28 -0.11203043061730461     
          29  -4.5433171105777596E-002
          30  0.26628510938913502     
          31  -6.5601794118925291E-002
          32  -9.7008565027680169E-002
          33   9.2376128055491599E-002
          34   6.4066457582996533E-002
          35  -1.4273419660936487E-002
 time     24.189843749999994     
          35
           1  0.20047157478461958     
           2   5.0648447876617333E-002
           3   2.9959933793589182E-002
           4 -0.10350732607179113     
           5 -0.15749674930990643     
           6  0.18615746679190273     
           7  0.14239388650704018     
           8 -0.12991600201551304     
           9  -4.0716465024273896E-002
          10  0.11806778896320935     
          11  -8.0855845585851502E-002
          12  0.21784996778009960     
          13   4.5870441956321936E-002
          14  0.16554674007826925     
          15  -2.4439735136660978E-002
          16 -0.18942388536312002     
          17 -0.16512779301022237     
          18  0.13236715017088455     
          19   6.0845394369653868E-004
          20   8.8387139978785712E-003
          21  0.23879755424946120     
          22  0.10709712688127948     
          23  0.16703303411660445     
          24  0.15548245134558528     
          25 -0.13544028572898950     
          26   2.5609682757617578E-002
          27 -0.14507947976807806     
          28 -0.11200706972207652     
          29  -4.5420851129244849E-002
          30  0.26626725840382187     
          31  -6.5576310008957334E-002
          32  -9.6984240373779687E-002
          33   9.2365307492192655E-002
          34   6.4055637019697589E-002
          35  -1.4275879250434300E-002
 time     25.898437499999993     
          35
           1  0.20046398299019266     
           2   5.0642730531711110E-002
           3   2.9954354112927521E-002
           4 -0.10350154241112240     
           5 -0.15748585910336754     
           6  0.18614974441733784     
           7  0.14238670426613115     
           8 -0.12991093156228220     
           9  -4.0712925315250240E-002
          10  0.11806141002746477     
          11  -8.0851236181508052E-002
          12  0.21784195843628157     
          13   4.5865329383425239E-002
          14  0.16553904158798366     
          15  -2.4440190986933216E-002
          16 -0.18941358957664420     
          17 -0.16512039356601474     
          18  0.13235965309980269     
          19   6.0308684206817904E-004
          20   8.8346517679071170E-003
          21  0.23879023705910427     
          22  0.10709070935081168     
          23  0.16702555660116908     
          24  0.15547480945741016     
          25 -0.13543152764754901     
          26   2.5605113640953830E-002
          27 -0.14507217223182012     
          28 -0.11199942301166356     
          29  -4.5417565163955773E-002
          30  0.26625878184973462     
          31  -6.5567831820666903E-002
          32  -9.6976220093395946E-002
          33   9.2359503488362332E-002
          34   6.4049833015867239E-002
          35  -1.4278413356374616E-002
 time     27.607031249999991     
          35
           1  0.20046105405725678     
           2   5.0640513333821496E-002
           3   2.9952188463763001E-002
           4 -0.10349930902919095     
           5 -0.15748165410177442     
           6  0.18614676689905965     
           7  0.14238396578082121     
           8 -0.12990897548874283     
           9  -4.0711497768373246E-002
          10  0.11805905221796872     
          11  -8.0849456283065266E-002
          12  0.21783887395165658     
          13   4.5863425917446937E-002
          14  0.16553607295838463     
          15  -2.4440441758858279E-002
          16 -0.18940962535791020     
          17 -0.16511752546813332     
          18  0.13235675986025788     
          19   6.0100067357011285E-004
          20   8.8330795402347013E-003
          21  0.23878740992859573     
          22  0.10708822639593626     
          23  0.16702269676806517     
          24  0.15547186202324034     
          25 -0.13542814308175546     
          26   2.5603414513730147E-002
          27 -0.14506933801177355     
          28 -0.11199645942678257     
          29  -4.5416296607235278E-002
          30  0.26625552314333717     
          31  -6.5564547405748561E-002
          32  -9.6973113437578487E-002
          33   9.2357253826189256E-002
          34   6.4047583353694190E-002
          35  -1.4279401504444953E-002
 time     29.315624999999990     
          35
           1  0.20045993516174263     
           2   5.0639662886272141E-002
           3   2.9951357254299930E-002
           4 -0.10349845661876610     
           5 -0.15748004873138760     
           6  0.18614562995781403     
           7  0.14238294006082586     
           8 -0.12990822953748682     
           9  -4.0710915960637334E-002
          10  0.11805821668370198     
          11  -8.0848777072734412E-002
          12  0.21783769722630636     
          13   4.5862744961664426E-002
          14  0.16553493931888558     
          15  -2.4440583022347497E-002
          16 -0.18940811474862707     
          17 -0.16511642723775555     
          18  0.13235565434759866     
          19   6.0019909271772894E-004
          20   8.8324793859329686E-003
          21  0.23878632874191083     
          22  0.10708727574109504     
          23  0.16702161948386576     
          24  0.15547073629413208     
          25 -0.13542684990765425     
          26   2.5602808471436481E-002
          27 -0.14506825227663955     
          28 -0.11199532474970497     
          29  -4.5415812751447231E-002
          30  0.26625428160008974     
          31  -6.5563290277698846E-002
          32  -9.6971924454358746E-002
          33   9.2356391258788112E-002
          34   6.4046720786293046E-002
          35  -1.4279782442437839E-002
 time     31.024218749999989     
          35
           1  0.20045950986012831     
           2   5.0639338321694219E-002
           3   2.9951039851069897E-002
           4 -0.10349813521105293     
           5 -0.15747944212075088     
           6  0.18614519796275880     
           7  0.14238256276634717     
           8 -0.12990794861268828     
           9  -4.0710674294868528E-002
          10  0.11805793934604218     
          11  -8.0848521270284177E-002
          12  0.21783725045947683     
          13   4.5862515200211666E-002
          14  0.16553450854851212     
          15  -2.4440665241571933E-002
          16 -0.18940754474492663     
          17 -0.16511601168244075     
          18  0.13235523404491908     
          19   5.9989270923459530E-004
          20   8.8322521415050131E-003
          21  0.23878591739842500     
          22  0.10708691358114082     
          23  0.16702121924207150     
          24  0.15547030846845786     
          25 -0.13542636116057105     
          26   2.5602605231081505E-002
          27 -0.14506784133153966     
          28 -0.11199489539953142     
          29  -4.5415630959157204E-002
          30  0.26625381076117732     
          31  -6.5562814569841144E-002
          32  -9.6971474628702092E-002
          33   9.2356062181455950E-002
          34   6.4046391708960884E-002
          35  -1.4279929101526142E-002
 time     32.732812499999987     
          35
           1  0.20045935012675450     
           2   5.0639216244161428E-002
           3   2.9950920434131327E-002
           4 -0.10349801383063452     
           5 -0.15747921337911908     
           6  0.18614503574933308     
           7  0.14238242894127487     
           8 -0.12990784251688461     
           9  -4.0710569004346255E-002
          10  0.11805786034614862     
          11  -8.0848424585935622E-002
          12  0.21783708276854938     
          13   4.5862447630074972E-002
          14  0.16553434678884313     
          15  -2.4440712388567896E-002
          16 -0.18940732996844892     
          17 -0.16511585455418254     
          18  0.13235507617352937     
          19   5.9977738371780830E-004
          20   8.8321682954692164E-003
          21  0.23878576282882619     
          22  0.10708677745258958     
          23  0.16702107477803332     
          24  0.15547014780282870     
          25 -0.13542617666289608     
          26   2.5602546536379563E-002
          27 -0.14506768590460067     
          28 -0.11199473308218480     
          29  -4.5415562137880852E-002
          30  0.26625363414265812     
          31  -6.5562634808931888E-002
          32  -9.6971304630280017E-002
          33   9.2355938427012507E-002
          34   6.4046267954517455E-002
          35  -1.4279984183832221E-002
 time     34.441406249999986     
          35
           1  0.20045928957954889     
           2   5.0639169731270285E-002
           3   2.9950874908233283E-002
           4 -0.10349796903956278     
           5 -0.15747912836187364     
           6  0.18614497428398100     
           7  0.14238238291076977     
           8 -0.12990780346556269     
           9  -4.0710521729301993E-002
          10  0.11805784545255561     
          11  -8.0848389047810804E-002
          12  0.21783701927416177     
          13   4.5862433003612889E-002
          14  0.16553428549147051     
          15  -2.4440740858586180E-002
          16 -0.18940725023231900     
          17 -0.16511579627944062     
          18  0.13235501631838653     
          19   5.9973337486017336E-004
          20   8.8321370202033393E-003
          21  0.23878570419108658     
          22  0.10708672570351904     
          23  0.16702102329205076     
          24  0.15547008691131520     
          25 -0.13542610818483783     
          26   2.5602534541183827E-002
          27 -0.14506762825778238     
          28 -0.11199467286445709     
          29  -4.5415537040038277E-002
          30  0.26625356734081412     
          31  -6.5562568057574586E-002
          32  -9.6971241542126399E-002
          33   9.2355891291951014E-002
          34   6.4046220819455935E-002
          35  -1.4280005586598300E-002
 time     36.149999999999984     
          35
           1  0.20045926653065210     
           2   5.0639151901185508E-002
           3   2.9950857443873574E-002
           4 -0.10349795275615171     
           5 -0.15747909705980828     
           6  0.18614495089539279     
           7  0.14238236808583662     
           8 -0.12990778932878208     
           9  -4.0710499313355172E-002
          10  0.11805784893039543     
          11  -8.0848376218955312E-002
          12  0.21783699513454602     
          13   4.5862434291072722E-002
          14  0.16553426216502776     
          15  -2.4440758095022701E-002
          16 -0.18940722091494144     
          17 -0.16511577493591506     
          18  0.13235499352630001     
          19   5.9971647242356763E-004
          20   8.8321256748303406E-003
          21  0.23878568184802218     
          22  0.10708670592647941     
          23  0.16702100327089092     
          24  0.15547006373526326     
          25 -0.13542608304634235     
          26   2.5602536566770459E-002
          27 -0.14506760714603137     
          28 -0.11199465079590359     
          29  -4.5415528109207133E-002
          30  0.26625354197686496     
          31  -6.5562543550277116E-002
          32  -9.6971218404004564E-002
          33   9.2355873231298541E-002
          34   6.4046202758803461E-002
          35  -1.4280014039060509E-002
 time     37.858593749999983     
          35
           1  0.20045925791687957     
           2   5.0639145224756994E-002
           3   2.9950850902844793E-002
           4 -0.10349794672320135     
           5 -0.15747908543461545     
           6  0.18614494215600502     
           7  0.14238236478750252     
           8 -0.12990778409617518     
           9  -4.0710487830496141E-002
          10  0.11805785586668720     
          11  -8.0848371472290917E-002
          12  0.21783698611734031     
          13   4.5862438902289589E-002
          14  0.16553425344861991     
          15  -2.4440768305326724E-002
          16 -0.18940721003223890     
          17 -0.16511576701137454     
          18  0.13235498500770776     
          19   5.9971013937311010E-004
          20   8.8321216336059612E-003
          21  0.23878567349508686     
          22  0.10708669852734506     
          23  0.16702099958233199     
          24  0.15547005507453404     
          25 -0.13542607371281148     
          26   2.5602541088821647E-002
          27 -0.14506759930704691     
          28 -0.11199464260151662     
          29  -4.5415524813996723E-002
          30  0.26625353250672662     
          31  -6.5562534447995049E-002
          32  -9.6971209811957559E-002
          33   9.2355866469501391E-002
          34   6.4046195997006325E-002
          35  -1.4280017222900636E-002
 time     39.567187499999982     
          35
           1  0.20045925469657458     
           2   5.0639142722699412E-002
           3   2.9950848450882070E-002
           4 -0.10349794450049238     
           5 -0.15747908113386308     
           6  0.18614493888926617     
           7  0.14238236433051357     
           8 -0.12990778217116303     
           9  -4.0710481649219539E-002
          10  0.11805786193280053     
          11  -8.0848369727548747E-002
          12  0.21783698274787935     
          13   4.5862443234986443E-002
          14  0.16553425019037532     
          15  -2.4440774409767642E-002
          16 -0.18940720600833696     
          17 -0.16511576408363624     
          18  0.13235498182264618     
          19   5.9970776434131875E-004
          20   8.8321203582708355E-003
          21  0.23878567037115203     
          22  0.10708669575736650     
          23  0.16702099887733821     
          24  0.15547005183688944     
          25 -0.13542607026264841     
          26   2.5602545258475912E-002
          27 -0.14506759641089170     
          28 -0.11199463957354062     
          29  -4.5415523608606803E-002
          30  0.26625352896978705     
          31  -6.5562531082701880E-002
          32  -9.6971206636381549E-002
          33   9.2355863935857305E-002
          34   6.4046193463362225E-002
          35  -1.4280018426894102E-002
 time     41.275781249999980     
          35
           1  0.20045925405885917     
           2   5.0639142351000706E-002
           3   2.9950848097707969E-002
           4 -0.10349794311863557     
           5 -0.15747907898101454     
           6  0.18614493823439143     
           7  0.14238236515271521     
           8 -0.12990778089984023     
           9  -4.0710477631599074E-002
          10  0.11805786683275760     
          11  -8.0848368523023406E-002
          12  0.21783698205503693     
          13   4.5862445728815732E-002
          14  0.16553424953863949     
          15  -2.4440777524608444E-002
          16 -0.18940720395846314     
          17 -0.16511576243959566     
          18  0.13235498119797151     
          19   5.9970743961095918E-004
          20   8.8321189015445594E-003
          21  0.23878566976903595     
          22  0.10708669528644194     
          23  0.16702099897151074     
          24  0.15547005119277132     
          25 -0.13542606842510155     
          26   2.5602546745269048E-002
          27 -0.14506759477851042     
          28 -0.11199463789232048     
          29  -4.5415522604190489E-002
          30  0.26625352821503950     
          31  -6.5562529276345510E-002
          32  -9.6971204900446389E-002
          33   9.2355863552477629E-002
          34   6.4046193079982564E-002
          35  -1.4280018316917111E-002
 time     42.984374999999979     
          35
           1  0.20045925494514941     
           2   5.0639143335740669E-002
           3   2.9950849089295524E-002
           4 -0.10349794148389599     
           5 -0.15747907706056014     
           6  0.18614493911434196     
           7  0.14238236410017466     
           8 -0.12990777930608591     
           9  -4.0710474316623821E-002
          10  0.11805787094424887     
          11  -8.0848366953998621E-002
          12  0.21783698292095782     
          13   4.5862447429691838E-002
          14  0.16553425041974967     
          15  -2.4440778420626100E-002
          16 -0.18940720207624009     
          17 -0.16511576070752404     
          18  0.13235498208908450     
          19   5.9970844171141236E-004
          20   8.8321186550940813E-003
          21  0.23878567066847495     
          22  0.10708669623446063     
          23  0.16702099933495501     
          24  0.15547005207669742     
          25 -0.13542606662141093     
          26   2.5602548542264476E-002
          27 -0.14506759305074307     
          28 -0.11199463614647383     
          29  -4.5415521109322038E-002
          30  0.26625352905808486     
          31  -6.5562527484129912E-002
          32  -9.6971203134336700E-002
          33   9.2355864532899581E-002
          34   6.4046194060404515E-002
          35  -1.4280017153656828E-002
 time     44.692968749999977     
          35
           1  0.20045925776721310     
           2   5.0639146194218422E-002
           3   2.9950851950303739E-002
           4 -0.10349793838470976     
           5 -0.15747907385558835     
           6  0.18614494193406378     
           7  0.14238237002458887     
           8 -0.12990777622208105     
           9  -4.0710470122800005E-002
          10  0.11805787591671182     
          11  -8.0848363879142945E-002
          12  0.21783698573549654     
          13   4.5862452691012794E-002
          14  0.16553425323989987     
          15  -2.4440776734023777E-002
          16 -0.18940719888544297     
          17 -0.16511575757225208     
          18  0.13235498491293105     
          19   5.9971130660420422E-004
          20   8.8321223243460565E-003
          21  0.23878567349539470     
          22  0.10708669907935642     
          23  0.16702100342139115     
          24  0.15547005489788820     
          25 -0.13542606345964769     
          26   2.5602551272705588E-002
          27 -0.14506758991706017     
          28 -0.11199463300610257     
          29  -4.5415518061922566E-002
          30  0.26625353186417228     
          31  -6.5562524326591765E-002
          32  -9.6971199986466819E-002
          33   9.2355867389781604E-002
          34   6.4046196917286538E-002
          35  -1.4280014229076226E-002
 time     46.401562499999976     
          35
           1  0.20045927070607125     
           2   5.0639159146539298E-002
           3   2.9950864903559509E-002
           4 -0.10349792534331438     
           5 -0.15747906077505266     
           6  0.18614495487205696     
           7  0.14238237234950968     
           8 -0.12990776318630456     
           9  -4.0710458922419770E-002
          10  0.11805787938410717     
          11  -8.0848350846749698E-002
          12  0.21783699867157519     
          13   4.5862455680772948E-002
          14  0.16553426617805128     
          15  -2.4440768634883644E-002
          16 -0.18940718581015731     
          17 -0.16511574451749136     
          18  0.13235499785244806     
          19   5.9972426129505237E-004
          20   8.8321245247879928E-003
          21  0.23878568643604611     
          22  0.10708671202665596     
          23  0.16702100640291256     
          24  0.15547006783642406     
          25 -0.13542605039509242     
          26   2.5602555353684064E-002
          27 -0.14506757686288610     
          28 -0.11199461994945537     
          29  -4.5415505039687970E-002
          30  0.26625354479712915     
          31  -6.5562511263593207E-002
          32  -9.6971186927046205E-002
          33   9.2355880341512916E-002
          34   6.4046209869017851E-002
          35  -1.4280001252295851E-002
 time     48.110156249999974     
          35
           1  0.20045929056120798     
           2   5.0639179006651693E-002
           3   2.9950884764017253E-002
           4 -0.10349790545025807     
           5 -0.15747904086752210     
           6  0.18614497472687425     
           7  0.14238238862866931     
           8 -0.12990774329532667     
           9  -4.0710439117860944E-002
          10  0.11805790463541918     
          11  -8.0848330957022402E-002
          12  0.21783701852568535     
          13   4.5862474650853170E-002
          14  0.16553428603292697     
          15  -2.4440750105621762E-002
          16 -0.18940716590456971     
          17 -0.16511572461948862     
          18  0.13235501770782820     
          19   5.9974412228288134E-004
          20   8.8321419572421414E-003
          21  0.23878570629184503     
          22  0.10708673188491254     
          23  0.16702102528938712     
          24  0.15547008769144177     
          25 -0.13542603049346963     
          26   2.5602564126392509E-002
          27 -0.14506755696509990     
          28 -0.11199460005075505     
          29  -4.5415485153717378E-002
          30  0.26625356465008626     
          31  -6.5562491362544231E-002
          32  -9.6971167027320559E-002
          33   9.2355900201407520E-002
          34   6.4046229728912468E-002
          35  -1.4279981383137736E-002
 time     49.818749999999973     
          35
           1  0.20045928316015868     
           2   5.0639171607440879E-002
           3   2.9950877364933987E-002
           4 -0.10349791283728983     
           5 -0.15747904824920333     
           6  0.18614496732570698     
           7  0.14238240970283345     
           8 -0.12990775068312688     
           9  -4.0710431693875733E-002
          10  0.11805792469930820     
          11  -8.0848338345284751E-002
          12  0.21783701112425696     
          13   4.5862492203732584E-002
          14  0.16553427863178130     
          15  -2.4440737330269819E-002
          16 -0.18940717328696960     
          17 -0.16511573200469079     
          18  0.13235501030686883     
          19   5.9973672339539157E-004
          20   8.8321588434382980E-003
          21  0.23878569889104026     
          22  0.10708672448501602     
          23  0.16702104459702580     
          24  0.15547008029034853     
          25 -0.13542603787733420     
          26   2.5602582080484711E-002
          27 -0.14506756435038204     
          28 -0.11199460743569939     
          29  -4.5415492543368428E-002
          30  0.26625355724823208     
          31  -6.5562498746620401E-002
          32  -9.6971174411885963E-002
          33   9.2355892802116271E-002
          34   6.4046222329621205E-002
          35  -1.4279988779004589E-002
 time     51.527343749999972     
          35
           1  0.20045932360512994     
           2   5.0639212053091326E-002
           3   2.9950917810631542E-002
           4 -0.10349787238713834     
           5 -0.15747900779707458     
           6  0.18614500777063470     
           7  0.14238239132866007     
           8 -0.12990771023325942     
           9  -4.0710444227281664E-002
          10  0.11805788408461511     
          11  -8.0848297895588020E-002
          12  0.21783705156908822     
          13   4.5862468242566914E-002
          14  0.16553431907671698     
          15  -2.4440755285631294E-002
          16 -0.18940713283510655     
          17 -0.16511569155386288     
          18  0.13235505075187332     
          19   5.9977716916524812E-004
          20   8.8321375265403342E-003
          21  0.23878573933610181     
          22  0.10708676493041316     
          23  0.16702101984080273     
          24  0.15547012073530359     
          25 -0.13542599742601213     
          26   2.5602584985965540E-002
          27 -0.14506752389958366     
          28 -0.11199456698477619     
          29  -4.5415452094184884E-002
          30  0.26625359769290607     
          31  -6.5562458295376380E-002
          32  -9.6971133960822756E-002
          33   9.2355933247737013E-002
          34   6.4046262775241947E-002
          35  -1.4279948332118347E-002
 time     53.235937499999970     
          35
           1  0.20045973195257522     
           2   5.0639620400787462E-002
           3   2.9951326158345070E-002
           4 -0.10349746403777915     
           5 -0.15747859944698486     
           6  0.18614541611806387     
           7  0.14238244057332144     
           8 -0.12990730188400521     
           9  -4.0710408410606337E-002
          10  0.11805798046364932     
          11  -8.0847889546396864E-002
          12  0.21783745991648182     
          13   4.5862535787747169E-002
          14  0.16553472742414910     
          15  -2.4440718350145427E-002
          16 -0.18940672448511500     
          17 -0.16511528320425367     
          18  0.13235545909933086     
          19   6.0018551690547365E-004
          20   8.8322000080820404E-003
          21  0.23878614768358042     
          22  0.10708717327801573     
          23  0.16702108556451606     
          24  0.15547052908274286     
          25 -0.13542558907622043     
          26   2.5602597384477833E-002
          27 -0.14506711554998536     
          28 -0.11199415863513180     
          29  -4.5415043745183320E-002
          30  0.26625400604024163     
          31  -6.5562049945613460E-002
          32  -9.6970725611126643E-002
          33   9.2356341595422178E-002
          34   6.4046671122927112E-002
          35  -1.4279539983965623E-002
 time     54.944531249999969     
          35
           1  0.20045984521627938     
           2   5.0639733664584283E-002
           3   2.9951439422148316E-002
           4 -0.10349735077336798     
           5 -0.15747848618230384     
           6  0.18614552938176210     
           7  0.14238252576479435     
           8 -0.12990718861963280     
           9  -4.0710347249923826E-002
          10  0.11805811084282575     
          11  -8.0847776282047756E-002
          12  0.21783757318016689     
          13   4.5862629246057510E-002
          14  0.16553484068784841     
          15  -2.4440657306553655E-002
          16 -0.18940661122047026     
          17 -0.16511516993975012     
          18  0.13235557236303955     
          19   6.0029878071857820E-004
          20   8.8322872729270658E-003
          21  0.23878626094729688     
          22  0.10708728654177799     
          23  0.16702118303331767     
          24  0.15547064234644484     
          25 -0.13542547581164946     
          26   2.5602634343853702E-002
          27 -0.14506700228548583     
          28 -0.11199404537061526     
          29  -4.5414930480904253E-002
          30  0.26625411930390525     
          31  -6.5561936681053118E-002
          32  -9.6970612346590990E-002
          33   9.2356454859214940E-002
          34   6.4046784386719888E-002
          35  -1.4279426720000134E-002
