640
1212 3  
0.0 0.0
1.0 0.0
1.0 1.0
0.0 1.0
0.125 0.25
0.375 0.25
0.375 0.75
0.125 0.75
0.625 0.25
0.875 0.25
0.875 0.75
0.625 0.75
1.0 0.5
0.0 0.5
0.5 0.0
0.125 0.5
0.0 0.75
0.0 0.25
0.0 0.875
0.0 0.125
0.0625 0.8125
0.125 0.375
0.125 0.625
0.5 1.0
0.25 1.0
0.125 1.0
0.07291666666666666 0.8854166666666666
0.0 0.625
0.0625 0.5625
0.375 0.5
0.375 1.0
0.25 0.0
0.0625 0.1875
0.14351851851851852 0.07754629629629631
0.15625 0.15625
0.07291666666666667 0.11458333333333334
0.125 0.0
0.25 0.25
0.375 0.0
0.1875 0.21875
0.3125 0.07624530075187971
0.2702593922784894 0.15916930128341542
0.3653109775064065 0.15536711282799648
0.3125 0.21626561913198977
0.5 0.1893893790118735
0.4264564872586481 0.19691915825144896
0.45162039537167464 0.09412438927514608
0.38180475616535625 0.08717248131149453
0.4375 0.027370887936439398
0.0 0.375
0.0625 0.3125
0.25 0.75
0.15848214285714285 0.8519345238095238
0.21086188540456835 0.921875
0.13601727895273158 0.9258633580517887
0.0625 0.6875
0.25 0.4375
0.24752801161958202 0.8398307191565452
0.3125 0.7966692655753739
0.4196643683559895 0.875
0.313183356674252 0.9183878290193281
0.3125 1.0
0.3806175530876884 0.9315276124803846
0.1875 0.7859369568995481
0.3503792739748355 0.8573178023970778
0.22804651456941563 0.0817347524546315
0.1875 0.3125
0.0625 0.4375
0.19791666666666669 0.3854166666666667
0.375 0.375
0.75 0.0
0.0625 0.959280303030303
0.234375 0.5625
0.1875 0.6875
0.19389204545454547 0.6186079545454546
0.375 0.625
0.2837755046471101 0.6408019895440022
0.281298714846257 0.5048889018557822
0.33128277960433883 0.5625
0.3388454413618801 0.6875
0.5 0.7758152548465685
0.0625 0.040719696969696975
0.328125 0.4375
0.28414351851851855 0.3408564814814815
0.3125 0.2783564814814815
0.625 0.5
0.4105813284480137 0.3125
0.5437300929768705 0.2584047099551715
0.625 0.375
0.5 0.40478440942302396
0.5903940283764482 0.3125
0.4673929235909586 0.26142248024160525
0.508234229043035 0.3275224314062479
0.625 0.0
0.5373119196483788 0.11052369973093817
0.75 0.25
0.5931466402969858 0.1727233666196354
0.6237712155026051 0.08907224504072
0.6875 0.04540680885730197
0.7930693913897755 0.125
0.6955136578693084 0.16276843798232574
0.6875 0.25
0.875 0.5
0.7279217485540437 0.10160114884252858
0.7595829729526039 0.18338197260344394
0.875 0.375
0.71875 0.34375
0.6979166666666666 0.4375
0.75 0.5720486111111112
0.7871232269503546 0.408133865248227
0.8046875 0.3203125
0.7002144607843137 0.5139654820261438
0.783021635712153 0.4933661277229165
0.625 0.625
0.8483806388792001 0.4375
0.5625 0.04046045154019924
0.875 0.625
0.75 0.75
0.697046765904942 0.6210609332655826
0.20052083333333331 0.4947916666666667
0.42964236021779323 0.8009550911656926
0.4530733369544574 0.6875
0.5481838851558295 0.6935875929646982
0.75 1.0
0.5738437605327987 0.4375
0.5 0.5501267922429974
0.5119729069446557 0.4774556008330107
0.4375076158348631 0.4524022028573211
0.5464581414393173 0.6143451032255034
0.5714404148955694 0.5473578979625237
0.45099139729244714 0.6100871360823816
0.875 0.0
1.0 0.25
1.0 0.375
0.6875 0.7003246998988596
0.8125 0.6875
0.8046218665311653 0.6171218665311653
0.825181931429427 0.5497704155404673
1.0 0.625
1.0 0.75
1.0 0.125
0.8125 0.048385194203854925
0.8806601937485613 0.07187013869793266
0.9375 0.3125
0.9375 0.4375
0.5369965313702738 0.8879076274232842
0.47310312180743613 0.9289709667442445
0.5730238332156528 0.8138650616913197
0.6875 0.8539479843505605
0.625 1.0
0.6875 0.7831845465481947
0.8125 0.8583423290565371
0.5625 0.9584767603359733
0.6184397230842605 0.8983673114331319
0.6927978894708503 0.9380796718939708
0.7487281057861472 0.8923250168122377
0.9375 0.6875
0.9375 0.5625
0.8612295851383368 0.1696752492544836
0.9375 0.19794262236807278
0.9278632468340269 0.12643799335267972
0.8125 0.78614381531944
0.8158600684577899 0.9414763274592886
1.0 0.875
0.9076944854900046 0.8410591507652984
0.9375 0.778958581257232
0.875 1.0
0.8944781149580885 0.9211736027465061
0.9644852370335295 0.9375
0.1875 1.0
1.0 0.4375
0.0 0.8125
0.0625 1.0
0.0 0.5625
0.0 0.1875
0.0 0.0625
0.1875 0.0
0.3125 0.0
0.6875 0.0
0.0 0.9375
0.4375 0.0
0.0 0.3125
0.28125 1.0
0.0 0.6875
0.34375 1.0
0.0 0.4375
0.0625 0.0
0.5625 0.0
1.0 0.6875
0.8125 0.0
0.9375 0.0
1.0 0.0625
1.0 0.3125
0.4375 1.0
0.5625 1.0
0.6875 1.0
1.0 0.5625
1.0 0.1875
0.8125 1.0
1.0 0.8125
1.0 0.9375
0.9375 1.0
0.0625 0.25
0.03125 0.21875
0.09375 0.21875
0.5186559598241893 0.14995653937140585
0.4758101976858373 0.1417568841435098
0.4944661575100267 0.10232404450304212
0.24103009259259262 0.36313657407407407
0.19270833333333334 0.34895833333333337
0.23582175925925927 0.32667824074074076
0.09375 0.65625
0.03125 0.65625
0.0625 0.625
0.0625 0.75
0.09375 0.78125
0.03125 0.78125
0.16793094270228417 0.9609375
0.23043094270228417 0.9609375
0.281591678337126 0.9591939145096641
0.2620226210394102 0.9201314145096641
0.4023211801088966 0.7754775455828463
0.39001081709631436 0.8291364467813852
0.36268963698741774 0.8036589011985389
0.734375 0.296875
0.703125 0.296875
0.71875 0.25
0.96875 0.46875
0.96875 0.40625
0.5652292799726824 0.14162353317528678
0.5465733201484929 0.18105637281575443
0.19675925925925924 0.038773148148148154
0.2390232572847078 0.04086737622731575
0.18578251654396707 0.0796405243754639
0.84375 0.76807190765972
0.8913472427450023 0.7955295753826492
0.8600972427450023 0.8136014830423692
0.6614583333333333 0.40625
0.6614583333333333 0.46875
0.625 0.4375
0.53125 0.9792383801679867
0.4865515609037181 0.9644854833721223
0.5178015609037181 0.9437238635401088
0.6626072303921569 0.5069827410130718
0.6626072303921569 0.5694827410130718
0.625 0.5625
0.90625 0.59375
0.96875 0.59375
0.9375 0.625
0.03125 0.9171401515151515
0.03645833333333333 0.8802083333333333
0.06770833333333333 0.9223484848484849
0.125 0.4375
0.09375 0.46875
0.09375 0.40625
0.5857290707196586 0.6196725516127517
0.5865919425779147 0.6592937964823491
0.5473210132975734 0.6539663480951008
0.140625 0.203125
0.171875 0.1875
0.15625 0.234375
0.09375 0.53125
0.03125 0.53125
0.0625 0.5
0.15625 0.71875
0.21875 0.71875
0.1875 0.75
0.03125 0.84375
0.03125 0.40625
0.0625 0.375
0.1846720141308556 0.8869047619047619
0.20300507723836242 0.8458826214830345
0.22919494851207517 0.8808528595782725
0.06770833333333333 0.8489583333333333
0.1796875 0.53125
0.21413352272727273 0.5905539772727273
0.15944602272727273 0.5593039772727273
0.09375 0.71875
0.125 0.6875
0.2601296961392447 0.20458465064170772
0.21875 0.234375
0.2288796961392447 0.18895965064170772
0.11458333333333334 0.13541666666666669
0.10821759259259259 0.09606481481481483
0.14988425925925924 0.11689814814814815
0.09375 0.28125
0.03125 0.28125
0.15625 0.28125
0.15625 0.34375
0.125 0.3125
0.17299107142857142 0.818935740354536
0.21751400580979102 0.8128838380280466
0.4246533642868914 0.8379775455828463
0.4833194457940335 0.8444313592944884
0.47833044986313167 0.8814538137116421
0.1305086394763658 0.9629316790258944
0.17343958217864996 0.9238691790258944
0.03125 0.9796401515151515
0.09375 0.9796401515151515
0.11049107142857142 0.8322172619047619
0.14174107142857142 0.8009672619047619
0.14724971090493721 0.8888989409306562
0.03125 0.59375
0.09375 0.59375
0.125 0.5625
0.23563775232355505 0.6641509947720011
0.19069602272727273 0.6530539772727273
0.23883377505082778 0.6297049720447284
0.5493141287097416 0.32001121570312396
0.6076970141882241 0.34375
0.5666171145215175 0.35126121570312396
0.16276041666666666 0.49739583333333337
0.21744791666666666 0.5286458333333334
0.505049826588855 0.9084392970837644
0.5497482656851369 0.9231921938796288
0.109375 0.171875
0.06770833333333334 0.15104166666666669
0.03125 0.15625
0.2913796961392447 0.11770730101764756
0.2491529534239525 0.12045202686902345
0.2702732572847078 0.0789900266032556
0.036458333333333336 0.11979166666666667
0.28125 0.03812265037593986
0.09375 0.020359848484848488
0.13425925925925924 0.038773148148148154
0.10300925925925926 0.05913299663299664
0.03125 0.08285984848484848
0.03125 0.020359848484848488
0.1921482572847078 0.11899237622731576
0.4445601976858373 0.060747638605792735
0.41671257576851545 0.09064843529332031
0.4096523780826781 0.057271684623966965
0.2132546961392447 0.15770965064170772
0.44692470542480334 0.2291708192465271
0.463228243629324 0.19315426863166124
0.4836964617954793 0.2254059296267394
0.34375 0.2331328095659949
0.3125 0.25
0.28125 0.2331328095659949
0.400728243629324 0.22345957912572448
0.37015548875320325 0.20268355641399824
0.3958837323825273 0.17614313553972272
0.06770833333333334 0.07765151515151517
0.1875 0.25
0.33890548875320325 0.18581636597999313
0.34375 0.03812265037593986
0.33890548875320325 0.1158062067899381
0.31778518489244795 0.15726820705570593
0.40625 0.013685443968219699
0.3784023780826781 0.04358624065574727
0.5843650464884352 0.25420235497758575
0.6076970141882241 0.28125
0.5670620606766593 0.28545235497758575
0.2913796961392447 0.18771746020770258
0.43903844131516134 0.1455217737632975
0.65625 0.022703404428650986
0.71875 0.022703404428650986
0.4084656864390406 0.12474575105157128
0.5218650464884352 0.2238970444835225
0.5055615082839146 0.2599135950983884
0.3735578668358814 0.1212697970697455
0.3471523780826781 0.08170889103168713
0.46875 0.013685443968219699
0.4758101976858373 0.04706219463757304
0.03125 0.34375
0.09375 0.34375
0.15625 0.767968478449774
0.28035568414691703 0.8791092740879367
0.11569940476190475 0.8686755952380952
0.2828288898021694 0.5625
0.2578368574231285 0.5336944509278911
0.3062907472252979 0.5336944509278911
0.312841678337126 0.9591939145096641
0.09925863947636579 0.9425718305410458
0.10446697280969912 0.9056400123592276
0.03125 0.71875
0.22526041666666666 0.46614583333333337
0.19921875 0.4401041666666667
0.22395833333333334 0.41145833333333337
0.16145833333333334 0.38020833333333337
0.16145833333333334 0.44270833333333337
0.28125 0.7733346327876869
0.3125 0.75
0.34375 0.7733346327876869
0.33178131532454375 0.887852815708203
0.29895364279720876 0.8485742607768114
0.280014005809791 0.8182499923659595
0.24876400580979102 0.7949153595782725
0.4648211801088966 0.7883851730061306
0.5184982656851369 0.8318614411349263
0.42686033744756224 0.9302492896123146
0.4240515609037181 0.9644854833721223
0.3778087765438442 0.9657638062401923
0.33143963698741774 0.8269935339862258
0.3469004548809702 0.9249577207498564
0.36549841353126195 0.8944227074387312
0.40014096072183897 0.9032638062401923
0.44638374508171286 0.9019854833721223
0.3465587765438442 0.9657638062401923
0.21875 0.767968478449774
0.3850218211654125 0.8661589011985389
0.3295717592592593 0.35792824074074076
0.2983217592592593 0.3096064814814815
0.34375 0.32667824074074076
0.21875 0.28125
0.6556356077513026 0.06723952694901099
0.6243856077513026 0.04453612252036
0.3515625 0.46875
0.3515625 0.40625
0.375 0.4375
0.2670717592592593 0.29542824074074076
0.2670717592592593 0.38917824074074076
0.6084589278997954 0.13089780583017768
0.5805415675754919 0.09979797238582909
0.03125 0.46875
0.26688775232355505 0.6954009947720011
0.3113104730044951 0.6641509947720011
0.32938775232355505 0.6329009947720011
0.35692272068094005 0.65625
0.15944602272727273 0.6218039772727273
0.15625 0.65625
0.46875380791743154 0.5012644975501592
0.4747402613897594 0.4649289018451659
0.5059864534723278 0.5137911965380041
0.3281493574231285 0.5024444509278911
0.3531413898021694 0.53125
0.25907525232355505 0.6016509947720011
0.30752914212572446 0.6016509947720011
0.29442272068094005 0.71875
0.24090977408979516 0.4998402842612244
0.2656493574231285 0.4711944509278911
0.2890625 0.4375
0.3047118574231285 0.4711944509278911
0.375 0.5625
0.3531413898021694 0.59375
0.375 0.6875
0.35692272068094005 0.71875
0.4140366684772287 0.71875
0.4140366684772287 0.65625
0.6302619166078264 0.7985248041197572
0.5990119166078264 0.7819325308456598
0.65625 0.7665922732740973
0.3061342592592593 0.38917824074074076
0.28125 0.26417824074074076
0.34375 0.26417824074074076
0.375 0.3125
0.3927906642240069 0.34375
0.4552906642240069 0.358642204711512
0.4375 0.389892204711512
0.4765366684772287 0.7316576274232842
0.4413578485861253 0.7442275455828463
0.3927906642240069 0.28125
0.4211964617954793 0.2557112401208026
0.5684383666369281 0.21556403828740345
0.4594077787455243 0.32001121570312396
0.43898712601948614 0.2869612401208026
0.48781357631699673 0.29447245582392656
0.40625380791743154 0.41370110142866057
0.46875380791743154 0.42859330614017255
0.65625 0.25
0.65625 0.3125
0.625 0.3125
0.5429083337387273 0.4574778004165053
0.5059864534723278 0.4411200051280173
0.5369218802663993 0.421142204711512
0.5994218802663993 0.46875
0.5994218802663993 0.40625
0.5625 0.389892204711512
0.5041171145215175 0.36615342041463594
0.5259821610099527 0.2929635706807097
0.8465800968742807 0.06012766645089379
0.8368647925691683 0.09843506934896633
0.8027846956948878 0.08669259710192746
0.6596424366859568 0.12592034151152287
0.6443301490831471 0.16774590230098058
0.5186559598241893 0.05526184986546909
0.53125 0.02023022577009962
0.5499059598241893 0.0754920756355687
0.6602568289346542 0.20638421899116288
0.6915068289346542 0.20638421899116288
0.6090733201484929 0.2113616833098177
0.5931356077513026 0.06476634829045963
0.78125 0.024192597101927463
0.7702108742770218 0.07499317152319175
0.7389608742770218 0.05080057442126429
0.76171875 0.33203125
0.7959053634751774 0.36422318262411346
0.7529366134751774 0.37594193262411346
0.711717703211676 0.13218479341242717
0.6758464820283243 0.09533669694162429
0.9639316234170134 0.06321899667633986
0.9042617202912941 0.09915406602530619
0.9403300968742807 0.03593506934896633
0.7547914864763019 0.21669098630172196
0.8172914864763019 0.21669098630172196
0.8125 0.25
0.7077108742770218 0.07350397884991527
0.7275483154109561 0.17307520529288484
0.7437523607533238 0.14249156072298624
0.7235414864763019 0.21669098630172196
0.83984375 0.34765625
0.83984375 0.28515625
0.875 0.3125
0.671875 0.359375
0.7083333333333333 0.390625
0.77734375 0.28515625
0.7604955699719096 0.11330057442126429
0.7763261821711898 0.15419098630172196
0.8271494882640562 0.14733762462724181
0.8104062790454704 0.17652861092896377
0.6990655637254901 0.4757327410130719
0.7425199468085106 0.42281693262411346
0.9375 0.5
0.90625 0.46875
0.90625 0.34375
0.90625 0.28125
0.7404691511894098 0.4654330638614582
0.7416180482482333 0.5036658048745302
0.80410178357079 0.521568271631692
0.8290108178560764 0.4966830638614582
0.8500909657147135 0.5248852077702337
0.8616903194396001 0.40625
0.8177519329147773 0.42281693262411346
0.8310616134751774 0.39156693262411346
0.7665108178560764 0.5327073694170138
0.7251072303921569 0.5430070465686274
0.7850724313312538 0.45074999648557174
0.723523382952471 0.5965547721883468
0.6986306133446278 0.5675132076458632
0.8157011372956766 0.4654330638614582
0.8398109332655826 0.6210609332655826
0.8149018989802961 0.5834461410358163
0.8500909657147135 0.5873852077702337
0.8125 0.8222430721879885
0.8600972427450023 0.8497007399109178
0.5006286110551434 0.6905437964823491
0.5240919425779147 0.7347014239056333
0.875 0.4375
0.8616903194396001 0.46875
0.59375 0.02023022577009962
0.8085609332655826 0.6523109332655826
0.754773382952471 0.6542804666327913
0.7508343162180536 0.619091399898374
0.65625 0.7251623499494297
0.71875 0.7251623499494297
0.6875 0.75
0.692273382952471 0.6606928165822211
0.65625 0.6626623499494297
0.661023382952471 0.6230304666327913
0.7773109332655826 0.5945852388211382
0.875 0.5625
0.90625 0.53125
0.84375 0.71875
0.84375 0.65625
0.875 0.6875
0.4375 0.5250633961214988
0.47549569864622354 0.5801069641626895
0.41299569864622354 0.5550435680411908
0.5865919425779147 0.7217937964823491
0.5606038591857412 0.7537263273280089
0.4520323671234523 0.6487935680411908
0.49872476936588217 0.6122161196539425
0.4997657391968873 0.6509225516127517
0.625 0.6875
0.7181140528930736 0.8731365005813991
0.75 0.8200458998350002
0.7806140528930736 0.8392344160658389
0.78125 0.71875
0.75 0.6939123499494297
0.572642087714184 0.4924289489812618
0.5417066609201125 0.5124067493977672
0.5982202074477847 0.5861789489812619
0.5589492781674433 0.5808515005940136
0.41299569864622354 0.6175435680411908
0.5982202074477847 0.5236789489812619
0.40625380791743154 0.47620110142866057
0.5232290707196586 0.5822359477342505
0.5357202074477847 0.5487423451027605
0.8681147925691683 0.20983762462724181
0.8993647925691683 0.1838089358112782
0.90625 0.2239713111840364
0.96875 0.34375
0.9375 0.375
0.7875909657147135 0.5609095133257893
0.8125 0.75
0.96875 0.71875
0.96875 0.65625
0.8945464159861818 0.14805662130358166
0.870944889443449 0.12077269397620813
0.7822940871219686 0.9169006721357631
0.782930034228895 0.9707381637296443
0.7493640528930736 0.9461625084061189
0.96875 0.28125
0.9375 0.2552213111840364
0.96875 0.2239713111840364
0.84375 0.024192597101927463
0.8778300968742807 0.03593506934896633
0.9639316234170134 0.12571899667633984
0.90625 0.40625
0.5365119166078264 0.7948401582689442
0.5550101822929633 0.8508863445573019
0.6529698615421302 0.8761576478918462
0.5957317781499567 0.8561161865622258
0.6302619166078264 0.8339065230209401
0.6875 0.8185662654493776
0.78125 0.76807190765972
0.6217198615421302 0.9491836557165659
0.6556188062775554 0.9182234916635513
0.6588989447354252 0.9690398359469854
0.71875 0.7665922732740973
0.5904698615421302 0.9284220358845525
0.59375 0.9792383801679867
0.71875 0.8019739921752802
0.9375 0.733229290628616
0.96875 0.764479290628616
0.7213989447354252 0.9690398359469854
0.7207629976284988 0.9152023443531043
0.5777181272272671 0.893137469428208
0.6901489447354252 0.8960138281222656
0.8534890574790442 0.8897579659015216
0.8551690917079392 0.9313249651028973
0.814180034228895 0.8999093282579128
0.90625 0.65625
0.90625 0.71875
0.96875 0.53125
0.96875 0.1614713111840364
0.9326816234170134 0.16219030786037625
0.96875 0.826979290628616
0.9538472427450023 0.8580295753826492
0.9225972427450023 0.8100088660112652
0.7806140528930736 0.8753336729343875
0.845430034228895 0.9707381637296443
0.8847390574790442 0.960586801373253
0.90625 0.764479290628616
0.929481675995809 0.929336801373253
0.9197426185167648 0.96875
0.9010863002240466 0.8811163767559023
0.9822426185167648 0.90625
0.9360898612617671 0.8892795753826492
0.9822426185167648 0.96875
5 203 205 0
18 203 204 0
33 204 205 0
203 204 205 0
95 206 208 1
45 206 207 1
47 207 208 1
206 207 208 1
84 209 211 2
69 209 210 2
67 210 211 2
209 210 211 2
23 212 214 3
56 212 213 3
28 213 214 3
212 213 214 3
17 215 217 4
8 215 216 4
21 216 217 4
215 216 217 4
26 218 170 5
54 218 219 5
25 219 170 5
218 219 170 5
61 220 221 6
25 220 219 6
54 219 221 6
220 219 221 6
7 222 224 7
121 222 223 7
65 223 224 7
222 223 224 7
96 225 227 8
107 225 226 8
102 226 227 8
225 226 227 8
134 171 229 9
13 171 228 9
145 228 229 9
171 228 229 9
45 206 231 10
95 206 230 10
97 230 231 10
206 230 231 10
34 232 234 11
32 232 233 11
66 233 234 11
232 233 234 11
162 235 237 12
11 235 236 12
165 236 237 12
235 236 237 12
89 238 240 13
108 238 239 13
86 239 240 13
238 239 240 13
153 241 243 14
24 241 242 14
147 242 243 14
241 242 243 14
86 244 246 15
112 244 245 15
114 245 246 15
244 245 246 15
117 247 249 16
158 247 248 16
139 248 249 16
247 248 249 16
72 250 252 17
19 250 251 17
27 251 252 17
250 251 252 17
22 253 255 18
16 253 254 18
68 254 255 18
253 254 255 18
129 256 258 19
114 256 257 19
123 257 258 19
256 257 258 19
5 259 261 20
35 259 260 20
40 260 261 20
259 260 261 20
16 262 264 21
29 262 263 21
14 263 264 21
262 263 264 21
8 265 267 22
74 265 266 22
52 266 267 22
265 266 267 22
21 268 217 23
19 268 172 23
17 172 217 23
268 172 217 23
22 255 270 24
68 255 269 24
50 269 270 24
255 269 270 24
54 271 273 25
53 271 272 25
58 272 273 25
271 272 273 25
27 251 274 26
19 251 268 26
21 268 274 26
251 268 274 26
16 275 277 27
73 275 276 27
75 276 277 27
275 276 277 27
8 278 279 28
56 278 212 28
23 212 279 28
278 212 279 28
42 280 282 29
38 280 281 29
40 281 282 29
280 281 282 29
35 283 285 30
36 283 284 30
34 284 285 30
283 284 285 30
5 286 203 31
51 286 287 31
18 287 203 31
286 287 203 31
5 288 290 32
67 288 289 32
22 289 290 32
288 289 290 32
58 272 292 33
53 272 291 33
64 291 292 33
272 291 292 33
60 293 295 34
121 293 294 34
146 294 295 34
293 294 295 34
26 296 218 35
55 296 297 35
54 297 218 35
296 297 218 35
26 173 299 36
4 173 298 36
72 298 299 36
173 298 299 36
53 300 301 37
21 300 216 37
8 216 301 37
300 216 301 37
55 302 297 38
53 302 271 38
54 271 297 38
302 271 297 38
28 174 303 39
14 174 263 39
29 263 303 39
174 263 303 39
23 214 304 40
28 214 303 40
29 303 304 40
214 303 304 40
16 305 262 41
23 305 304 41
29 304 262 41
305 304 262 41
77 306 308 42
74 306 307 42
75 307 308 42
306 307 308 42
93 309 311 43
91 309 310 43
89 310 311 43
309 310 311 43
73 275 313 44
16 275 312 44
120 312 313 44
275 312 313 44
153 243 315 45
147 243 314 45
146 314 315 45
243 314 315 45
5 205 259 46
33 205 316 46
35 316 259 46
205 316 259 46
33 317 316 47
36 317 283 47
35 283 316 47
317 283 316 47
18 175 204 48
20 175 318 48
33 318 204 48
175 318 204 48
41 319 321 49
42 319 320 49
66 320 321 49
319 320 321 49
33 318 317 50
20 318 322 50
36 322 317 50
318 322 317 50
32 323 233 51
41 323 321 51
66 321 233 51
323 321 233 51
82 324 326 52
37 324 325 52
34 325 326 52
324 325 326 52
82 327 328 53
20 327 176 53
1 176 328 53
327 176 328 53
37 177 325 54
32 177 232 54
34 232 325 54
177 232 325 54
34 234 285 55
66 234 329 55
35 329 285 55
234 329 285 55
49 330 332 56
47 330 331 56
48 331 332 56
330 331 332 56
35 333 260 57
42 333 282 57
40 282 260 57
333 282 260 57
92 334 336 58
46 334 335 58
45 335 336 58
334 335 336 58
44 337 339 59
6 337 338 59
38 338 339 59
337 338 339 59
46 340 342 60
6 340 341 60
43 341 342 60
340 341 342 60
36 343 284 61
82 343 326 61
34 326 284 61
343 326 284 61
38 344 281 62
5 344 261 62
40 261 281 62
344 261 281 62
43 341 345 63
6 341 337 63
44 337 345 63
341 337 345 63
32 178 323 64
39 178 346 64
41 346 323 64
178 346 323 64
42 319 348 65
41 319 347 65
43 347 348 65
319 347 348 65
39 349 350 66
49 349 332 66
48 332 350 66
349 332 350 66
88 351 353 67
9 351 352 67
91 352 353 67
351 352 353 67
38 280 339 68
42 280 354 68
44 354 339 68
280 354 339 68
43 345 348 69
44 345 354 69
42 354 348 69
345 354 348 69
45 335 207 70
46 335 355 70
47 355 207 70
335 355 207 70
99 356 357 71
94 356 179 71
71 179 357 71
356 179 357 71
47 355 358 72
46 355 342 72
43 342 358 72
355 342 358 72
45 359 336 73
88 359 360 73
92 360 336 73
359 360 336 73
48 361 362 74
43 361 347 74
41 347 362 74
361 347 362 74
19 250 180 75
72 250 298 75
4 298 180 75
250 298 180 75
39 350 346 76
48 350 362 76
41 362 346 76
350 362 346 76
47 358 331 77
43 358 361 77
48 361 331 77
358 361 331 77
39 181 349 78
15 181 363 78
49 363 349 78
181 363 349 78
15 364 363 79
47 364 330 79
49 330 363 79
364 330 363 79
50 182 365 80
18 182 287 80
51 287 365 80
182 287 365 80
22 270 366 81
50 270 365 81
51 365 366 81
270 365 366 81
5 290 286 82
22 290 366 82
51 366 286 82
290 366 286 82
8 367 301 83
64 367 291 83
53 291 301 83
367 291 301 83
58 368 273 84
61 368 221 84
54 221 273 84
368 221 273 84
21 300 274 85
53 300 369 85
27 369 274 85
300 369 274 85
79 370 372 86
73 370 371 86
78 371 372 86
370 371 372 86
25 220 183 87
61 220 373 87
62 373 183 87
220 373 183 87
72 374 299 88
55 374 296 88
26 296 299 88
374 296 299 88
53 302 369 89
55 302 375 89
27 375 369 89
302 375 369 89
17 184 376 90
28 184 213 90
56 213 376 90
184 213 376 90
8 215 278 91
17 215 376 91
56 376 278 91
215 376 278 91
57 377 379 92
120 377 378 92
69 378 379 92
377 378 379 92
22 380 253 93
69 380 381 93
16 381 253 93
380 381 253 93
59 382 384 94
52 382 383 94
7 383 384 94
382 383 384 94
65 385 386 95
61 385 368 95
58 368 386 95
385 368 386 95
59 387 382 96
58 387 388 96
52 388 382 96
387 388 382 96
146 294 390 97
121 294 389 97
81 389 390 97
294 389 390 97
63 391 393 98
147 391 392 98
31 392 393 98
391 392 393 98
65 386 394 99
58 386 387 99
59 387 394 99
386 387 394 99
63 395 396 100
61 395 385 100
65 385 396 100
395 385 396 100
63 397 391 101
60 397 398 101
147 398 391 101
397 398 391 101
63 399 395 102
62 399 373 102
61 373 395 102
399 373 395 102
62 399 185 103
63 399 393 103
31 393 185 103
399 393 185 103
8 267 367 104
52 267 400 104
64 400 367 104
267 400 367 104
58 292 388 105
64 292 400 105
52 400 388 105
292 400 388 105
7 224 384 106
65 224 394 106
59 394 384 106
224 394 384 106
63 396 397 107
65 396 401 107
60 401 397 107
396 401 397 107
35 329 333 108
66 329 320 108
42 320 333 108
329 320 333 108
70 402 404 109
84 402 403 109
85 403 404 109
402 403 404 109
5 344 288 110
38 344 405 110
67 405 288 110
344 405 288 110
99 406 356 111
98 406 407 111
94 407 356 111
406 407 356 111
30 408 410 112
83 408 409 112
70 409 410 112
408 409 410 112
22 289 380 113
67 289 210 113
69 210 380 113
289 210 380 113
38 411 405 114
84 411 211 114
67 211 405 114
411 211 405 114
57 379 412 115
69 379 209 115
84 209 412 115
379 209 412 115
98 413 414 116
97 413 230 116
95 230 414 116
413 230 414 116
14 186 415 117
50 186 269 117
68 269 415 117
186 269 415 117
16 264 254 118
14 264 415 118
68 415 254 118
264 415 254 118
74 306 266 119
77 306 416 119
52 416 266 119
306 416 266 119
55 374 375 120
72 374 252 120
27 252 375 120
374 252 375 120
80 417 419 121
77 417 418 121
76 418 419 121
417 418 419 121
23 420 421 122
75 420 307 122
74 307 421 122
420 307 421 122
8 279 265 123
23 279 421 123
74 421 265 123
279 421 265 123
16 277 305 124
75 277 420 124
23 420 305 124
277 420 305 124
126 422 424 125
128 422 423 125
127 423 424 125
422 423 424 125
78 425 372 126
30 425 426 126
79 426 372 126
425 426 372 126
77 308 427 127
75 308 276 127
73 276 427 127
308 276 427 127
73 370 427 128
79 370 428 128
77 428 427 128
370 428 427 128
80 429 417 129
52 429 416 129
77 416 417 129
429 416 417 129
120 430 313 130
78 430 371 130
73 371 313 130
430 371 313 130
78 431 433 131
57 431 432 131
83 432 433 131
431 432 433 131
30 434 426 132
76 434 435 132
79 435 426 132
434 435 426 132
77 428 418 133
79 428 435 133
76 435 418 133
428 435 418 133
76 436 419 134
7 436 437 134
80 437 419 134
436 437 419 134
52 429 383 135
80 429 437 135
7 437 383 135
429 437 383 135
122 438 439 136
7 438 436 136
76 436 439 136
438 436 439 136
151 440 442 137
148 440 441 137
12 441 442 137
440 441 442 137
20 327 322 138
82 327 343 138
36 343 322 138
327 343 322 138
1 187 328 139
37 187 324 139
82 324 328 139
187 324 328 139
78 433 425 140
83 433 408 140
30 408 425 140
433 408 425 140
84 443 412 141
83 443 432 141
57 432 412 141
443 432 412 141
85 403 444 142
84 403 411 142
38 411 444 142
403 411 444 142
84 402 443 143
70 402 409 143
83 409 443 143
402 409 443 143
38 338 444 144
6 338 445 144
85 445 444 144
338 445 444 144
70 404 446 145
85 404 445 145
6 445 446 145
404 445 446 145
70 447 449 146
87 447 448 146
90 448 449 146
447 448 449 146
122 450 451 147
81 450 389 147
121 389 451 147
450 389 451 147
70 446 447 148
6 446 452 148
87 452 447 148
446 452 447 148
92 453 334 149
6 453 340 149
46 340 334 149
453 340 334 149
97 454 231 150
88 454 359 150
45 359 231 150
454 359 231 150
93 455 457 151
87 455 456 151
92 456 457 151
455 456 457 151
128 458 459 152
70 458 449 152
90 449 459 152
458 449 459 152
9 460 462 153
102 460 461 153
89 461 462 153
460 461 462 153
125 463 465 154
127 463 464 154
90 464 465 154
463 464 465 154
89 240 467 155
86 240 466 155
125 466 467 155
240 466 467 155
9 462 352 156
89 462 310 156
91 310 352 156
462 310 352 156
93 311 469 157
89 311 468 157
90 468 469 157
311 468 469 157
93 457 470 158
92 457 360 158
88 360 470 158
457 360 470 158
6 453 452 159
92 453 456 159
87 456 452 159
453 456 452 159
91 309 353 160
93 309 470 160
88 470 353 160
309 470 353 160
87 455 448 161
93 455 469 161
90 469 448 161
455 469 448 161
142 471 473 162
143 471 472 162
100 472 473 162
471 472 473 162
98 474 413 163
101 474 475 163
97 475 413 163
474 475 413 163
15 476 364 164
95 476 208 164
47 208 364 164
476 208 364 164
95 476 478 165
15 476 477 165
116 477 478 165
476 477 478 165
102 460 480 166
9 460 479 166
101 479 480 166
460 479 480 166
101 479 475 167
9 479 481 167
97 481 475 167
479 481 475 167
98 414 482 168
95 414 478 168
116 478 482 168
414 478 482 168
97 481 454 169
9 481 351 169
88 351 454 169
481 351 454 169
71 483 485 170
142 483 484 170
104 484 485 170
483 484 485 170
107 486 488 171
111 486 487 171
110 487 488 171
486 487 488 171
104 489 490 172
101 489 474 172
98 474 490 172
489 474 490 172
2 491 493 173
161 491 492 173
143 492 493 173
491 492 493 173
96 494 496 174
105 494 495 174
10 495 496 174
494 495 496 174
104 490 497 175
98 490 406 175
99 406 497 175
490 406 497 175
105 498 499 176
101 498 489 176
104 489 499 176
498 489 499 176
105 500 498 177
102 500 480 177
101 480 498 177
500 480 498 177
106 501 503 178
111 501 502 178
10 502 503 178
501 502 503 178
108 238 505 179
89 238 504 179
107 504 505 179
238 504 505 179
96 506 225 180
111 506 486 180
107 486 225 180
506 486 225 180
71 485 357 181
104 485 497 181
99 497 357 181
485 497 357 181
105 499 508 182
104 499 507 182
100 507 508 182
499 507 508 182
105 508 510 183
100 508 509 183
159 509 510 183
508 509 510 183
102 500 227 184
105 500 494 184
96 494 227 184
500 494 227 184
112 244 511 185
86 244 239 185
108 239 511 185
244 239 511 185
89 461 504 186
102 461 226 186
107 226 504 186
461 226 504 186
108 505 512 187
107 505 488 187
110 488 512 187
505 488 512 187
13 513 228 188
103 513 514 188
145 514 228 188
513 514 228 188
144 515 516 189
106 515 503 189
10 503 516 189
515 503 516 189
112 511 518 190
108 511 517 190
113 517 518 190
511 517 518 190
78 430 431 191
120 430 377 191
57 377 431 191
430 377 431 191
138 519 521 192
113 519 520 192
103 520 521 192
519 520 521 192
106 522 524 193
115 522 523 193
110 523 524 193
522 523 524 193
112 518 526 194
113 518 525 194
109 525 526 194
518 525 526 194
10 502 496 195
111 502 506 195
96 506 496 195
502 506 496 195
110 487 524 196
111 487 501 196
106 501 524 196
487 501 524 196
113 517 527 197
108 517 512 197
110 512 527 197
517 512 527 197
112 526 529 198
109 526 528 198
119 528 529 198
526 528 529 198
115 530 523 199
113 530 527 199
110 527 523 199
530 527 523 199
117 531 533 200
137 531 532 200
138 532 533 200
531 532 533 200
152 534 535 201
162 534 237 201
165 237 535 201
534 237 535 201
122 536 450 202
123 536 537 202
81 537 450 202
536 537 450 202
106 538 522 203
103 538 539 203
115 539 522 203
538 539 522 203
113 530 520 204
115 530 539 204
103 539 520 204
530 539 520 204
15 188 477 205
94 188 540 205
116 540 477 205
188 540 477 205
98 482 407 206
116 482 540 206
94 540 407 206
482 540 407 206
137 541 543 207
136 541 542 207
119 542 543 207
541 542 543 207
12 544 546 208
135 544 545 208
118 545 546 208
544 545 546 208
119 547 549 209
135 547 548 209
114 548 549 209
547 548 549 209
119 528 543 210
109 528 550 210
137 550 543 210
528 550 543 210
112 529 245 211
119 529 549 211
114 549 245 211
529 549 245 211
158 247 552 212
117 247 551 212
103 551 552 212
247 551 552 212
69 378 381 213
120 378 312 213
16 312 381 213
378 312 381 213
11 553 555 214
136 553 554 214
117 554 555 214
553 554 555 214
65 223 401 215
121 223 293 215
60 293 401 215
223 293 401 215
122 451 438 216
121 451 222 216
7 222 438 216
451 222 438 216
30 556 558 217
126 556 557 217
131 557 558 217
556 557 558 217
123 559 560 218
12 559 441 218
148 441 560 218
559 441 560 218
122 561 563 219
131 561 562 219
129 562 563 219
561 562 563 219
114 564 257 220
12 564 559 220
123 559 257 220
564 559 257 220
156 565 567 221
149 565 566 221
162 566 567 221
565 566 567 221
136 568 569 222
118 568 545 222
135 545 569 222
568 545 569 222
127 463 571 223
125 463 570 223
130 570 571 223
463 570 571 223
90 468 465 224
89 468 467 224
125 467 465 224
468 467 465 224
130 572 573 225
114 572 256 225
129 256 573 225
572 256 573 225
76 574 439 226
131 574 561 226
122 561 439 226
574 561 439 226
130 570 575 227
125 570 466 227
86 466 575 227
570 466 575 227
128 422 576 228
126 422 556 228
30 556 576 228
422 556 576 228
70 458 410 229
128 458 576 229
30 576 410 229
458 576 410 229
90 464 459 230
127 464 423 230
128 423 459 230
464 423 459 230
122 563 536 231
129 563 258 231
123 258 536 231
563 258 536 231
130 573 578 232
129 573 577 232
126 577 578 232
573 577 578 232
127 571 424 233
130 571 578 233
126 578 424 233
571 578 424 233
114 572 246 234
130 572 575 234
86 575 246 234
572 575 246 234
30 558 434 235
131 558 574 235
76 574 434 235
558 574 434 235
129 562 577 236
131 562 557 236
126 557 577 236
562 557 577 236
10 579 581 237
159 579 580 237
160 580 581 237
579 580 581 237
104 484 507 238
142 484 473 238
100 473 507 238
484 473 507 238
114 548 564 239
135 548 544 239
12 544 564 239
548 544 564 239
106 515 583 240
144 515 582 240
134 582 583 240
515 582 583 240
136 569 542 241
135 569 547 241
119 547 542 241
569 547 542 241
109 525 584 242
113 525 519 242
138 519 584 242
525 519 584 242
11 585 553 243
118 585 568 243
136 568 553 243
585 568 553 243
117 554 531 244
136 554 541 244
137 541 531 244
554 541 531 244
117 533 551 245
138 533 521 245
103 521 551 245
533 521 551 245
109 584 550 246
138 584 532 246
137 532 550 246
584 532 550 246
140 586 189 247
157 586 587 247
139 587 189 247
586 587 189 247
161 588 492 248
159 588 589 248
143 589 492 248
588 589 492 248
156 590 592 249
163 590 591 249
124 591 592 249
590 591 592 249
133 593 595 250
144 593 594 250
160 594 595 250
593 594 595 250
71 190 483 251
132 190 596 251
142 596 483 251
190 596 483 251
143 471 597 252
142 471 596 252
132 596 597 252
471 596 597 252
2 493 191 253
143 493 597 253
132 597 191 253
493 597 191 253
2 192 491 254
141 192 598 254
161 598 491 254
192 598 491 254
133 193 593 255
134 193 582 255
144 582 593 255
193 582 593 255
160 594 581 256
144 594 516 256
10 516 581 256
594 516 581 256
106 583 599 257
134 583 229 257
145 229 599 257
583 229 599 257
103 538 514 258
106 538 599 258
145 599 514 258
538 599 514 258
81 600 390 259
148 600 601 259
146 601 390 259
600 601 390 259
149 602 604 260
154 602 603 260
148 603 604 260
602 603 604 260
147 242 392 261
24 242 194 261
31 194 392 261
242 194 392 261
60 295 398 262
146 295 314 262
147 314 398 262
295 314 398 262
123 560 537 263
148 560 600 263
81 600 537 263
560 600 537 263
151 605 440 264
149 605 604 264
148 604 440 264
605 604 440 264
162 606 235 265
118 606 585 265
11 585 235 265
606 585 235 265
150 607 609 266
154 607 608 266
155 608 609 266
607 608 609 266
12 546 442 267
118 546 610 267
151 610 442 267
546 610 442 267
153 611 612 268
154 611 607 268
150 607 612 268
611 607 612 268
118 613 610 269
149 613 605 269
151 605 610 269
613 605 610 269
166 614 615 270
157 614 586 270
140 586 615 270
614 586 615 270
156 592 617 271
124 592 616 271
155 616 617 271
592 616 617 271
154 611 618 272
153 611 315 272
146 315 618 272
611 315 618 272
150 195 612 273
24 195 241 273
153 241 612 273
195 241 612 273
148 603 601 274
154 603 618 274
146 618 601 274
603 618 601 274
154 602 608 275
149 602 619 275
155 619 608 275
602 619 608 275
156 617 565 276
155 617 619 276
149 619 565 276
617 619 565 276
150 609 196 277
155 609 616 277
124 616 196 277
609 616 196 277
162 566 606 278
149 566 613 278
118 613 606 278
566 613 606 278
152 620 622 279
168 620 621 279
163 621 622 279
620 621 622 279
117 249 623 280
139 249 587 280
157 587 623 280
249 587 623 280
11 555 624 281
117 555 623 281
157 623 624 281
555 623 624 281
13 197 625 282
139 197 248 282
158 248 625 282
197 248 625 282
103 513 552 283
13 513 625 283
158 625 552 283
513 625 552 283
105 510 495 284
159 510 579 284
10 579 495 284
510 579 495 284
143 589 472 285
159 589 509 285
100 509 472 285
589 509 472 285
141 198 626 286
133 198 595 286
160 595 626 286
198 595 626 286
141 626 598 287
160 626 627 287
161 627 598 287
626 627 598 287
159 588 580 288
161 588 627 288
160 627 580 288
588 627 580 288
166 628 630 289
164 628 629 289
165 629 630 289
628 629 630 289
156 567 631 290
162 567 534 290
152 534 631 290
567 534 631 290
124 591 199 291
163 591 632 291
167 632 199 291
591 632 199 291
163 621 632 292
168 621 633 292
167 633 632 292
621 633 632 292
166 630 634 293
165 630 236 293
11 236 634 293
630 236 634 293
163 590 622 294
156 590 631 294
152 631 622 294
590 631 622 294
167 633 636 295
168 633 635 295
169 635 636 295
633 635 636 295
157 614 624 296
166 614 634 296
11 634 624 296
614 634 624 296
164 628 200 297
166 628 615 297
140 615 200 297
628 615 200 297
168 620 637 298
152 620 535 298
165 535 637 298
620 535 637 298
164 638 629 299
169 638 639 299
165 639 629 299
638 639 629 299
168 637 635 300
165 637 639 300
169 639 635 300
637 639 635 300
164 201 638 301
3 201 640 301
169 640 638 301
201 640 638 301
167 636 202 302
169 636 640 302
3 640 202 302
636 640 202 302
