4 1212 !dim number data 
0.09375 0.23958333333333334 0.0 0.0
0.03125 0.23958333333333334 0.0 0.0
0.0625 0.20833333333333334 0.0 0.0
0.0625 0.22916666666666666 0.0 0.0
0.5168113456608648 0.12093476120179537 0.0 0.0
0.49815538583667557 0.16036760084226304 0.0 0.0
0.4739655835225129 0.11273510597389934 0.0 0.0
0.4963107716733511 0.13134582267265257 0.0 0.0
0.25366512345679015 0.3435570987654321 0.0 0.0
0.21055169753086422 0.36583719135802467 0.0 0.0
0.20534336419753088 0.3293788580246914 0.0 0.0
0.22318672839506173 0.3462577160493827 0.0 0.0
0.09375 0.6354166666666666 0.0 0.0
0.0625 0.6666666666666666 0.0 0.0
0.03125 0.6354166666666666 0.0 0.0
0.0625 0.6458333333333334 0.0 0.0
0.03125 0.7604166666666666 0.0 0.0
0.09375 0.7604166666666666 0.0 0.0
0.0625 0.7916666666666666 0.0 0.0
0.0625 0.7708333333333334 0.0 0.0
0.16014364756742805 0.9869791666666666 0.0 0.0
0.20307459026971222 0.9479166666666666 0.0 0.0
0.22264364756742805 0.9869791666666666 0.0 0.0
0.1952872951348561 0.9739583333333334 0.0 0.0
0.2855992186835961 0.9325710526795521 0.0 0.0
0.25400754034647005 0.973377138169888 0.0 0.0
0.23443848304875425 0.934314638169888 0.0 0.0
0.25801508069294016 0.9467542763397759 0.0 0.0
0.38000360569877145 0.7763788155937951 0.0 0.0
0.40732478580766807 0.8018563611766414 0.0 0.0
0.3676932426861892 0.830037716792334 0.0 0.0
0.3850072113975429 0.8027576311875902 0.0 0.0
0.734375 0.265625 0.0 0.0
0.71875 0.3125 0.0 0.0
0.703125 0.265625 0.0 0.0
0.71875 0.28125 0.0 0.0
0.9895833333333334 0.40625 0.0 0.0
0.9895833333333334 0.46875 0.0 0.0
0.9583333333333334 0.4375 0.0 0.0
0.9791666666666666 0.4375 0.0 0.0
0.5217430933242274 0.17346743039967794 0.0 0.0
0.5403990531484167 0.1340345907592103 0.0 0.0
0.5683164134727203 0.16513442420355887 0.0 0.0
0.5434861866484549 0.15754548178748234 0.0 0.0
0.1753534314405816 0.06531998960663611 0.0 0.0
0.22859417218132236 0.026546841458487968 0.0 0.0
0.21761742946603016 0.06741421768580372 0.0 0.0
0.2071883443626447 0.053093682916975936 0.0 0.0
0.8387824142483341 0.7892724020071764 0.0 0.0
0.8700324142483341 0.7712004943474563 0.0 0.0
0.8863796569933364 0.8167300697301055 0.0 0.0
0.8650648284966683 0.7924009886949128 0.0 0.0
0.6371527777777778 0.40625 0.0 0.0
0.673611111111111 0.4375 0.0 0.0
0.6371527777777778 0.46875 0.0 0.0
0.6493055555555555 0.4375 0.0 0.0
0.5371838536345727 0.9604796680146895 0.0 0.0
0.5059338536345727 0.9812412878467031 0.0 0.0
0.4924854145382908 0.9457267712188253 0.0 0.0
0.5118677072691454 0.962482575693406 0.0 0.0
0.6375357434640523 0.5231609136710239 0.0 0.0
0.6751429738562091 0.5301436546840959 0.0 0.0
0.6375357434640523 0.5856609136710239 0.0 0.0
0.6500714869281046 0.5463218273420479 0.0 0.0
0.90625 0.6145833333333334 0.0 0.0
0.9375 0.5833333333333334 0.0 0.0
0.96875 0.6145833333333334 0.0 0.0
0.9375 0.6041666666666666 0.0 0.0
0.05381944444444444 0.9329229797979798 0.0 0.0
0.022569444444444444 0.8907828282828282 0.0 0.0
0.05902777777777777 0.8959911616161617 0.0 0.0
0.04513888888888889 0.9065656565656566 0.0 0.0
0.11458333333333333 0.40625 0.0 0.0
0.11458333333333333 0.46875 0.0 0.0
0.08333333333333333 0.4375 0.0 0.0
0.10416666666666667 0.4375 0.0 0.0
0.559836075152183 0.6293280009777853 0.0 0.0
0.5991070044325245 0.6346554493650336 0.0 0.0
0.5606989470104392 0.6689492458473826 0.0 0.0
0.5732140088650489 0.6443108987300672 0.0 0.0
0.140625 0.22916666666666666 0.0 0.0
0.15625 0.18229166666666666 0.0 0.0
0.171875 0.21354166666666666 0.0 0.0
0.15625 0.20833333333333334 0.0 0.0
0.09375 0.5104166666666666 0.0 0.0
0.0625 0.5416666666666666 0.0 0.0
0.03125 0.5104166666666666 0.0 0.0
0.0625 0.5208333333333334 0.0 0.0
0.15625 0.7395833333333334 0.0 0.0
0.1875 0.7083333333333334 0.0 0.0
0.21875 0.7395833333333334 0.0 0.0
0.1875 0.7291666666666666 0.0 0.0
0.041666666666666664 0.8125 0.0 0.0
0.010416666666666666 0.84375 0.0 0.0
0.010416666666666666 0.78125 0.0 0.0
0.020833333333333332 0.8125 0.0 0.0
0.09375 0.3854166666666667 0.0 0.0
0.0625 0.4166666666666667 0.0 0.0
0.03125 0.3854166666666667 0.0 0.0
0.0625 0.3958333333333333 0.0 0.0
0.20824294934916635 0.8965442071610115 0.0 0.0
0.1820530780754536 0.8615739690657733 0.0 0.0
0.22657601245667322 0.855522066739284 0.0 0.0
0.20562401329376442 0.8712134143220229 0.0 0.0
0.05902777777777777 0.8715277777777777 0.0 0.0
0.022569444444444444 0.8663194444444443 0.0 0.0
0.05381944444444444 0.8350694444444443 0.0 0.0
0.04513888888888889 0.8576388888888888 0.0 0.0
0.15471117424242423 0.5301846590909091 0.0 0.0
0.20939867424242423 0.5614346590909091 0.0 0.0
0.189157196969697 0.5894886363636364 0.0 0.0
0.18442234848484848 0.5603693181818182 0.0 0.0
0.11458333333333333 0.71875 0.0 0.0
0.08333333333333333 0.6875 0.0 0.0
0.11458333333333333 0.65625 0.0 0.0
0.10416666666666667 0.6875 0.0 0.0
0.25308959485232624 0.18423786752227697 0.0 0.0
0.24295989871308157 0.22965321688056925 0.0 0.0
0.21170989871308157 0.21402821688056925 0.0 0.0
0.23591979742616312 0.20930643376113847 0.0 0.0
0.1402391975308642 0.13618827160493827 0.0 0.0
0.09857253086419752 0.11535493827160494 0.0 0.0
0.13387345679012344 0.09683641975308643 0.0 0.0
0.12422839506172839 0.11612654320987655 0.0 0.0
0.09375 0.2604166666666667 0.0 0.0
0.0625 0.2916666666666667 0.0 0.0
0.03125 0.2604166666666667 0.0 0.0
0.0625 0.2708333333333333 0.0 0.0
0.13541666666666666 0.28125 0.0 0.0
0.16666666666666666 0.3125 0.0 0.0
0.13541666666666666 0.34375 0.0 0.0
0.14583333333333334 0.3125 0.0 0.0
0.22268236488924517 0.8328657262225421 0.0 0.0
0.17815943050802555 0.8389176285490314 0.0 0.0
0.19266835907945415 0.8059188450940437 0.0 0.0
0.19783671815890833 0.8259007332885391 0.0 0.0
0.4408827275020042 0.8648104530981628 0.0 0.0
0.4458717234329061 0.8277879986810092 0.0 0.0
0.4995488090091464 0.871264266809805 0.0 0.0
0.46210108664801886 0.8546209061963257 0.0 0.0
0.14114652739288333 0.9746230596752982 0.0 0.0
0.1466551668692491 0.9375547387011925 0.0 0.0
0.1840774700951675 0.9355605596752982 0.0 0.0
0.15729305478576663 0.9492461193505962 0.0 0.0
0.09375 0.9932133838383838 0.0 0.0
0.03125 0.9932133838383838 0.0 0.0
0.0625 0.9728535353535354 0.0 0.0
0.0625 0.9864267676767676 0.0 0.0
0.1369047619047619 0.8283730158730158 0.0 0.0
0.08891369047619047 0.808655753968254 0.0 0.0
0.12016369047619047 0.777405753968254 0.0 0.0
0.11532738095238095 0.8048115079365079 0.0 0.0
0.15223552401210624 0.9128771593361131 0.0 0.0
0.16346795596431188 0.8759127422149806 0.0 0.0
0.18965782723802463 0.9108829803102187 0.0 0.0
0.1684537690714809 0.8998909606204375 0.0 0.0
0.010416666666666666 0.59375 0.0 0.0
0.010416666666666666 0.53125 0.0 0.0
0.041666666666666664 0.5625 0.0 0.0
0.020833333333333332 0.5625 0.0 0.0
0.09375 0.6145833333333334 0.0 0.0
0.03125 0.6145833333333334 0.0 0.0
0.0625 0.5833333333333334 0.0 0.0
0.0625 0.6041666666666666 0.0 0.0
0.11458333333333333 0.53125 0.0 0.0
0.11458333333333333 0.59375 0.0 0.0
0.08333333333333333 0.5625 0.0 0.0
0.10416666666666667 0.5625 0.0 0.0
0.252749010673831 0.6448859854535773 0.0 0.0
0.20461125835027594 0.6682349906815762 0.0 0.0
0.20780728107754867 0.6337889679543034 0.0 0.0
0.22172251670055187 0.6489699813631523 0.0 0.0
0.541388490758098 0.3329316209374986 0.0 0.0
0.5824683904248046 0.32542040523437465 0.0 0.0
0.5997713762365805 0.3566704052343746 0.0 0.0
0.5745427524731611 0.3383408104687493 0.0 0.0
0.2105034722222222 0.5407986111111112 0.0 0.0
0.1558159722222222 0.5095486111111112 0.0 0.0
0.19357638888888887 0.5069444444444445 0.0 0.0
0.18663194444444442 0.5190972222222223 0.0 0.0
0.543349942196285 0.9417976059185703 0.0 0.0
0.4986515031000031 0.9270447091227059 0.0 0.0
0.5305982078814219 0.9065130394622258 0.0 0.0
0.52419988439257 0.9251184515011674 0.0 0.0
0.11979166666666667 0.22395833333333334 0.0 0.0
0.08854166666666667 0.19270833333333334 0.0 0.0
0.13541666666666666 0.17708333333333334 0.0 0.0
0.11458333333333333 0.19791666666666666 0.0 0.0
0.07986111111111112 0.17013888888888892 0.0 0.0
0.08506944444444446 0.13368055555555555 0.0 0.0
0.12673611111111113 0.1545138888888889 0.0 0.0
0.09722222222222222 0.1527777777777778 0.0 0.0
0.010416666666666666 0.21875 0.0 0.0
0.010416666666666666 0.15625 0.0 0.0
0.041666666666666664 0.1875 0.0 0.0
0.020833333333333332 0.1875 0.0 0.0
0.2913843178079842 0.09098087612426096 0.0 0.0
0.2702640139472288 0.1324428763900288 0.0 0.0
0.24915757509269199 0.09372560197563685 0.0 0.0
0.2702686356159683 0.10571645149664222 0.0 0.0
0.05381944444444445 0.16493055555555555 0.0 0.0
0.022569444444444448 0.13368055555555555 0.0 0.0
0.05902777777777778 0.12847222222222224 0.0 0.0
0.045138888888888895 0.14236111111111113 0.0 0.0
0.2567577524282359 0.02633000886775187 0.0 0.0
0.2880077524282359 0.06445265924369172 0.0 0.0
0.24578100971294373 0.06719738509506763 0.0 0.0
0.26351550485647185 0.05266001773550374 0.0 0.0
0.08641975308641975 0.04007084736251403 0.0 0.0
0.11766975308641975 0.01971099887766555 0.0 0.0
0.12692901234567902 0.0584841470258137 0.0 0.0
0.1103395061728395 0.0394219977553311 0.0 0.0
0.041666666666666664 0.04797979797979798 0.0 0.0
0.010416666666666666 0.0901199494949495 0.0 0.0
0.010416666666666666 0.027619949494949492 0.0 0.0
0.020833333333333332 0.055239898989898985 0.0 0.0
0.14891975308641975 0.012924382716049385 0.0 0.0
0.21141975308641978 0.012924382716049385 0.0 0.0
0.15817901234567902 0.05169753086419754 0.0 0.0
0.1728395061728395 0.02584876543209877 0.0 0.0
0.1597284314405816 0.09136165627330278 0.0 0.0
0.20199242946603016 0.09345588435247039 0.0 0.0
0.16609417218132236 0.13071350812515461 0.0 0.0
0.1759383443626447 0.10517701625030927 0.0 0.0
0.43057085858950517 0.04846340372206637 0.0 0.0
0.4376310562753425 0.08184015439141971 0.0 0.0
0.4027232366721833 0.07836420040959395 0.0 0.0
0.42364171717901034 0.06955591950769334 0.0 0.0
0.18045989871308157 0.16715321688056925 0.0 0.0
0.23746459485232627 0.16861286752227697 0.0 0.0
0.19608489871308157 0.19840321688056925 0.0 0.0
0.20466979742616312 0.17805643376113847 0.0 0.0
0.4660046969370804 0.23866640970495726 0.0 0.0
0.4455364787709251 0.20641474870987908 0.0 0.0
0.4823082351416011 0.20264985909009137 0.0 0.0
0.46461647028320224 0.21591033916830926 0.0 0.0
0.3125 0.22751041275465986 0.0 0.0
0.34375 0.24437760318866497 0.0 0.0
0.28125 0.24437760318866497 0.0 0.0
0.3125 0.23875520637732994 0.0 0.0
0.4076894877568331 0.19884062430563207 0.0 0.0
0.3819612441275091 0.22538104517990756 0.0 0.0
0.37711673288071235 0.1780646015939058 0.0 0.0
0.3889224882550182 0.20076209035981515 0.0 0.0
0.08294753086419752 0.09609988776655444 0.0 0.0
0.07773919753086421 0.059168069584736256 0.0 0.0
0.11824845679012345 0.07758136924803592 0.0 0.0
0.0929783950617284 0.07761644219977555 0.0 0.0
0.21875 0.24479166666666666 0.0 0.0
0.15625 0.24479166666666666 0.0 0.0
0.1875 0.22916666666666666 0.0 0.0
0.1875 0.23958333333333334 0.0 0.0
0.358123985004271 0.18128901174066261 0.0 0.0
0.36296849625106775 0.2286054553266644 0.0 0.0
0.33171849625106775 0.21173826489265926 0.0 0.0
0.3509369925021355 0.20721091065332875 0.0 0.0
0.28125 0.012707550125313286 0.0 0.0
0.34375 0.012707550125313286 0.0 0.0
0.3125 0.05083020050125314 0.0 0.0
0.3125 0.02541510025062657 0.0 0.0
0.29314142443672736 0.1447149364522563 0.0 0.0
0.31426172829748267 0.10325293618648845 0.0 0.0
0.3406672170506859 0.14281384222454682 0.0 0.0
0.31602345659496534 0.1302605716210972 0.0 0.0
0.38655079269422604 0.019090561541322323 0.0 0.0
0.41780079269422604 0.032776005509542024 0.0 0.0
0.38995317077690417 0.06267680219706959 0.0 0.0
0.39810158538845214 0.038181123082644645 0.0 0.0
0.5650524000473216 0.266019806636781 0.0 0.0
0.6056873535588865 0.2618174516591953 0.0 0.0
0.5883843677471106 0.2930674516591953 0.0 0.0
0.5863747071177728 0.2736349033183905 0.0 0.0
0.2637932320464149 0.22923915340256754 0.0 0.0
0.2739229281856596 0.18382380404427523 0.0 0.0
0.2950432320464149 0.21237196296856242 0.0 0.0
0.2775864640928298 0.20847830680513504 0.0 0.0
0.3406672170506859 0.16615056195456518 0.0 0.0
0.31426172829748267 0.19659981510656185 0.0 0.0
0.29314142443672736 0.1680516561822746 0.0 0.0
0.31602345659496534 0.17693401108113385 0.0 0.0
0.4796794804383871 0.17476684392901487 0.0 0.0
0.4429077240677111 0.17853173354880258 0.0 0.0
0.4554896781242244 0.12713434906065113 0.0 0.0
0.45935896087677425 0.16014430884615619 0.0 0.0
0.6875 0.03027120590486798 0.0 0.0
0.65625 0.007567801476216995 0.0 0.0
0.71875 0.007567801476216995 0.0 0.0
0.6875 0.01513560295243399 0.0 0.0
0.43304150770862554 0.1214639713633383 0.0 0.0
0.42045955365211224 0.17286135585148973 0.0 0.0
0.38988679877599147 0.1520853331397635 0.0 0.0
0.4144626200455764 0.14880355345153048 0.0 0.0
0.5018538360946382 0.21289745104071178 0.0 0.0
0.5237188825830734 0.24740511651236083 0.0 0.0
0.48555029789011744 0.24891400165557767 0.0 0.0
0.5037076721892764 0.2364055230695501 0.0 0.0
0.36750500036130523 0.09671705647097573 0.0 0.0
0.3592581110318304 0.13081437222922668 0.0 0.0
0.33285262227862716 0.09125346619116832 0.0 0.0
0.35320524455725427 0.10626163163045692 0.0 0.0
0.010416666666666666 0.9098800505050505 0.0 0.0
0.041666666666666664 0.952020202020202 0.0 0.0
0.010416666666666666 0.9723800505050505 0.0 0.0
0.020833333333333332 0.9447601010101009 0.0 0.0
0.3657174593608927 0.027236297010562377 0.0 0.0
0.36911983744357085 0.07082253766630965 0.0 0.0
0.3344674593608927 0.06535894738650223 0.0 0.0
0.35643491872178545 0.054472594021124754 0.0 0.0
0.42559955252641024 0.10317285854001257 0.0 0.0
0.3824448435937762 0.13379422031643776 0.0 0.0
0.39069173292325104 0.09969690455818676 0.0 0.0
0.39957870968114584 0.11222132780487903 0.0 0.0
0.40625 0.004561814656073233 0.0 0.0
0.46875 0.004561814656073233 0.0 0.0
0.4375 0.018247258624292932 0.0 0.0
0.4375 0.009123629312146466 0.0 0.0
0.4815200658952791 0.02024921286859758 0.0 0.0
0.45733026358111645 0.06731140750617061 0.0 0.0
0.4502700658952791 0.03393465683681728 0.0 0.0
0.4630401317905582 0.04049842573719516 0.0 0.0
0.010416666666666666 0.34375 0.0 0.0
0.010416666666666666 0.28125 0.0 0.0
0.041666666666666664 0.3125 0.0 0.0
0.020833333333333332 0.3125 0.0 0.0
0.09375 0.3645833333333333 0.0 0.0
0.03125 0.3645833333333333 0.0 0.0
0.0625 0.3333333333333333 0.0 0.0
0.0625 0.3541666666666667 0.0 0.0
0.11458333333333333 0.28125 0.0 0.0
0.11458333333333333 0.34375 0.0 0.0
0.08333333333333333 0.3125 0.0 0.0
0.10416666666666667 0.3125 0.0 0.0
0.1409970238095238 0.7729785801181785 0.0 0.0
0.1722470238095238 0.7909470585679528 0.0 0.0
0.15773809523809523 0.8239458420229405 0.0 0.0
0.1569940476190476 0.7959571602363572 0.0 0.0
0.25235954809285804 0.8665976176075848 0.0 0.0
0.2851872206201931 0.9058761725389762 0.0 0.0
0.23402648498535125 0.9076197580293122 0.0 0.0
0.2571910845661341 0.8933645160586244 0.0 0.0
0.08023313492063493 0.8312251984126983 0.0 0.0
0.12822420634920637 0.8509424603174603 0.0 0.0
0.08544146825396824 0.8676835317460316 0.0 0.0
0.09796626984126983 0.8499503968253969 0.0 0.0
0.3068008055439354 0.552898150309297 0.0 0.0
0.25834691574176594 0.552898150309297 0.0 0.0
0.2818087731648945 0.5240926012371881 0.0 0.0
0.28231883148353193 0.5432963006185941 0.0 0.0
0.2709472261123753 0.9863979715032213 0.0 0.0
0.3025389044495013 0.9455918860128855 0.0 0.0
0.3021972261123753 0.9863979715032213 0.0 0.0
0.2918944522247507 0.9727959430064427 0.0 0.0
0.08516954649212194 0.9604974283621668 0.0 0.0
0.12192818596848772 0.9437889558729097 0.0 0.0
0.11641954649212194 0.9808572768470153 0.0 0.0
0.10783909298424386 0.9617145536940305 0.0 0.0
0.14047708617466162 0.8698363533260918 0.0 0.0
0.12924465422245598 0.9068007704472242 0.0 0.0
0.09769434807942351 0.8865774247546633 0.0 0.0
0.12247202949218038 0.8877381828426597 0.0 0.0
0.010416666666666666 0.71875 0.0 0.0
0.010416666666666666 0.65625 0.0 0.0
0.041666666666666664 0.6875 0.0 0.0
0.020833333333333332 0.6875 0.0 0.0
0.09375 0.7395833333333334 0.0 0.0
0.03125 0.7395833333333334 0.0 0.0
0.0625 0.7083333333333334 0.0 0.0
0.0625 0.7291666666666666 0.0 0.0
0.23307291666666666 0.4383680555555556 0.0 0.0
0.20833333333333334 0.4670138888888889 0.0 0.0
0.20703125 0.4123263888888889 0.0 0.0
0.21614583333333334 0.43923611111111116 0.0 0.0
0.1371527777777778 0.3975694444444445 0.0 0.0
0.17361111111111113 0.40277777777777785 0.0 0.0
0.1371527777777778 0.4600694444444445 0.0 0.0
0.14930555555555555 0.4201388888888889 0.0 0.0
0.3125 0.7811128437169158 0.0 0.0
0.28125 0.7577782109292289 0.0 0.0
0.34375 0.7577782109292289 0.0 0.0
0.3125 0.765556421858458 0.0 0.0
0.3270380773655293 0.8645816262940307 0.0 0.0
0.30844011871523763 0.8951166396051559 0.0 0.0
0.2756124461879026 0.8558380846737644 0.0 0.0
0.3036968807562232 0.8718454501909837 0.0 0.0
0.2912546686032637 0.7960846302430067 0.0 0.0
0.2587686744130547 0.8176653570335924 0.0 0.0
0.2600046686032637 0.7727499974553198 0.0 0.0
0.27000933720652737 0.7954999949106396 0.0 0.0
0.5129380809498147 0.8547334759508997 0.0 0.0
0.45926099537357445 0.8112572078221039 0.0 0.0
0.49443981526467784 0.7986872896625418 0.0 0.0
0.4888796305293557 0.8215593244785152 0.0 0.0
0.3950955556930316 0.9425135694442971 0.0 0.0
0.44133834005290545 0.9412352465762271 0.0 0.0
0.39228677914918747 0.9767497632041048 0.0 0.0
0.40957355829837483 0.9534995264082097 0.0 0.0
0.32692418458648737 0.8442951990533717 0.0 0.0
0.2754985534088606 0.8355516574331053 0.0 0.0
0.3079845475990696 0.8139709306425198 0.0 0.0
0.3034690951981392 0.8312725957096655 0.0 0.0
0.3643388071666402 0.9169693468896574 0.0 0.0
0.330621708959922 0.9103994551591291 0.0 0.0
0.3492196676102137 0.8798644418480039 0.0 0.0
0.34806006124559197 0.9024110812989301 0.0 0.0
0.4025396170856966 0.9216802361109638 0.0 0.0
0.42206302471984714 0.8934164298707715 0.0 0.0
0.4487824014455704 0.9204019132428938 0.0 0.0
0.4244616810837047 0.9118328597415429 0.0 0.0
0.3580255948375009 0.9407497131568111 0.0 0.0
0.32396681829365676 0.9749859069166188 0.0 0.0
0.32430849663078276 0.9341798214262829 0.0 0.0
0.33543363658731346 0.9499718138332375 0.0 0.0
0.33426959218128144 0.9885879354133974 0.0 0.0
0.3683283687251256 0.9543517416535897 0.0 0.0
0.36551959218128144 0.9885879354133974 0.0 0.0
0.3560391843625628 0.9771758708267949 0.0 0.0
0.15625 0.7559894928165912 0.0 0.0
0.21875 0.7559894928165912 0.0 0.0
0.1875 0.7739579712663653 0.0 0.0
0.1875 0.7619789856331827 0.0 0.0
0.23793534107972136 0.8158766389209547 0.0 0.0
0.20792133526993037 0.7889297577924562 0.0 0.0
0.23917133526993037 0.7709612793426821 0.0 0.0
0.22834267053986068 0.7919225586853643 0.0 0.0
0.3604798789958059 0.7756645113287419 0.0 0.0
0.34816951598322365 0.8293234125272808 0.0 0.0
0.3292298789958059 0.7989991441164288 0.0 0.0
0.3459597579916118 0.8013290226574838 0.0 0.0
0.3820856424469297 0.9097380420531027 0.0 0.0
0.3669665028905033 0.8726331370114493 0.0 0.0
0.40160905008108033 0.8814742358129104 0.0 0.0
0.3835537318061711 0.8879484716258208 0.0 0.0
0.1872176511413175 0.1443173422896745 0.0 0.0
0.22311590842602533 0.10705971851699024 0.0 0.0
0.24422234728056216 0.14577699293138222 0.0 0.0
0.218185302282635 0.13238468457934896 0.0 0.0
0.3494405864197531 0.35320216049382713 0.0 0.0
0.3040123456790124 0.3361304012345679 0.0 0.0
0.3181905864197531 0.3048804012345679 0.0 0.0
0.3238811728395062 0.3314043209876543 0.0 0.0
0.15625 0.2604166666666667 0.0 0.0
0.21875 0.2604166666666667 0.0 0.0
0.1875 0.2916666666666667 0.0 0.0
0.1875 0.2708333333333333 0.0 0.0
0.6664618692504342 0.04511658007832131 0.0 0.0
0.6345974770017367 0.06694929817003033 0.0 0.0
0.6352118692504342 0.02241317564967033 0.0 0.0
0.6454237385008684 0.04482635129934066 0.0 0.0
0.3671875 0.46875 0.0 0.0
0.34375 0.4375 0.0 0.0
0.3671875 0.40625 0.0 0.0
0.359375 0.4375 0.0 0.0
0.14756944444444445 0.3663194444444445 0.0 0.0
0.17881944444444445 0.3350694444444445 0.0 0.0
0.1840277777777778 0.37152777777777785 0.0 0.0
0.17013888888888892 0.3576388888888889 0.0 0.0
0.24527391975308643 0.2755594135802469 0.0 0.0
0.26234567901234573 0.3209876543209877 0.0 0.0
0.21402391975308643 0.3068094135802469 0.0 0.0
0.24054783950617287 0.3011188271604938 0.0 0.0
0.24701003086419757 0.4127121913580247 0.0 0.0
0.22096836419753085 0.386670524691358 0.0 0.0
0.26408179012345684 0.3643904320987654 0.0 0.0
0.24402006172839508 0.3879243827160494 0.0 0.0
0.6042572369926308 0.10658934108557559 0.0 0.0
0.5889449493898212 0.14841490187503328 0.0 0.0
0.5610275890655176 0.11731506843068469 0.0 0.0
0.5847432584826565 0.1241064371304312 0.0 0.0
0.010416666666666666 0.46875 0.0 0.0
0.010416666666666666 0.40625 0.0 0.0
0.041666666666666664 0.4375 0.0 0.0
0.020833333333333332 0.4375 0.0 0.0
0.09375 0.4895833333333333 0.0 0.0
0.03125 0.4895833333333333 0.0 0.0
0.0625 0.4583333333333333 0.0 0.0
0.0625 0.4791666666666667 0.0 0.0
0.2139625841078517 0.6901336649240003 0.0 0.0
0.26210033643140673 0.6667846596960015 0.0 0.0
0.2452125841078517 0.7213836649240003 0.0 0.0
0.24042516821570337 0.6927673298480007 0.0 0.0
0.11324763041293216 0.9246917336506874 0.0 0.0
0.07648899093656637 0.9414002061399446 0.0 0.0
0.08169732426989972 0.9044683879581262 0.0 0.0
0.09047798187313276 0.9235201092495862 0.0 0.0
0.3356928783491051 0.669300331590667 0.0 0.0
0.30815790999172005 0.6459513263626682 0.0 0.0
0.35377015766816505 0.638050331590667 0.0 0.0
0.33254031533633005 0.6511006631813341 0.0 0.0
0.14689867424242423 0.6343513257575758 0.0 0.0
0.181344696969697 0.6311553030303031 0.0 0.0
0.17814867424242423 0.6656013257575758 0.0 0.0
0.16879734848484848 0.6437026515151515 0.0 0.0
0.13541666666666666 0.71875 0.0 0.0
0.13541666666666666 0.65625 0.0 0.0
0.16666666666666666 0.6875 0.0 0.0
0.14583333333333334 0.6875 0.0 0.0
0.13648200757575757 0.5406013257575758 0.0 0.0
0.1709280303030303 0.5999053030303031 0.0 0.0
0.13648200757575757 0.6031013257575758 0.0 0.0
0.14796401515151517 0.5812026515151515 0.0 0.0
0.4915800871299198 0.5217274954437202 0.0 0.0
0.4603338950473513 0.47286520075088206 0.0 0.0
0.49756654060224764 0.4853918997387268 0.0 0.0
0.48316017425983954 0.4933281986444431 0.0 0.0
0.3052462731648945 0.5136759345705215 0.0 0.0
0.35209691574176594 0.5112314836426304 0.0 0.0
0.3302383055439354 0.5424814836426304 0.0 0.0
0.32919383148353193 0.5224629672852608 0.0 0.0
0.260561510673831 0.6240526521202439 0.0 0.0
0.21561978107754864 0.6129556346209701 0.0 0.0
0.23586125835027594 0.5849016573482428 0.0 0.0
0.23734751670055187 0.6073033146964856 0.0 0.0
0.2587597140419082 0.575550331590667 0.0 0.0
0.3072136038440776 0.575550331590667 0.0 0.0
0.28345996636546317 0.6147013263626682 0.0 0.0
0.2831444280838163 0.588600663181334 0.0 0.0
0.3148595450157718 0.6901336649240003 0.0 0.0
0.2704368243348317 0.7213836649240003 0.0 0.0
0.28732457665838673 0.6667846596960015 0.0 0.0
0.2908736486696634 0.6927673298480007 0.0 0.0
0.21962617469659837 0.5077592614204082 0.0 0.0
0.2600151154530603 0.5128078790149658 0.0 0.0
0.23655325802993174 0.5416134280870749 0.0 0.0
0.23873151605986342 0.5207268561741496 0.0 0.0
0.283886643230838 0.48242593457052146 0.0 0.0
0.2682372858077095 0.4487314836426304 0.0 0.0
0.3072997858077095 0.4487314836426304 0.0 0.0
0.28647457161541895 0.45996296728526076 0.0 0.0
0.3677137966007231 0.53125 0.0 0.0
0.3677137966007231 0.59375 0.0 0.0
0.34585518640289253 0.5625 0.0 0.0
0.36042759320144624 0.5625 0.0 0.0
0.30689746636546317 0.6251179930293348 0.0 0.0
0.3306511038440776 0.5859669982573337 0.0 0.0
0.3525097140419082 0.6172169982573337 0.0 0.0
0.3300194280838163 0.6094339965146673 0.0 0.0
0.36897424022698 0.65625 0.0 0.0
0.36897424022698 0.71875 0.0 0.0
0.35089696090792005 0.6875 0.0 0.0
0.36294848045396 0.6875 0.0 0.0
0.2856409068936467 0.7395833333333334 0.0 0.0
0.33006362757458674 0.7083333333333334 0.0 0.0
0.3481409068936467 0.7395833333333334 0.0 0.0
0.32128181378729337 0.7291666666666666 0.0 0.0
0.4270488913029716 0.6875 0.0 0.0
0.38801222282574294 0.71875 0.0 0.0
0.38801222282574294 0.65625 0.0 0.0
0.4010244456514858 0.6875 0.0 0.0
0.6580039722026089 0.7827672079806831 0.0 0.0
0.6007658888104351 0.7981074655522455 0.0 0.0
0.6267539722026089 0.7661749347065857 0.0 0.0
0.6285079444052176 0.7823498694131715 0.0 0.0
0.022569444444444448 0.10921717171717171 0.0 0.0
0.05381944444444445 0.06707702020202021 0.0 0.0
0.05902777777777778 0.1040088383838384 0.0 0.0
0.045138888888888895 0.09343434343434344 0.0 0.0
0.03125 0.006786616161616163 0.0 0.0
0.09375 0.006786616161616163 0.0 0.0
0.0625 0.02714646464646465 0.0 0.0
0.0625 0.013573232323232326 0.0 0.0
0.3047199765641713 0.4928426012371881 0.0 0.0
0.3281331191410428 0.45914815030929707 0.0 0.0
0.3515706191410428 0.49039815030929707 0.0 0.0
0.32814123828208563 0.4807963006185941 0.0 0.0
0.28578317901234573 0.373070987654321 0.0 0.0
0.30777391975308643 0.42139274691358025 0.0 0.0
0.26871141975308643 0.42139274691358025 0.0 0.0
0.28742283950617287 0.40528549382716045 0.0 0.0
0.29735725308641975 0.2840470679012346 0.0 0.0
0.28317901234567905 0.3152970679012346 0.0 0.0
0.26610725308641975 0.2698688271604938 0.0 0.0
0.28221450617283955 0.2897376543209877 0.0 0.0
0.30661651234567905 0.3626543209876543 0.0 0.0
0.35204475308641975 0.37972608024691357 0.0 0.0
0.32860725308641975 0.41097608024691357 0.0 0.0
0.32908950617283955 0.38445216049382713 0.0 0.0
0.28125 0.25472608024691357 0.0 0.0
0.34375 0.25472608024691357 0.0 0.0
0.3125 0.2689043209876543 0.0 0.0
0.3125 0.25945216049382713 0.0 0.0
0.3645833333333333 0.3380594135802469 0.0 0.0
0.3333333333333333 0.2897376543209877 0.0 0.0
0.3645833333333333 0.2755594135802469 0.0 0.0
0.3541666666666667 0.3011188271604938 0.0 0.0
0.4017635547413356 0.369547401570504 0.0 0.0
0.4195542189653425 0.338297401570504 0.0 0.0
0.4642635547413356 0.38443960628201596 0.0 0.0
0.42852710948267125 0.364094803141008 0.0 0.0
0.4569892846726038 0.7211283910020435 0.0 0.0
0.4804526161953751 0.7652860184253277 0.0 0.0
0.4452737963042717 0.7778559365848898 0.0 0.0
0.46090523239075026 0.7547567820040871 0.0 0.0
0.3809302214080023 0.34375 0.0 0.0
0.3809302214080023 0.28125 0.0 0.0
0.3987208856320092 0.3125 0.0 0.0
0.38686044281600457 0.3125 0.0 0.0
0.4451713636037471 0.24876817986964497 0.0 0.0
0.3989749018082678 0.24305693974884235 0.0 0.0
0.4247031454375918 0.21651651887456688 0.0 0.0
0.42294980361653556 0.2361138794976847 0.0 0.0
0.569386109027469 0.18978125924093106 0.0 0.0
0.5446778353674113 0.23262193090869912 0.0 0.0
0.5228127888789761 0.19811426543705016 0.0 0.0
0.5456255777579521 0.2068391518622268 0.0 0.0
0.4851518613685187 0.31400203431109946 0.0 0.0
0.43632541107100803 0.3064908186079755 0.0 0.0
0.46473120864248046 0.2809520587287781 0.0 0.0
0.46206949369400235 0.30048163721595106 0.0 0.0
0.43750507722324206 0.43156553680871806 0.0 0.0
0.4062512693058105 0.3928644353800575 0.0 0.0
0.4687512693058105 0.40775664009156953 0.0 0.0
0.4375025386116211 0.41072887076011505 0.0 0.0
0.6354166666666666 0.2708333333333333 0.0 0.0
0.6666666666666666 0.2708333333333333 0.0 0.0
0.6354166666666666 0.3333333333333333 0.0 0.0
0.6458333333333334 0.2916666666666667 0.0 0.0
0.5512246581793084 0.43870666837600575 0.0 0.0
0.5202892313852369 0.4586844687925111 0.0 0.0
0.514302777912909 0.4223488730875178 0.0 0.0
0.5286055558258181 0.43991333675201155 0.0 0.0
0.6164739600887997 0.40625 0.0 0.0
0.6164739600887997 0.46875 0.0 0.0
0.590895840355199 0.4375 0.0 0.0
0.6079479201775996 0.4375 0.0 0.0
0.6192323380627414 0.28125 0.0 0.0
0.6192323380627414 0.34375 0.0 0.0
0.6019293522509654 0.3125 0.0 0.0
0.6134646761254827 0.3125 0.0 0.0
0.5263228193620234 0.3483123558413359 0.0 0.0
0.5847057048405059 0.372051140138212 0.0 0.0
0.5222057048405059 0.3869433448497239 0.0 0.0
0.5444114096810116 0.36910228027642394 0.0 0.0
0.5073433221233281 0.30498615263696144 0.0 0.0
0.4869226693972899 0.27193617705464007 0.0 0.0
0.5250912540902458 0.27042729191142323 0.0 0.0
0.5064524152036213 0.2824498738676749 0.0 0.0
0.3963290420064954 0.26232041337360085 0.0 0.0
0.4425255038019747 0.26803165349440344 0.0 0.0
0.41411970623050226 0.29357041337360085 0.0 0.0
0.4176580840129908 0.27464082674720175 0.0 0.0
0.5689234059209497 0.3059878568935699 0.0 0.0
0.527843506254243 0.3134990725966939 0.0 0.0
0.5455914382211607 0.2789402118711557 0.0 0.0
0.5474527834654511 0.29947571378713983 0.0 0.0
0.4417599238058483 0.3303844734715453 0.0 0.0
0.4905863741033589 0.3378956891746692 0.0 0.0
0.48646925958184145 0.37652667818305724 0.0 0.0
0.47293851916368296 0.34826894694309063 0.0 0.0
0.8206215975230561 0.06506848591889207 0.0 0.0
0.8547016943973368 0.07681095816593092 0.0 0.0
0.8109062932179438 0.10337588881696459 0.0 0.0
0.8287431950461123 0.0817517776339292 0.0 0.0
0.6306241933627857 0.11529679746080686 0.0 0.0
0.6664954145461374 0.15214489393160974 0.0 0.0
0.6153119057599761 0.15712235825026455 0.0 0.0
0.6374771712229664 0.1415213498808937 0.0 0.0
0.49815538583667557 0.034108014834347375 0.0 0.0
0.5168113456608648 0.08936986469981646 0.0 0.0
0.4739655835225129 0.08117020947192043 0.0 0.0
0.4963107716733511 0.06821602966869476 0.0 0.0
0.5352912797655858 0.08042587507732532 0.0 0.0
0.5166353199413964 0.025164025211856234 0.0 0.0
0.5478853199413964 0.045394250981955854 0.0 0.0
0.5332706398827929 0.05032805042371247 0.0 0.0
0.678418942978218 0.23546140633038762 0.0 0.0
0.647168942978218 0.23546140633038762 0.0 0.0
0.6824257719128722 0.1918456253215505 0.0 0.0
0.6693378859564362 0.22092281266077526 0.0 0.0
0.66670021196237 0.1789661864248231 0.0 0.0
0.6314433830277157 0.2225819674336602 0.0 0.0
0.6155167031762087 0.18394365074347788 0.0 0.0
0.6378867660554315 0.1951639348673204 0.0 0.0
0.5991494636097998 0.08454552190566957 0.0 0.0
0.5559198156826867 0.09527124925077866 0.0 0.0
0.5685138558584973 0.060239625155409184 0.0 0.0
0.5745277117169946 0.08001879877061914 0.0 0.0
0.5902194423608023 0.19988302940561886 0.0 0.0
0.6061461222123095 0.23852134609580114 0.0 0.0
0.5655111687007446 0.2427237010733869 0.0 0.0
0.5872922444246188 0.2270426921916023 0.0 0.0
0.7567369580923407 0.024997723841063916 0.0 0.0
0.7879869580923407 0.04919032094299138 0.0 0.0
0.7456978323693625 0.0757982982623282 0.0 0.0
0.7634739161846813 0.04999544768212783 0.0 0.0
0.7444684544917258 0.3505743942080379 0.0 0.0
0.7874372044917258 0.3388556442080379 0.0 0.0
0.7786550679669032 0.3827663268321513 0.0 0.0
0.7701869089834515 0.35739878841607564 0.0 0.0
0.7051619779313479 0.10970754639886 0.0 0.0
0.6889579325889805 0.1402911909687586 0.0 0.0
0.6530867114056287 0.10344309449795573 0.0 0.0
0.6824022073086523 0.11781394395519144 0.0 0.0
0.968087240097098 0.03305135534176873 0.0 0.0
0.9320188635141115 0.09627035201810859 0.0 0.0
0.9084173369713788 0.06898642469073506 0.0 0.0
0.9361744801941961 0.06610271068353746 0.0 0.0
0.7724304954921006 0.2388969954339073 0.0 0.0
0.7772219819684025 0.20558798173562928 0.0 0.0
0.8349304954921006 0.2388969954339073 0.0 0.0
0.7948609909842013 0.22779399086781463 0.0 0.0
0.7038263682864633 0.09014727487802271 0.0 0.0
0.651751101760744 0.08388282297711842 0.0 0.0
0.6836154940094414 0.06205010488540941 0.0 0.0
0.6797309880188829 0.07869340091351686 0.0 0.0
0.7436278830389612 0.16631624620643834 0.0 0.0
0.7115932254973135 0.15600947889587924 0.0 0.0
0.7277972708396812 0.12542583432598067 0.0 0.0
0.7276727931253187 0.14925051980943274 0.0 0.0
0.7368909249466206 0.1910493880660169 0.0 0.0
0.7008494384703187 0.22435840176429492 0.0 0.0
0.7048562674049729 0.1807426207554578 0.0 0.0
0.7141988769406374 0.1987168035285899 0.0 0.0
0.86328125 0.3450520833333333 0.0 0.0
0.828125 0.3177083333333333 0.0 0.0
0.86328125 0.2825520833333333 0.0 0.0
0.8515625 0.3151041666666667 0.0 0.0
0.689236111111111 0.4114583333333333 0.0 0.0
0.6527777777777778 0.3802083333333333 0.0 0.0
0.6996527777777777 0.3645833333333333 0.0 0.0
0.6805555555555555 0.3854166666666667 0.0 0.0
0.75390625 0.27734375 0.0 0.0
0.78125 0.3125 0.0 0.0
0.73828125 0.32421875 0.0 0.0
0.7578125 0.3046875 0.0 0.0
0.7359036247590073 0.02450132628330509 0.0 0.0
0.7248644990360291 0.07530190070456938 0.0 0.0
0.7046536247590073 0.04720473071195608 0.0 0.0
0.7218072495180147 0.04900265256661018 0.0 0.0
0.7598871719590391 0.16002150654271738 0.0 0.0
0.744056559759759 0.1191310946622597 0.0 0.0
0.776630381177625 0.13083052024099542 0.0 0.0
0.7601913709654745 0.13666104048199082 0.0 0.0
0.7821051447230879 0.1713671899447099 0.0 0.0
0.7988483539416738 0.14217620364298791 0.0 0.0
0.8329284508159543 0.16451382827022973 0.0 0.0
0.8046273164935721 0.15935240728597586 0.0 0.0
0.7099304954921006 0.2388969954339073 0.0 0.0
0.7459719819684025 0.20558798173562928 0.0 0.0
0.7411804954921006 0.2388969954339073 0.0 0.0
0.7323609909842013 0.22779399086781463 0.0 0.0
0.6872957516339868 0.49889365468409586 0.0 0.0
0.6496885212418301 0.49191091367102396 0.0 0.0
0.6861468545751634 0.46066091367102396 0.0 0.0
0.67437704248366 0.48382182734204787 0.0 0.0
0.6510416666666666 0.3489583333333333 0.0 0.0
0.6822916666666666 0.2864583333333333 0.0 0.0
0.6979166666666666 0.3333333333333333 0.0 0.0
0.6770833333333334 0.3229166666666667 0.0 0.0
0.7162566489361701 0.4169806442080379 0.0 0.0
0.7266733156028368 0.3701056442080379 0.0 0.0
0.7608599290780141 0.4022975768321513 0.0 0.0
0.7345966312056738 0.39646128841607564 0.0 0.0
0.96875 0.4895833333333333 0.0 0.0
0.90625 0.4895833333333333 0.0 0.0
0.9375 0.4583333333333333 0.0 0.0
0.9375 0.4791666666666667 0.0 0.0
0.9166666666666666 0.3125 0.0 0.0
0.8854166666666666 0.34375 0.0 0.0
0.8854166666666666 0.28125 0.0 0.0
0.8958333333333334 0.3125 0.0 0.0
0.7136326909193457 0.49778800930458195 0.0 0.0
0.7124837938605223 0.45955526829151 0.0 0.0
0.7550362783832654 0.48748833215296833 0.0 0.0
0.7270509210543777 0.4816105365830201 0.0 0.0
0.2626192821197269 0.4919745456816325 0.0 0.0
0.22223034136326503 0.48692592808707486 0.0 0.0
0.2469699246965984 0.4582800947537415 0.0 0.0
0.2439398493931968 0.4790601895074829 0.0 0.0
0.8264582269049768 0.5320746316474644 0.0 0.0
0.8053780790463398 0.5038724877386889 0.0 0.0
0.8513672611902633 0.5071894238772306 0.0 0.0
0.8277345223805267 0.5143788477544613 0.0 0.0
0.8559173109715924 0.3909389775413712 0.0 0.0
0.8426076304111926 0.4221889775413712 0.0 0.0
0.8119789244467698 0.4075059101654846 0.0 0.0
0.8368346219431849 0.4068779550827423 0.0 0.0
0.7223132464749012 0.5202127778231005 0.0 0.0
0.7637168339388208 0.5099131006714868 0.0 0.0
0.7472060160827444 0.5492543423655841 0.0 0.0
0.7444120321654889 0.5264600736200572 0.0 0.0
0.8424479166666666 0.26171875 0.0 0.0
0.8072916666666666 0.296875 0.0 0.0
0.7799479166666666 0.26171875 0.0 0.0
0.8098958333333334 0.2734375 0.0 0.0
0.8046967346335698 0.3879746601654846 0.0 0.0
0.8134788711583925 0.3440639775413712 0.0 0.0
0.8486351211583925 0.3714077275413712 0.0 0.0
0.8222702423167849 0.3678154550827423 0.0 0.0
0.7695210727442722 0.4698497293566488 0.0 0.0
0.726968588221529 0.44191666549519054 0.0 0.0
0.771571868363373 0.42723359811930406 0.0 0.0
0.7560205097763913 0.44633333099038114 0.0 0.0
0.7079841015070327 0.5414952454135448 0.0 0.0
0.732876871114876 0.5705368099560285 0.0 0.0
0.706400254067347 0.5950429710332642 0.0 0.0
0.7157537422297519 0.5690250088009458 0.0 0.0
0.8272779030298847 0.44191666549519054 0.0 0.0
0.7945984014463612 0.4698497293566488 0.0 0.0
0.796649197065462 0.42723359811930406 0.0 0.0
0.8061751671805691 0.44633333099038114 0.0 0.0
0.8549672996600988 0.6111487136786055 0.0 0.0
0.8197782329256814 0.6072096469441881 0.0 0.0
0.8300582653748121 0.5735339214488392 0.0 0.0
0.8349345993201975 0.5972974273572108 0.0 0.0
0.8283657475816675 0.843428713718481 0.0 0.0
0.8283657475816675 0.8073294568499326 0.0 0.0
0.8759629903266698 0.8347871245728617 0.0 0.0
0.844231495163335 0.8285150983804251 0.0 0.0
0.4767462054956098 0.7032338079685445 0.0 0.0
0.5243014795962959 0.7062776044508935 0.0 0.0
0.5002095370183811 0.7473914353918287 0.0 0.0
0.5004190740367623 0.7189676159370889 0.0 0.0
0.8705634398132 0.40625 0.0 0.0
0.8705634398132 0.46875 0.0 0.0
0.8572537592528001 0.4375 0.0 0.0
0.8661268796264 0.4375 0.0 0.0
0.8092445302879687 0.4851607518152776 0.0 0.0
0.8419240318714922 0.45722768795381946 0.0 0.0
0.8552337124318922 0.48847768795381946 0.0 0.0
0.8354674248637844 0.4769553759076388 0.0 0.0
0.53125 0.0067434085900332065 0.0 0.0
0.59375 0.0067434085900332065 0.0 0.0
0.5625 0.026973634360132826 0.0 0.0
0.5625 0.013486817180066413 0.0 0.0
0.6137641436684034 0.06612490528384656 0.0 0.0
0.5831285359171009 0.041819008533586166 0.0 0.0
0.6143785359171009 0.021588782763486542 0.0 0.0
0.6037570718342017 0.043177565526973084 0.0 0.0
0.7880057053382673 0.6295080665650407 0.0 0.0
0.7919447720726845 0.6646971332994579 0.0 0.0
0.7342181550251555 0.6314775999322494 0.0 0.0
0.7713895441453692 0.641894266598916 0.0 0.0
0.65625 0.7417207833164765 0.0 0.0
0.6875 0.7168831332659064 0.0 0.0
0.71875 0.7417207833164765 0.0 0.0
0.6875 0.7334415666329531 0.0 0.0
0.6834478439366279 0.6349280721601983 0.0 0.0
0.678674460984157 0.6745599554768368 0.0 0.0
0.647424460984157 0.636897605527407 0.0 0.0
0.669848921968314 0.6487952110548141 0.0 0.0
0.7238014883584888 0.6122357017841011 0.0 0.0
0.7502781054060179 0.5877295407068654 0.0 0.0
0.7775890386716006 0.6102661684168925 0.0 0.0
0.7505562108120358 0.6034104703026197 0.0 0.0
0.6871507681736994 0.5503204768950263 0.0 0.0
0.6855669207340136 0.6038682025147457 0.0 0.0
0.6495435377815426 0.6058377358819543 0.0 0.0
0.6740870755630852 0.5866754717639088 0.0 0.0
0.9166666666666666 0.5625 0.0 0.0
0.8854166666666666 0.59375 0.0 0.0
0.8854166666666666 0.53125 0.0 0.0
0.8958333333333334 0.5625 0.0 0.0
0.18619791666666666 0.4227430555555556 0.0 0.0
0.1875 0.4774305555555556 0.0 0.0
0.14973958333333334 0.48003472222222227 0.0 0.0
0.17447916666666666 0.4600694444444445 0.0 0.0
0.8645833333333334 0.71875 0.0 0.0
0.8333333333333334 0.6875 0.0 0.0
0.8645833333333334 0.65625 0.0 0.0
0.8541666666666666 0.6875 0.0 0.0
0.37513730407885415 0.8508710501256673 0.0 0.0
0.414768847200333 0.8226896945099748 0.0 0.0
0.4097798512694311 0.8597121489271284 0.0 0.0
0.39989533418287276 0.8444242978542569 0.0 0.0
0.4361559513392705 0.7168258485276154 0.0 0.0
0.4244404629709384 0.7735533941104618 0.0 0.0
0.3971192828620418 0.7480758485276154 0.0 0.0
0.4192385657240836 0.746151697055231 0.0 0.0
0.40849856621540787 0.5267023213875631 0.0 0.0
0.47099856621540787 0.5517657175090619 0.0 0.0
0.4464942648616314 0.5817458894287539 0.0 0.0
0.4419971324308157 0.5534046427751264 0.0 0.0
0.565126562306495 0.7230359055916854 0.0 0.0
0.6035346197285804 0.7512421091093363 0.0 0.0
0.5775465363364067 0.7831746399549963 0.0 0.0
0.5820692394571608 0.7524842182186727 0.0 0.0
0.46829048109159904 0.6624053732179809 0.0 0.0
0.46724951126059383 0.6236989412591716 0.0 0.0
0.5149828833340289 0.6258279248307325 0.0 0.0
0.48350762522874063 0.6373107464359616 0.0 0.0
0.6121973141926382 0.6572645988274497 0.0 0.0
0.6121973141926382 0.7197645988274498 0.0 0.0
0.5737892567705529 0.6915583953097988 0.0 0.0
0.5993946283852765 0.6895291976548994 0.0 0.0
0.7491520705240982 0.8682319778198253 0.0 0.0
0.7185380176310247 0.8490434615889866 0.0 0.0
0.7810380176310247 0.8151413770734264 0.0 0.0
0.7495760352620491 0.8441389388274128 0.0 0.0
0.78125 0.7000541166498099 0.0 0.0
0.75 0.7313041166498099 0.0 0.0
0.71875 0.7064664665992396 0.0 0.0
0.75 0.7126082332996199 0.0 0.0
0.5321959672011651 0.48244671688242774 0.0 0.0
0.5631313939952367 0.46246891646592236 0.0 0.0
0.561929721176622 0.5173978654471841 0.0 0.0
0.5524190274576747 0.48743783293184473 0.0 0.0
0.5331406267554665 0.4052729396153493 0.0 0.0
0.5956406267554665 0.3903807349038373 0.0 0.0
0.5700625070218658 0.4216307349038373 0.0 0.0
0.5662812535109328 0.40576146980767464 0.0 0.0
0.5762033001702659 0.5714627825125997 0.0 0.0
0.6029830927224812 0.6102838335313379 0.0 0.0
0.5637121634421397 0.6049563851440896 0.0 0.0
0.5809661854449623 0.5955676670626757 0.0 0.0
0.40067745570781743 0.6329311893470636 0.0 0.0
0.438673154354041 0.6254747573882544 0.0 0.0
0.43971412418504613 0.6641811893470636 0.0 0.0
0.42635491141563486 0.6408623786941272 0.0 0.0
0.5807675700191793 0.5211552653083491 0.0 0.0
0.5819692428377939 0.4662263163270873 0.0 0.0
0.6075473625713946 0.4974763163270873 0.0 0.0
0.5900947251427894 0.4949526326541746 0.0 0.0
0.43750507722324206 0.4766226006120469 0.0 0.0
0.4687512693058105 0.5254848953048852 0.0 0.0
0.4062512693058105 0.5004214991833864 0.0 0.0
0.4375025386116211 0.5008429983667728 0.0 0.0
0.3854179359724772 0.4087337004762202 0.0 0.0
0.41667174388990874 0.4474348019048808 0.0 0.0
0.3854179359724772 0.4712337004762202 0.0 0.0
0.3958358719449544 0.44246740095244036 0.0 0.0
0.4915800871299198 0.42483257356373794 0.0 0.0
0.49756654060224764 0.4611681692687313 0.0 0.0
0.4603338950473514 0.4486414702808865 0.0 0.0
0.48316017425983965 0.4448807377044519 0.0 0.0
0.4844892290688294 0.6763221160317002 0.0 0.0
0.5311816313112593 0.6397446676444519 0.0 0.0
0.5320445031695155 0.6793659125140493 0.0 0.0
0.5159051211832014 0.6651442320634006 0.0 0.0
0.5553699668369325 0.5589839145530991 0.0 0.0
0.5428788301088064 0.5924775171845892 0.0 0.0
0.5196497593891478 0.5603683616933361 0.0 0.0
0.5392995187782955 0.5706099311436749 0.0 0.0
0.519888673779032 0.5012178489229274 0.0 0.0
0.5496224277544889 0.5361689974876839 0.0 0.0
0.5139022203067042 0.5375534446279207 0.0 0.0
0.5278044406134083 0.5249800970128439 0.0 0.0
0.6160734024825949 0.5912263163270873 0.0 0.0
0.5892936099303796 0.5524052653083492 0.0 0.0
0.6160734024825949 0.5287263163270873 0.0 0.0
0.6071468049651898 0.5574526326541746 0.0 0.0
0.3876652328820745 0.5391811893470636 0.0 0.0
0.42566093152829804 0.5942247573882544 0.0 0.0
0.3876652328820745 0.6016811893470636 0.0 0.0
0.40033046576414905 0.5783623786941272 0.0 0.0
0.5228039938416194 0.6029323902045655 0.0 0.0
0.4750706217681843 0.6008034066330046 0.0 0.0
0.4995749231219608 0.5708232347133125 0.0 0.0
0.49914984624392145 0.5915196771836274 0.0 0.0
0.8831215975230561 0.22793631193709274 0.0 0.0
0.8762363900922244 0.18777393656433453 0.0 0.0
0.9143715975230561 0.20190762312112912 0.0 0.0
0.8912431950461123 0.20587262387418548 0.0 0.0
0.7528760642676584 0.09663163159566153 0.0 0.0
0.7951651899906366 0.07002365427632472 0.0 0.0
0.7854498856855242 0.10833105717439724 0.0 0.0
0.777830379981273 0.0916621143487945 0.0 0.0
0.6354166666666666 0.6583874499831432 0.0 0.0
0.6666666666666666 0.696049799932573 0.0 0.0
0.6354166666666666 0.7208874499831431 0.0 0.0
0.6458333333333334 0.6917748999662865 0.0 0.0
0.90625 0.3645833333333333 0.0 0.0
0.9375 0.3333333333333333 0.0 0.0
0.96875 0.3645833333333333 0.0 0.0
0.9375 0.3541666666666667 0.0 0.0
0.772424460984157 0.6785642721940737 0.0 0.0
0.709924460984157 0.6849766221435035 0.0 0.0
0.7146978439366279 0.645344738826865 0.0 0.0
0.732348921968314 0.6696285443881473 0.0 0.0
0.7680339278569299 0.5552218312846381 0.0 0.0
0.7845447457130064 0.5158805895905408 0.0 0.0
0.8056248935716436 0.5440827334993162 0.0 0.0
0.78606785571386 0.538395051458165 0.0 0.0
0.84375 0.7395833333333334 0.0 0.0
0.78125 0.7395833333333334 0.0 0.0
0.8125 0.7083333333333334 0.0 0.0
0.8125 0.7291666666666666 0.0 0.0
0.8528536444218608 0.6341036444218608 0.0 0.0
0.8216036444218608 0.6653536444218608 0.0 0.0
0.8176645776874435 0.6301645776874435 0.0 0.0
0.8307072888437217 0.6432072888437217 0.0 0.0
0.8666969885715711 0.5916284025900779 0.0 0.0
0.8417879542862847 0.5540136103603116 0.0 0.0
0.8666969885715711 0.5291284025900779 0.0 0.0
0.8583939771431424 0.5582568051801559 0.0 0.0
0.7716339663267654 0.5758477877526795 0.0 0.0
0.8092249320414787 0.5647086899673576 0.0 0.0
0.7989448995923479 0.5983844154627066 0.0 0.0
0.7932679326535307 0.5796469643942479 0.0 0.0
0.9895833333333334 0.71875 0.0 0.0
0.9583333333333334 0.6875 0.0 0.0
0.9895833333333334 0.65625 0.0 0.0
0.9791666666666666 0.6875 0.0 0.0
0.9088904610371676 0.12454956022718917 0.0 0.0
0.8755736301893225 0.14616818817809116 0.0 0.0
0.8852889344944348 0.09726563289981566 0.0 0.0
0.8899176752403083 0.12266112710169867 0.0 0.0
0.7601287486003964 0.9184627324513732 0.0 0.0
0.7936947299362179 0.9430383877748986 0.0 0.0
0.7607646957073229 0.9723002240452544 0.0 0.0
0.7715293914146457 0.9446004480905087 0.0 0.0
0.9791666666666666 0.25174043706134547 0.0 0.0
0.9479166666666666 0.28299043706134547 0.0 0.0
0.9479166666666666 0.22571174824538187 0.0 0.0
0.9583333333333334 0.253480874122691 0.0 0.0
0.78125 0.008064199033975821 0.0 0.0
0.84375 0.008064199033975821 0.0 0.0
0.8125 0.032256796135903286 0.0 0.0
0.8125 0.016128398067951643 0.0 0.0
0.8683567958323742 0.055977624832597585 0.0 0.0
0.8342766989580935 0.04423515258555873 0.0 0.0
0.8655266989580935 0.020042555483631264 0.0 0.0
0.8560533979161872 0.04008511096726253 0.0 0.0
0.9592766989580935 0.011978356449655442 0.0 0.0
0.8996067958323742 0.04791342579862177 0.0 0.0
0.8967766989580935 0.011978356449655442 0.0 0.0
0.9185533979161872 0.023956712899310884 0.0 0.0
0.9879772078056712 0.04190633222544662 0.0 0.0
0.9879772078056712 0.10440633222544661 0.0 0.0
0.9519088312226845 0.10512532890178648 0.0 0.0
0.9759544156113423 0.08381266445089323 0.0 0.0
0.9895833333333334 0.28125 0.0 0.0
0.9895833333333334 0.34375 0.0 0.0
0.9583333333333334 0.3125 0.0 0.0
0.9791666666666666 0.3125 0.0 0.0
0.9270833333333334 0.22571174824538187 0.0 0.0
0.9270833333333334 0.28299043706134547 0.0 0.0
0.8958333333333334 0.25174043706134547 0.0 0.0
0.9166666666666666 0.253480874122691 0.0 0.0
0.90625 0.3854166666666667 0.0 0.0
0.96875 0.3854166666666667 0.0 0.0
0.9375 0.4166666666666667 0.0 0.0
0.9375 0.3958333333333333 0.0 0.0
0.8854166666666666 0.46875 0.0 0.0
0.8854166666666666 0.40625 0.0 0.0
0.9166666666666666 0.4375 0.0 0.0
0.8958333333333334 0.4375 0.0 0.0
0.5183367274309878 0.800838951416813 0.0 0.0
0.5548486440388141 0.8198638548391886 0.0 0.0
0.5368349931161246 0.8568851377051708 0.0 0.0
0.5366734548619755 0.8258626479870576 0.0 0.0
0.6569105927166522 0.8546707184211156 0.0 0.0
0.6223804542587824 0.8768803819624013 0.0 0.0
0.5996725093244786 0.8346292570914953 0.0 0.0
0.6263211854333045 0.8553934524916708 0.0 0.0
0.4612354145382908 0.9526473111628296 0.0 0.0
0.4746838536345727 0.9881618277907074 0.0 0.0
0.4121838536345727 0.9881618277907074 0.0 0.0
0.4493677072691454 0.9763236555814148 0.0 0.0
0.4481261877669447 0.8861464323612548 0.0 0.0
0.5067922692740868 0.8926002460728969 0.0 0.0
0.47484556449266807 0.913131915733377 0.0 0.0
0.47658800717789984 0.8972928647225095 0.0 0.0
0.5442932289731618 0.7273384480661136 0.0 0.0
0.5567132030030734 0.7874771824294241 0.0 0.0
0.5202012863952471 0.7684522790070488 0.0 0.0
0.5404025727904941 0.7610893031675289 0.0 0.0
0.6684206388692755 0.8000918720391098 0.0 0.0
0.6684206388692755 0.8354735909402927 0.0 0.0
0.6111825554771019 0.8154321296106724 0.0 0.0
0.649341277738551 0.8169991975300249 0.0 0.0
0.8125 0.7740958768796267 0.0 0.0
0.78125 0.7560239692199066 0.0 0.0
0.84375 0.7560239692199066 0.0 0.0
0.8125 0.7620479384398133 0.0 0.0
0.6352062687591852 0.9727411638878505 0.0 0.0
0.6319261303013154 0.9219248196044164 0.0 0.0
0.6691052134946104 0.9417809998348359 0.0 0.0
0.6454125375183702 0.945482327775701 0.0 0.0
0.65625 0.7555307577580325 0.0 0.0
0.71875 0.7555307577580325 0.0 0.0
0.6875 0.7721230310321298 0.0 0.0
0.6875 0.7610615155160648 0.0 0.0
0.5822399538473767 0.9553790587961709 0.0 0.0
0.6102098153895069 0.92532433434475 0.0 0.0
0.6134899538473767 0.9761406786281842 0.0 0.0
0.6019799076947535 0.9522813572563683 0.0 0.0
0.7291666666666666 0.7728554218164593 0.0 0.0
0.6979166666666666 0.8248294139917395 0.0 0.0
0.6979166666666666 0.7894476950905566 0.0 0.0
0.7083333333333334 0.7957108436329183 0.0 0.0
0.9479166666666666 0.758889054171488 0.0 0.0
0.9479166666666666 0.713159763542872 0.0 0.0
0.9791666666666666 0.744409763542872 0.0 0.0
0.9583333333333334 0.7388195270857439 0.0 0.0
0.7396183854359065 0.9178966231904869 0.0 0.0
0.7402543325428329 0.971734114784368 0.0 0.0
0.7116532772782582 0.9407739507313536 0.0 0.0
0.7305086650856659 0.9434682295687362 0.0 0.0
0.595542570617886 0.9066422722486308 0.0 0.0
0.5675727090757557 0.9366969967000515 0.0 0.0
0.5548209747608926 0.901412430243707 0.0 0.0
0.5726454181515114 0.9149172330641298 0.0 0.0
0.59375 0.9930794600559955 0.0 0.0
0.53125 0.9930794600559955 0.0 0.0
0.5625 0.9723178402239823 0.0 0.0
0.5625 0.9861589201119911 0.0 0.0
0.574588597886191 0.8402891976036159 0.0 0.0
0.5972965428204947 0.8825403224745219 0.0 0.0
0.5565749469635014 0.877310480469598 0.0 0.0
0.5761533625567291 0.866713333515912 0.0 0.0
0.642342796967982 0.8975828169961765 0.0 0.0
0.6768729354258518 0.8753731534548909 0.0 0.0
0.679521880161277 0.9174389972265958 0.0 0.0
0.6662458708517036 0.8967983225592211 0.0 0.0
0.7292017187692399 0.893554620582247 0.0 0.0
0.7012366106115914 0.9164319481231136 0.0 0.0
0.6985876658761662 0.8743661043514085 0.0 0.0
0.7096753317523325 0.8947842243522564 0.0 0.0
0.6571329815784751 0.9896799453156618 0.0 0.0
0.6910319263139003 0.9587197812626472 0.0 0.0
0.7196329815784751 0.9896799453156618 0.0 0.0
0.6892659631569501 0.9793598906313236 0.0 0.0
0.78125 0.7914205409380534 0.0 0.0
0.71875 0.8253226254536136 0.0 0.0
0.75 0.7733486332783334 0.0 0.0
0.75 0.7966972665566668 0.0 0.0
0.8267230305693131 0.8826698744053237 0.0 0.0
0.8677120880483572 0.9140855112503083 0.0 0.0
0.828403064798208 0.9242368736066996 0.0 0.0
0.840946061138626 0.9069974197541106 0.0 0.0
0.90625 0.6354166666666666 0.0 0.0
0.96875 0.6354166666666666 0.0 0.0
0.9375 0.6666666666666666 0.0 0.0
0.9375 0.6458333333333334 0.0 0.0
0.8854166666666666 0.71875 0.0 0.0
0.8854166666666666 0.65625 0.0 0.0
0.9166666666666666 0.6875 0.0 0.0
0.8958333333333334 0.6875 0.0 0.0
0.9895833333333334 0.53125 0.0 0.0
0.9895833333333334 0.59375 0.0 0.0
0.9583333333333334 0.5625 0.0 0.0
0.9791666666666666 0.5625 0.0 0.0
0.90625 0.5104166666666666 0.0 0.0
0.96875 0.5104166666666666 0.0 0.0
0.9375 0.5416666666666666 0.0 0.0
0.9375 0.5208333333333334 0.0 0.0
0.7957602461581255 0.19220052327804318 0.0 0.0
0.8465835522509918 0.18534716160356304 0.0 0.0
0.8534687596818235 0.22550953697632126 0.0 0.0
0.8319375193636468 0.2010190739526425 0.0 0.0
0.8628232919203929 0.0970259673410357 0.0 0.0
0.8531079876152807 0.1459285226193112 0.0 0.0
0.8190278907409999 0.12359089799206939 0.0 0.0
0.8449863900922244 0.12218179598413875 0.0 0.0
0.9895833333333334 0.15799043706134547 0.0 0.0
0.9895833333333334 0.2204904370613455 0.0 0.0
0.9583333333333334 0.19446174824538187 0.0 0.0
0.9791666666666666 0.19098087412269094 0.0 0.0
0.9775605411390046 0.1373967692867921 0.0 0.0
0.9463105411390046 0.17386808047082847 0.0 0.0
0.9414921645560179 0.13811576596313194 0.0 0.0
0.955121082278009 0.14979353857358416 0.0 0.0
0.885046931231229 0.16718026878978118 0.0 0.0
0.918363762079074 0.1455616408388792 0.0 0.0
0.9231821386620606 0.18131395534657577 0.0 0.0
0.9088642773241212 0.1646852883250787 0.0 0.0
0.9429490809150008 0.8053155792990377 0.0 0.0
0.9741990809150008 0.8533362886704218 0.0 0.0
0.9280463236600031 0.836365864053071 0.0 0.0
0.9483981618300016 0.8316725773408434 0.0 0.0
0.7699854038574315 0.8689643686041547 0.0 0.0
0.8018713509643579 0.8158737678577559 0.0 0.0
0.8018713509643579 0.8519730247263043 0.0 0.0
0.7912427019287157 0.8456037203960717 0.0 0.0
0.7818100114096316 0.9902460545765481 0.0 0.0
0.8147400456385266 0.9609842183061924 0.0 0.0
0.8443100114096316 0.9902460545765481 0.0 0.0
0.8136200228192633 0.9804921091530963 0.0 0.0
0.8388197314648748 0.9478464854306101 0.0 0.0
0.878128754715024 0.9376951230742187 0.0 0.0
0.8683896972359797 0.9771083217009657 0.0 0.0
0.8617793944719594 0.9542166434019316 0.0 0.0
0.9221157475816675 0.7844822459657044 0.0 0.0
0.9072129903266698 0.8155325307197376 0.0 0.0
0.8908657475816675 0.7700029553370884 0.0 0.0
0.906731495163335 0.7900059106741768 0.0 0.0
0.8041113966028846 0.9194287759509882 0.0 0.0
0.7705454152670631 0.8948531206274627 0.0 0.0
0.8024313623739895 0.8778617767496124 0.0 0.0
0.7923627247479791 0.8973812244426878 0.0 0.0
0.8931605586652697 0.9764456004577511 0.0 0.0
0.9028996161443139 0.937032401831004 0.0 0.0
0.9379031771820344 0.9451956004577511 0.0 0.0
0.9113211173305394 0.9528912009155021 0.0 0.0
0.9270833333333334 0.713159763542872 0.0 0.0
0.9270833333333334 0.758889054171488 0.0 0.0
0.8958333333333334 0.744409763542872 0.0 0.0
0.9166666666666666 0.7388195270857439 0.0 0.0
0.9895833333333334 0.838159763542872 0.0 0.0
0.9583333333333334 0.790139054171488 0.0 0.0
0.9895833333333334 0.775659763542872 0.0 0.0
0.9791666666666666 0.8013195270857439 0.0 0.0
0.883017824220393 0.8973493151346433 0.0 0.0
0.842028766741349 0.8659336782896588 0.0 0.0
0.8896260094863511 0.8572920891440395 0.0 0.0
0.8715575334826977 0.8735250275227805 0.0 0.0
0.978696620420589 0.8797598584608831 0.0 0.0
0.9609392389373538 0.9110098584608831 0.0 0.0
0.9325438631655913 0.8627894338435323 0.0 0.0
0.9573932408411782 0.8845197169217661 0.0 0.0
0.9083486970593148 0.9105422602918871 0.0 0.0
0.9149568823252728 0.8704850343012832 0.0 0.0
0.9433522580970353 0.9187054589186342 0.0 0.0
0.9222192791605409 0.8999109178372682 0.0 0.0
0.9940808728389215 0.90625 0.0 0.0
0.9940808728389215 0.96875 0.0 0.0
0.9763234913556863 0.9375 0.0 0.0
0.9881617456778432 0.9375 0.0 0.0
0.9107475395055883 0.9895833333333334 0.0 0.0
0.955490158022353 0.9583333333333334 0.0 0.0
0.9732475395055883 0.9895833333333334 0.0 0.0
0.9464950790111765 0.9791666666666666 0.0 0.0
