1 1212 !  dim ndata
time    0.0 
1212 
1 10.0
2 10.0
3 10.0
4 10.0
5 10.0
6 10.0
7 10.0
8 10.0
9 10.0
10 10.0
11 10.0
12 10.0
13 10.0
14 10.0
15 10.0
16 10.0
17 10.0
18 10.0
19 10.0
20 10.0
21 10.0
22 10.0
23 10.0
24 10.0
25 10.0
26 10.0
27 10.0
28 10.0
29 10.0
30 10.0
31 10.0
32 10.0
33 10.0
34 10.0
35 10.0
36 10.0
37 10.0
38 10.0
39 10.0
40 10.0
41 10.0
42 10.0
43 10.0
44 10.0
45 10.0
46 10.0
47 10.0
48 10.0
49 10.0
50 10.0
51 10.0
52 10.0
53 10.0
54 10.0
55 10.0
56 10.0
57 10.0
58 10.0
59 10.0
60 10.0
61 10.0
62 10.0
63 10.0
64 10.0
65 10.0
66 10.0
67 10.0
68 10.0
69 10.0
70 10.0
71 10.0
72 10.0
73 10.0
74 10.0
75 10.0
76 10.0
77 10.0
78 10.0
79 10.0
80 10.0
81 10.0
82 10.0
83 10.0
84 10.0
85 10.0
86 10.0
87 10.0
88 10.0
89 10.0
90 10.0
91 10.0
92 10.0
93 10.0
94 10.0
95 10.0
96 10.0
97 10.0
98 10.0
99 10.0
100 10.0
101 10.0
102 10.0
103 10.0
104 10.0
105 10.0
106 10.0
107 10.0
108 10.0
109 10.0
110 10.0
111 10.0
112 10.0
113 10.0
114 10.0
115 10.0
116 10.0
117 10.0
118 10.0
119 10.0
120 10.0
121 10.0
122 10.0
123 10.0
124 10.0
125 10.0
126 10.0
127 10.0
128 10.0
129 10.0
130 10.0
131 10.0
132 10.0
133 10.0
134 10.0
135 10.0
136 10.0
137 10.0
138 10.0
139 10.0
140 10.0
141 10.0
142 10.0
143 10.0
144 10.0
145 10.0
146 10.0
147 10.0
148 10.0
149 10.0
150 10.0
151 10.0
152 10.0
153 10.0
154 10.0
155 10.0
156 10.0
157 10.0
158 10.0
159 10.0
160 10.0
161 10.0
162 10.0
163 10.0
164 10.0
165 10.0
166 10.0
167 10.0
168 10.0
169 10.0
170 10.0
171 10.0
172 10.0
173 10.0
174 10.0
175 10.0
176 10.0
177 10.0
178 10.0
179 10.0
180 10.0
181 10.0
182 10.0
183 10.0
184 10.0
185 10.0
186 10.0
187 10.0
188 10.0
189 10.0
190 10.0
191 10.0
192 10.0
193 10.0
194 10.0
195 10.0
196 10.0
197 10.0
198 10.0
199 10.0
200 10.0
201 10.0
202 10.0
203 10.0
204 10.0
205 10.0
206 10.0
207 10.0
208 10.0
209 10.0
210 10.0
211 10.0
212 10.0
213 10.0
214 10.0
215 10.0
216 10.0
217 10.0
218 10.0
219 10.0
220 10.0
221 10.0
222 10.0
223 10.0
224 10.0
225 10.0
226 10.0
227 10.0
228 10.0
229 10.0
230 10.0
231 10.0
232 10.0
233 10.0
234 10.0
235 10.0
236 10.0
237 10.0
238 10.0
239 10.0
240 10.0
241 10.0
242 10.0
243 10.0
244 10.0
245 10.0
246 10.0
247 10.0
248 10.0
249 10.0
250 10.0
251 10.0
252 10.0
253 10.0
254 10.0
255 10.0
256 10.0
257 10.0
258 10.0
259 10.0
260 10.0
261 10.0
262 10.0
263 10.0
264 10.0
265 10.0
266 10.0
267 10.0
268 10.0
269 10.0
270 10.0
271 10.0
272 10.0
273 10.0
274 10.0
275 10.0
276 10.0
277 10.0
278 10.0
279 10.0
280 10.0
281 10.0
282 10.0
283 10.0
284 10.0
285 10.0
286 10.0
287 10.0
288 10.0
289 10.0
290 10.0
291 10.0
292 10.0
293 10.0
294 10.0
295 10.0
296 10.0
297 10.0
298 10.0
299 10.0
300 10.0
301 10.0
302 10.0
303 10.0
304 10.0
305 10.0
306 10.0
307 10.0
308 10.0
309 10.0
310 10.0
311 10.0
312 10.0
313 10.0
314 10.0
315 10.0
316 10.0
317 10.0
318 10.0
319 10.0
320 10.0
321 10.0
322 10.0
323 10.0
324 10.0
325 10.0
326 10.0
327 10.0
328 10.0
329 10.0
330 10.0
331 10.0
332 10.0
333 10.0
334 10.0
335 10.0
336 10.0
337 10.0
338 10.0
339 10.0
340 10.0
341 10.0
342 10.0
343 10.0
344 10.0
345 10.0
346 10.0
347 10.0
348 10.0
349 10.0
350 10.0
351 10.0
352 10.0
353 10.0
354 10.0
355 10.0
356 10.0
357 10.0
358 10.0
359 10.0
360 10.0
361 10.0
362 10.0
363 10.0
364 10.0
365 10.0
366 10.0
367 10.0
368 10.0
369 10.0
370 10.0
371 10.0
372 10.0
373 10.0
374 10.0
375 10.0
376 10.0
377 10.0
378 10.0
379 10.0
380 10.0
381 10.0
382 10.0
383 10.0
384 10.0
385 10.0
386 10.0
387 10.0
388 10.0
389 10.0
390 10.0
391 10.0
392 10.0
393 10.0
394 10.0
395 10.0
396 10.0
397 10.0
398 10.0
399 10.0
400 10.0
401 10.0
402 10.0
403 10.0
404 10.0
405 10.0
406 10.0
407 10.0
408 10.0
409 10.0
410 10.0
411 10.0
412 10.0
413 10.0
414 10.0
415 10.0
416 10.0
417 10.0
418 10.0
419 10.0
420 10.0
421 10.0
422 10.0
423 10.0
424 10.0
425 10.0
426 10.0
427 10.0
428 10.0
429 10.0
430 10.0
431 10.0
432 10.0
433 10.0
434 10.0
435 10.0
436 10.0
437 10.0
438 10.0
439 10.0
440 10.0
441 10.0
442 10.0
443 10.0
444 10.0
445 10.0
446 10.0
447 10.0
448 10.0
449 10.0
450 10.0
451 10.0
452 10.0
453 10.0
454 10.0
455 10.0
456 10.0
457 10.0
458 10.0
459 10.0
460 10.0
461 10.0
462 10.0
463 10.0
464 10.0
465 10.0
466 10.0
467 10.0
468 10.0
469 10.0
470 10.0
471 10.0
472 10.0
473 10.0
474 10.0
475 10.0
476 10.0
477 10.0
478 10.0
479 10.0
480 10.0
481 10.0
482 10.0
483 10.0
484 10.0
485 10.0
486 10.0
487 10.0
488 10.0
489 10.0
490 10.0
491 10.0
492 10.0
493 10.0
494 10.0
495 10.0
496 10.0
497 10.0
498 10.0
499 10.0
500 10.0
501 10.0
502 10.0
503 10.0
504 10.0
505 10.0
506 10.0
507 10.0
508 10.0
509 10.0
510 10.0
511 10.0
512 10.0
513 10.0
514 10.0
515 10.0
516 10.0
517 10.0
518 10.0
519 10.0
520 10.0
521 10.0
522 10.0
523 10.0
524 10.0
525 10.0
526 10.0
527 10.0
528 10.0
529 10.0
530 10.0
531 10.0
532 10.0
533 10.0
534 10.0
535 10.0
536 10.0
537 10.0
538 10.0
539 10.0
540 10.0
541 10.0
542 10.0
543 10.0
544 10.0
545 10.0
546 10.0
547 10.0
548 10.0
549 10.0
550 10.0
551 10.0
552 10.0
553 10.0
554 10.0
555 10.0
556 10.0
557 10.0
558 10.0
559 10.0
560 10.0
561 10.0
562 10.0
563 10.0
564 10.0
565 10.0
566 10.0
567 10.0
568 10.0
569 10.0
570 10.0
571 10.0
572 10.0
573 10.0
574 10.0
575 10.0
576 10.0
577 10.0
578 10.0
579 10.0
580 10.0
581 10.0
582 10.0
583 10.0
584 10.0
585 10.0
586 10.0
587 10.0
588 10.0
589 10.0
590 10.0
591 10.0
592 10.0
593 10.0
594 10.0
595 10.0
596 10.0
597 10.0
598 10.0
599 10.0
600 10.0
601 10.0
602 10.0
603 10.0
604 10.0
605 10.0
606 10.0
607 10.0
608 10.0
609 10.0
610 10.0
611 10.0
612 10.0
613 10.0
614 10.0
615 10.0
616 10.0
617 10.0
618 10.0
619 10.0
620 10.0
621 10.0
622 10.0
623 10.0
624 10.0
625 10.0
626 10.0
627 10.0
628 10.0
629 10.0
630 10.0
631 10.0
632 10.0
633 10.0
634 10.0
635 10.0
636 10.0
637 10.0
638 10.0
639 10.0
640 10.0
641 10.0
642 10.0
643 10.0
644 10.0
645 10.0
646 10.0
647 10.0
648 10.0
649 10.0
650 10.0
651 10.0
652 10.0
653 10.0
654 10.0
655 10.0
656 10.0
657 10.0
658 10.0
659 10.0
660 10.0
661 10.0
662 10.0
663 10.0
664 10.0
665 10.0
666 10.0
667 10.0
668 10.0
669 10.0
670 10.0
671 10.0
672 10.0
673 10.0
674 10.0
675 10.0
676 10.0
677 10.0
678 10.0
679 10.0
680 10.0
681 10.0
682 10.0
683 10.0
684 10.0
685 10.0
686 10.0
687 10.0
688 10.0
689 10.0
690 10.0
691 10.0
692 10.0
693 10.0
694 10.0
695 10.0
696 10.0
697 10.0
698 10.0
699 10.0
700 10.0
701 10.0
702 10.0
703 10.0
704 10.0
705 10.0
706 10.0
707 10.0
708 10.0
709 10.0
710 10.0
711 10.0
712 10.0
713 10.0
714 10.0
715 10.0
716 10.0
717 10.0
718 10.0
719 10.0
720 10.0
721 10.0
722 10.0
723 10.0
724 10.0
725 10.0
726 10.0
727 10.0
728 10.0
729 10.0
730 10.0
731 10.0
732 10.0
733 10.0
734 10.0
735 10.0
736 10.0
737 10.0
738 10.0
739 10.0
740 10.0
741 10.0
742 10.0
743 10.0
744 10.0
745 10.0
746 10.0
747 10.0
748 10.0
749 10.0
750 10.0
751 10.0
752 10.0
753 10.0
754 10.0
755 10.0
756 10.0
757 10.0
758 10.0
759 10.0
760 10.0
761 10.0
762 10.0
763 10.0
764 10.0
765 10.0
766 10.0
767 10.0
768 10.0
769 10.0
770 10.0
771 10.0
772 10.0
773 10.0
774 10.0
775 10.0
776 10.0
777 10.0
778 10.0
779 10.0
780 10.0
781 10.0
782 10.0
783 10.0
784 10.0
785 10.0
786 10.0
787 10.0
788 10.0
789 10.0
790 10.0
791 10.0
792 10.0
793 10.0
794 10.0
795 10.0
796 10.0
797 10.0
798 10.0
799 10.0
800 10.0
801 10.0
802 10.0
803 10.0
804 10.0
805 10.0
806 10.0
807 10.0
808 10.0
809 10.0
810 10.0
811 10.0
812 10.0
813 10.0
814 10.0
815 10.0
816 10.0
817 10.0
818 10.0
819 10.0
820 10.0
821 10.0
822 10.0
823 10.0
824 10.0
825 10.0
826 10.0
827 10.0
828 10.0
829 10.0
830 10.0
831 10.0
832 10.0
833 10.0
834 10.0
835 10.0
836 10.0
837 10.0
838 10.0
839 10.0
840 10.0
841 10.0
842 10.0
843 10.0
844 10.0
845 10.0
846 10.0
847 10.0
848 10.0
849 10.0
850 10.0
851 10.0
852 10.0
853 10.0
854 10.0
855 10.0
856 10.0
857 10.0
858 10.0
859 10.0
860 10.0
861 10.0
862 10.0
863 10.0
864 10.0
865 10.0
866 10.0
867 10.0
868 10.0
869 10.0
870 10.0
871 10.0
872 10.0
873 10.0
874 10.0
875 10.0
876 10.0
877 10.0
878 10.0
879 10.0
880 10.0
881 10.0
882 10.0
883 10.0
884 10.0
885 10.0
886 10.0
887 10.0
888 10.0
889 10.0
890 10.0
891 10.0
892 10.0
893 10.0
894 10.0
895 10.0
896 10.0
897 10.0
898 10.0
899 10.0
900 10.0
901 10.0
902 10.0
903 10.0
904 10.0
905 10.0
906 10.0
907 10.0
908 10.0
909 10.0
910 10.0
911 10.0
912 10.0
913 10.0
914 10.0
915 10.0
916 10.0
917 10.0
918 10.0
919 10.0
920 10.0
921 10.0
922 10.0
923 10.0
924 10.0
925 10.0
926 10.0
927 10.0
928 10.0
929 10.0
930 10.0
931 10.0
932 10.0
933 10.0
934 10.0
935 10.0
936 10.0
937 10.0
938 10.0
939 10.0
940 10.0
941 10.0
942 10.0
943 10.0
944 10.0
945 10.0
946 10.0
947 10.0
948 10.0
949 10.0
950 10.0
951 10.0
952 10.0
953 10.0
954 10.0
955 10.0
956 10.0
957 10.0
958 10.0
959 10.0
960 10.0
961 10.0
962 10.0
963 10.0
964 10.0
965 10.0
966 10.0
967 10.0
968 10.0
969 10.0
970 10.0
971 10.0
972 10.0
973 10.0
974 10.0
975 10.0
976 10.0
977 10.0
978 10.0
979 10.0
980 10.0
981 10.0
982 10.0
983 10.0
984 10.0
985 10.0
986 10.0
987 10.0
988 10.0
989 10.0
990 10.0
991 10.0
992 10.0
993 10.0
994 10.0
995 10.0
996 10.0
997 10.0
998 10.0
999 10.0
1000 10.0
1001 10.0
1002 10.0
1003 10.0
1004 10.0
1005 10.0
1006 10.0
1007 10.0
1008 10.0
1009 10.0
1010 10.0
1011 10.0
1012 10.0
1013 10.0
1014 10.0
1015 10.0
1016 10.0
1017 10.0
1018 10.0
1019 10.0
1020 10.0
1021 10.0
1022 10.0
1023 10.0
1024 10.0
1025 10.0
1026 10.0
1027 10.0
1028 10.0
1029 10.0
1030 10.0
1031 10.0
1032 10.0
1033 10.0
1034 10.0
1035 10.0
1036 10.0
1037 10.0
1038 10.0
1039 10.0
1040 10.0
1041 10.0
1042 10.0
1043 10.0
1044 10.0
1045 10.0
1046 10.0
1047 10.0
1048 10.0
1049 10.0
1050 10.0
1051 10.0
1052 10.0
1053 10.0
1054 10.0
1055 10.0
1056 10.0
1057 10.0
1058 10.0
1059 10.0
1060 10.0
1061 10.0
1062 10.0
1063 10.0
1064 10.0
1065 10.0
1066 10.0
1067 10.0
1068 10.0
1069 10.0
1070 10.0
1071 10.0
1072 10.0
1073 10.0
1074 10.0
1075 10.0
1076 10.0
1077 10.0
1078 10.0
1079 10.0
1080 10.0
1081 10.0
1082 10.0
1083 10.0
1084 10.0
1085 10.0
1086 10.0
1087 10.0
1088 10.0
1089 10.0
1090 10.0
1091 10.0
1092 10.0
1093 10.0
1094 10.0
1095 10.0
1096 10.0
1097 10.0
1098 10.0
1099 10.0
1100 10.0
1101 10.0
1102 10.0
1103 10.0
1104 10.0
1105 10.0
1106 10.0
1107 10.0
1108 10.0
1109 10.0
1110 10.0
1111 10.0
1112 10.0
1113 10.0
1114 10.0
1115 10.0
1116 10.0
1117 10.0
1118 10.0
1119 10.0
1120 10.0
1121 10.0
1122 10.0
1123 10.0
1124 10.0
1125 10.0
1126 10.0
1127 10.0
1128 10.0
1129 10.0
1130 10.0
1131 10.0
1132 10.0
1133 10.0
1134 10.0
1135 10.0
1136 10.0
1137 10.0
1138 10.0
1139 10.0
1140 10.0
1141 10.0
1142 10.0
1143 10.0
1144 10.0
1145 10.0
1146 10.0
1147 10.0
1148 10.0
1149 10.0
1150 10.0
1151 10.0
1152 10.0
1153 10.0
1154 10.0
1155 10.0
1156 10.0
1157 10.0
1158 10.0
1159 10.0
1160 10.0
1161 10.0
1162 10.0
1163 10.0
1164 10.0
1165 10.0
1166 10.0
1167 10.0
1168 10.0
1169 10.0
1170 10.0
1171 10.0
1172 10.0
1173 10.0
1174 10.0
1175 10.0
1176 10.0
1177 10.0
1178 10.0
1179 10.0
1180 10.0
1181 10.0
1182 10.0
1183 10.0
1184 10.0
1185 10.0
1186 10.0
1187 10.0
1188 10.0
1189 10.0
1190 10.0
1191 10.0
1192 10.0
1193 10.0
1194 10.0
1195 10.0
1196 10.0
1197 10.0
1198 10.0
1199 10.0
1200 10.0
1201 10.0
1202 10.0
1203 10.0
1204 10.0
1205 10.0
1206 10.0
1207 10.0
1208 10.0
1209 10.0
1210 10.0
1211 10.0
1212 10.0
time 1e+30
