  0.8322000000E-02
  0.4035300000E-01
  0.7188700000E-01
  0.1169030000E+00
  0.1686420000E+00
  0.2346040000E+00
  0.2996000000E+00
  0.3627980000E+00
  0.3998980000E+00
  0.4360690000E+00
  0.4717350000E+00
  0.5068800000E+00
  0.5418540000E+00
  0.5767070000E+00
  0.6118390000E+00
  0.6474600000E+00
  0.6827240000E+00
  0.7176070000E+00
  0.7528240000E+00
  0.7876260000E+00
  0.8221690000E+00
  0.8569440000E+00
  0.8921680000E+00
  0.9160570000E+00
  0.9400600000E+00
  0.9643490000E+00
  0.9882020000E+00
  0.1023274000E+01
  0.1047271000E+01
  0.1071307000E+01
  0.1123468000E+01
  0.1176017000E+01
  0.1210065000E+01
  0.1246370000E+01
  0.1300787000E+01
  0.1323650000E+01
  0.1348349000E+01
  0.1373027000E+01
  0.1397510000E+01
  0.1422795000E+01
  0.1447082000E+01
  0.1471227000E+01
  0.1495443000E+01
  0.1519774000E+01
  0.1544143000E+01
  0.1567775000E+01
  0.1590967000E+01
  0.1613787000E+01
  0.1641206000E+01
  0.1668069000E+01
  0.1695142000E+01
  0.1722512000E+01
  0.1749682000E+01
  0.1783664000E+01
  0.1810950000E+01
  0.1834232000E+01
  0.1857150000E+01
  0.1884459000E+01
  0.1911554000E+01
  0.1938449000E+01
  0.1962219000E+01
  0.1985714000E+01
  0.2005151000E+01
  0.2024273000E+01
  0.2043571000E+01
  0.2063205000E+01
  0.2087285000E+01
  0.2111313000E+01
  0.2135509000E+01
  0.2159482000E+01
  0.2183881000E+01
  0.2207599000E+01
  0.2231227000E+01
  0.2254569000E+01
  0.2278084000E+01
  0.2301086000E+01
  0.2324825000E+01
  0.2348248000E+01
  0.2367394000E+01
  0.2386574000E+01
  0.2405624000E+01
  0.2424772000E+01
  0.2447406000E+01
  0.2469882000E+01
  0.2493335000E+01
  0.2516017000E+01
  0.2538397000E+01
  0.2560697000E+01
  0.2583358000E+01
  0.2602427000E+01
  0.2621464000E+01
  0.2640498000E+01
  0.2659552000E+01
  0.2678676000E+01
  0.2697606000E+01
  0.2716715000E+01
  0.2735656000E+01
  0.2754720000E+01
  0.2773566000E+01
  0.2792500000E+01
  0.2811921000E+01
  0.2830964000E+01
  0.2850185000E+01
  0.2869222000E+01
  0.2888195000E+01
  0.2907026000E+01
  0.2925972000E+01
  0.2944885000E+01
  0.2964015000E+01
  0.2982973000E+01
  0.3001946000E+01
  0.3016913000E+01
  0.3032180000E+01
  0.3047184000E+01
  0.3062021000E+01
  0.3077717000E+01
  0.3092977000E+01
  0.3108215000E+01
  0.3123181000E+01
  0.3138501000E+01
  0.3153724000E+01
  0.3169119000E+01
  0.3184405000E+01
  0.3199565000E+01
  0.3214723000E+01
  0.3229957000E+01
  0.3245192000E+01
  0.3260382000E+01
  0.3275576000E+01
  0.3290673000E+01
  0.3306057000E+01
  0.3321136000E+01
  0.3336288000E+01
  0.3351262000E+01
  0.3366219000E+01
  0.3381265000E+01
  0.3396205000E+01
  0.3411226000E+01
  0.3426165000E+01
  0.3441111000E+01
  0.3456115000E+01
  0.3471082000E+01
  0.3485937000E+01
  0.3500830000E+01
  0.3515869000E+01
  0.3530899000E+01
  0.3545972000E+01
  0.3561298000E+01
  0.3576432000E+01
  0.3591885000E+01
  0.3607002000E+01
  0.3621916000E+01
  0.3636794000E+01
  0.3651864000E+01
  0.3666815000E+01
  0.3681853000E+01
  0.3696965000E+01
  0.3711938000E+01
  0.3726924000E+01
  0.3741754000E+01
  0.3756683000E+01
  0.3771698000E+01
  0.3786759000E+01
  0.3801651000E+01
  0.3816637000E+01
  0.3831503000E+01
  0.3846379000E+01
  0.3861371000E+01
  0.3876268000E+01
  0.3891206000E+01
  0.3906070000E+01
  0.3920987000E+01
  0.3935956000E+01
  0.3951243000E+01
  0.3966254000E+01
  0.3981334000E+01
  0.3996411000E+01
  0.4011822000E+01
  0.4027510000E+01
  0.4042806000E+01
  0.4058072000E+01
  0.4073426000E+01
  0.4088661000E+01
  0.4103899000E+01
  0.4119090000E+01
  0.4134379000E+01
  0.4149625000E+01
  0.4164708000E+01
  0.4179665000E+01
  0.4194695000E+01
  0.4209667000E+01
  0.4224720000E+01
  0.4239730000E+01
  0.4254566000E+01
  0.4269559000E+01
  0.4284797000E+01
  0.4299767000E+01
  0.4314609000E+01
  0.4329572000E+01
  0.4344462000E+01
  0.4359322000E+01
  0.4374184000E+01
  0.4389143000E+01
  0.4403977000E+01
  0.4418912000E+01
  0.4433776000E+01
  0.4448712000E+01
  0.4463580000E+01
  0.4478453000E+01
  0.4493440000E+01
  0.4508458000E+01
  0.4523489000E+01
  0.4538384000E+01
  0.4553305000E+01
  0.4568146000E+01
  0.4583034000E+01
  0.4598000000E+01
  0.4612943000E+01
  0.4627902000E+01
  0.4642919000E+01
  0.4658969000E+01
  0.4674389000E+01
  0.4689458000E+01
  0.4704502000E+01
  0.4719566000E+01
  0.4734611000E+01
  0.4749778000E+01
  0.4766277000E+01
  0.4783245000E+01
  0.4798752000E+01
  0.4814100000E+01
  0.4829379000E+01
  0.4844715000E+01
  0.4860055000E+01
  0.4875224000E+01
  0.4890313000E+01
  0.4906013000E+01
  0.4921404000E+01
  0.4937079000E+01
  0.4952336000E+01
  0.4967339000E+01
  0.4982436000E+01
  0.4997569000E+01
  0.5012858000E+01
  0.5028057000E+01
  0.5043144000E+01
  0.5058230000E+01
  0.5073859000E+01
  0.5089017000E+01
  0.5104207000E+01
  0.5119311000E+01
  0.5134660000E+01
  0.5149780000E+01
  0.5164840000E+01
  0.5180008000E+01
  0.5195107000E+01
  0.5210149000E+01
  0.5225207000E+01
  0.5240392000E+01
  0.5255475000E+01
  0.5270564000E+01
  0.5285707000E+01
  0.5301343000E+01
  0.5317124000E+01
  0.5332855000E+01
  0.5348124000E+01
  0.5363077000E+01
  0.5378066000E+01
  0.5392910000E+01
  0.5407854000E+01
  0.5422899000E+01
  0.5437799000E+01
  0.5452760000E+01
  0.5467734000E+01
  0.5483421000E+01
  0.5498537000E+01
  0.5513422000E+01
  0.5528223000E+01
  0.5543043000E+01
  0.5558763000E+01
  0.5573812000E+01
  0.5588813000E+01
  0.5603769000E+01
  0.5618605000E+01
  0.5633667000E+01
  0.5648538000E+01
  0.5663416000E+01
  0.5678424000E+01
  0.5693446000E+01
  0.5708327000E+01
  0.5723226000E+01
  0.5738134000E+01
  0.5753005000E+01
  0.5768107000E+01
  0.5783281000E+01
  0.5798335000E+01
  0.5813339000E+01
  0.5828196000E+01
  0.5843160000E+01
