   0.1000000000E+01
   0.1500000000E+01
   0.2250000000E+01
   0.3375000000E+01
   0.5062500000E+01
   0.3375000000E+01
   0.2250000000E+01
   0.2250000000E+01
   0.2250000000E+01
   0.2250000000E+01
   0.2250000000E+01
   0.2250000000E+01
   0.2250000000E+01
   0.2250000000E+01
   0.2250000000E+01
   0.2250000000E+01
   0.2250000000E+01
   0.2250000000E+01
   0.2250000000E+01
   0.2250000000E+01
   0.2250000000E+01
   0.2250000000E+01
   0.2250000000E+01
   0.2250000000E+01
   0.2250000000E+01
   0.2250000000E+01
   0.2250000000E+01
   0.2250000000E+01
   0.2250000000E+01
   0.2250000000E+01
   0.2250000000E+01
   0.2250000000E+01
   0.3375000000E+01
   0.3375000000E+01
   0.2250000000E+01
   0.3375000000E+01
   0.3375000000E+01
   0.3375000000E+01
   0.3375000000E+01
   0.3375000000E+01
   0.3375000000E+01
   0.3375000000E+01
   0.3375000000E+01
   0.3375000000E+01
   0.3375000000E+01
   0.3375000000E+01
   0.3375000000E+01
   0.3375000000E+01
   0.3375000000E+01
   0.3375000000E+01
   0.3375000000E+01
   0.3375000000E+01
   0.3375000000E+01
   0.3375000000E+01
   0.3375000000E+01
   0.3375000000E+01
   0.3375000000E+01
   0.3375000000E+01
   0.3375000000E+01
   0.3375000000E+01
   0.3375000000E+01
   0.3375000000E+01
   0.3375000000E+01
   0.3375000000E+01
   0.3375000000E+01
   0.3375000000E+01
   0.3375000000E+01
   0.3375000000E+01
   0.3375000000E+01
   0.3375000000E+01
   0.3375000000E+01
   0.3375000000E+01
   0.3375000000E+01
   0.3375000000E+01
   0.3375000000E+01
   0.3375000000E+01
   0.3375000000E+01
   0.3375000000E+01
   0.3375000000E+01
   0.3375000000E+01
   0.3375000000E+01
   0.3375000000E+01
   0.3375000000E+01
   0.3375000000E+01
   0.3375000000E+01
   0.3375000000E+01
   0.3375000000E+01
   0.3375000000E+01
   0.3375000000E+01
   0.3375000000E+01
   0.3375000000E+01
   0.3375000000E+01
   0.3375000000E+01
   0.3375000000E+01
   0.3375000000E+01
   0.3375000000E+01
   0.3375000000E+01
   0.3375000000E+01
   0.3375000000E+01
   0.3375000000E+01
   0.3375000000E+01
   0.3375000000E+01
   0.3375000000E+01
   0.3375000000E+01
   0.3375000000E+01
   0.3375000000E+01
   0.3375000000E+01
   0.3375000000E+01
   0.3375000000E+01
   0.3375000000E+01
   0.3375000000E+01
   0.3375000000E+01
   0.3375000000E+01
   0.3375000000E+01
   0.3375000000E+01
   0.3375000000E+01
   0.3375000000E+01
   0.3375000000E+01
   0.3375000000E+01
   0.3375000000E+01
   0.3375000000E+01
   0.3375000000E+01
   0.3375000000E+01
   0.3375000000E+01
   0.3375000000E+01
   0.3375000000E+01
   0.3375000000E+01
   0.3375000000E+01
   0.3375000000E+01
   0.3375000000E+01
   0.3375000000E+01
   0.3375000000E+01
   0.3375000000E+01
   0.3375000000E+01
   0.3375000000E+01
   0.3375000000E+01
   0.3375000000E+01
   0.3375000000E+01
   0.3375000000E+01
   0.3375000000E+01
   0.3375000000E+01
   0.3375000000E+01
   0.3375000000E+01
   0.3375000000E+01
   0.3375000000E+01
   0.3375000000E+01
   0.3375000000E+01
   0.3375000000E+01
   0.3375000000E+01
   0.3375000000E+01
   0.3375000000E+01
   0.3375000000E+01
   0.3375000000E+01
   0.3375000000E+01
   0.3375000000E+01
   0.3375000000E+01
   0.3375000000E+01
   0.3375000000E+01
   0.3375000000E+01
   0.3375000000E+01
   0.3375000000E+01
   0.3375000000E+01
   0.3375000000E+01
   0.3375000000E+01
   0.3375000000E+01
   0.3375000000E+01
   0.3375000000E+01
   0.3375000000E+01
   0.3375000000E+01
   0.3375000000E+01
   0.3375000000E+01
   0.3375000000E+01
   0.3375000000E+01
   0.3375000000E+01
   0.3375000000E+01
   0.3375000000E+01
   0.3375000000E+01
   0.3375000000E+01
   0.3375000000E+01
   0.3375000000E+01
   0.3375000000E+01
   0.3375000000E+01
   0.3375000000E+01
   0.3375000000E+01
   0.3375000000E+01
   0.3375000000E+01
   0.3375000000E+01
   0.3375000000E+01
   0.3375000000E+01
   0.3375000000E+01
   0.3375000000E+01
   0.3375000000E+01
   0.3375000000E+01
   0.3375000000E+01
   0.3375000000E+01
   0.3375000000E+01
   0.3375000000E+01
   0.3375000000E+01
   0.3375000000E+01
   0.3375000000E+01
   0.3375000000E+01
   0.3375000000E+01
   0.3375000000E+01
   0.3375000000E+01
   0.3375000000E+01
   0.3375000000E+01
   0.3375000000E+01
   0.3375000000E+01
   0.3375000000E+01
   0.3375000000E+01
   0.3375000000E+01
   0.3375000000E+01
   0.3375000000E+01
   0.3375000000E+01
   0.3375000000E+01
   0.3375000000E+01
   0.3375000000E+01
   0.3375000000E+01
   0.3375000000E+01
   0.3375000000E+01
   0.3375000000E+01
   0.3375000000E+01
   0.3375000000E+01
   0.3375000000E+01
   0.3375000000E+01
   0.3375000000E+01
   0.3375000000E+01
   0.3375000000E+01
   0.3375000000E+01
   0.3375000000E+01
   0.3375000000E+01
   0.3375000000E+01
   0.3375000000E+01
   0.3375000000E+01
   0.3375000000E+01
   0.3375000000E+01
   0.3375000000E+01
   0.3375000000E+01
   0.3375000000E+01
   0.3375000000E+01
   0.3375000000E+01
   0.3375000000E+01
   0.3375000000E+01
   0.3375000000E+01
   0.3375000000E+01
   0.3375000000E+01
   0.3375000000E+01
   0.3375000000E+01
   0.3375000000E+01
   0.3375000000E+01
   0.3375000000E+01
   0.3375000000E+01
   0.3375000000E+01
   0.3375000000E+01
   0.3375000000E+01
   0.3375000000E+01
   0.3375000000E+01
   0.3375000000E+01
   0.3375000000E+01
   0.3375000000E+01
   0.3375000000E+01
   0.3375000000E+01
   0.3375000000E+01
   0.3375000000E+01
   0.3375000000E+01
   0.3375000000E+01
   0.3375000000E+01
   0.3375000000E+01
   0.3375000000E+01
   0.3375000000E+01
   0.3375000000E+01
   0.3375000000E+01
   0.3375000000E+01
   0.3375000000E+01
   0.3375000000E+01
   0.3375000000E+01
   0.3375000000E+01
   0.3375000000E+01
   0.3375000000E+01
   0.3375000000E+01
   0.3375000000E+01
   0.3375000000E+01
   0.3375000000E+01
   0.3375000000E+01
   0.3375000000E+01
   0.3375000000E+01
   0.3375000000E+01
   0.3375000000E+01
   0.3375000000E+01
   0.3375000000E+01
   0.3375000000E+01
   0.3375000000E+01
   0.3375000000E+01
   0.3375000000E+01
   0.3375000000E+01
   0.3375000000E+01
   0.3375000000E+01
   0.3375000000E+01
   0.3375000000E+01
