   0.2656309512E+00
   0.2604742311E+00
   0.2432248484E+00
   0.1886072360E+00
   0.9840983396E-01
   0.5982114538E-01
   0.4754732789E-01
   0.4232266753E-01
   0.3986674820E-01
   0.3847558608E-01
   0.3751000530E-01
   0.3666258051E-01
   0.3580457325E-01
   0.3493635688E-01
   0.3410917865E-01
   0.3336466125E-01
   0.3274030120E-01
   0.3222888863E-01
   0.3179900946E-01
   0.3144578741E-01
   0.3115958987E-01
   0.3092872167E-01
   0.3074090803E-01
   0.3058510971E-01
   0.3045543867E-01
   0.3034894478E-01
   0.3026289828E-01
   0.3018983889E-01
   0.3012575155E-01
   0.3006795293E-01
   0.3001480386E-01
   0.2996563962E-01
   0.2990332932E-01
   0.2984919507E-01
   0.2981657395E-01
   0.2978046181E-01
   0.2975142002E-01
   0.2972717963E-01
   0.2970591917E-01
   0.2968669371E-01
   0.2966926858E-01
   0.2965344984E-01
   0.2963861911E-01
   0.2962381484E-01
   0.2960794193E-01
   0.2958991637E-01
   0.2956887166E-01
   0.2954451485E-01
   0.2951777541E-01
   0.2949127769E-01
   0.2946796567E-01
   0.2944771762E-01
   0.2942945084E-01
   0.2941480949E-01
   0.2940414185E-01
   0.2939601992E-01
   0.2938906628E-01
   0.2938278392E-01
   0.2937723118E-01
   0.2937431656E-01
   0.2937418181E-01
   0.2937404007E-01
   0.2937371515E-01
   0.2937324306E-01
   0.2937267522E-01
   0.2937204919E-01
   0.2937138501E-01
   0.2937068673E-01
   0.2936994217E-01
   0.2936911861E-01
   0.2936815840E-01
   0.2936699235E-01
   0.2936558692E-01
   0.2936398793E-01
   0.2936231124E-01
   0.2936068664E-01
   0.2935919469E-01
   0.2935784499E-01
   0.2935659457E-01
   0.2935537240E-01
   0.2935409499E-01
   0.2935268246E-01
   0.2935109871E-01
   0.2934941793E-01
   0.2934783072E-01
   0.2934652810E-01
   0.2934559105E-01
   0.2934498348E-01
   0.2934461322E-01
   0.2934438973E-01
   0.2934424842E-01
   0.2934415062E-01
   0.2934407561E-01
   0.2934401298E-01
   0.2934395764E-01
   0.2934390712E-01
   0.2934386017E-01
   0.2934381611E-01
   0.2934377453E-01
   0.2934373517E-01
   0.2934369784E-01
   0.2934366238E-01
   0.2934362866E-01
   0.2934359656E-01
   0.2934356600E-01
   0.2934353687E-01
   0.2934350911E-01
   0.2934348262E-01
   0.2934345735E-01
   0.2934343322E-01
   0.2934341018E-01
   0.2934338811E-01
   0.2934336708E-01
   0.2934334701E-01
   0.2934332781E-01
   0.2934330945E-01
   0.2934329188E-01
   0.2934327506E-01
   0.2934325896E-01
   0.2934324354E-01
   0.2934322878E-01
   0.2934321465E-01
   0.2934320110E-01
   0.2934318809E-01
   0.2934317564E-01
   0.2934316370E-01
   0.2934315225E-01
   0.2934314127E-01
   0.2934313073E-01
   0.2934312062E-01
   0.2934311091E-01
   0.2934310159E-01
   0.2934309264E-01
   0.2934308404E-01
   0.2934307577E-01
   0.2934306782E-01
   0.2934306018E-01
   0.2934305284E-01
   0.2934304577E-01
   0.2934303898E-01
   0.2934303244E-01
   0.2934302615E-01
   0.2934302010E-01
   0.2934301427E-01
   0.2934300866E-01
   0.2934300325E-01
   0.2934299805E-01
   0.2934299303E-01
   0.2934298820E-01
   0.2934298354E-01
   0.2934297905E-01
   0.2934297472E-01
   0.2934297054E-01
   0.2934296651E-01
   0.2934296263E-01
   0.2934295888E-01
   0.2934295526E-01
   0.2934295177E-01
   0.2934294840E-01
   0.2934294515E-01
   0.2934294200E-01
   0.2934293897E-01
   0.2934293604E-01
   0.2934293321E-01
   0.2934293048E-01
   0.2934292783E-01
   0.2934292528E-01
   0.2934292281E-01
   0.2934292043E-01
   0.2934291812E-01
   0.2934291589E-01
   0.2934291374E-01
   0.2934291165E-01
   0.2934290963E-01
   0.2934290768E-01
   0.2934290580E-01
   0.2934290397E-01
   0.2934290220E-01
   0.2934290049E-01
   0.2934289884E-01
   0.2934289724E-01
   0.2934289569E-01
   0.2934289419E-01
   0.2934289273E-01
   0.2934289133E-01
   0.2934288997E-01
   0.2934288865E-01
   0.2934288737E-01
   0.2934288613E-01
   0.2934288493E-01
   0.2934288377E-01
   0.2934288265E-01
   0.2934288156E-01
   0.2934288050E-01
   0.2934287948E-01
   0.2934287849E-01
   0.2934287752E-01
   0.2934287659E-01
   0.2934287569E-01
   0.2934287481E-01
   0.2934287397E-01
   0.2934287314E-01
   0.2934287235E-01
   0.2934287157E-01
   0.2934287082E-01
   0.2934287010E-01
   0.2934286939E-01
   0.2934286871E-01
   0.2934286805E-01
   0.2934286740E-01
   0.2934286678E-01
   0.2934286618E-01
   0.2934286559E-01
   0.2934286502E-01
   0.2934286447E-01
   0.2934286393E-01
   0.2934286341E-01
   0.2934286291E-01
   0.2934286242E-01
   0.2934286195E-01
   0.2934286149E-01
   0.2934286104E-01
   0.2934286061E-01
   0.2934286019E-01
   0.2934285978E-01
   0.2934285938E-01
   0.2934285900E-01
   0.2934285862E-01
   0.2934285826E-01
   0.2934285791E-01
   0.2934285757E-01
   0.2934285724E-01
   0.2934285692E-01
   0.2934285661E-01
   0.2934285630E-01
   0.2934285601E-01
   0.2934285572E-01
   0.2934285545E-01
   0.2934285518E-01
   0.2934285492E-01
   0.2934285466E-01
   0.2934285442E-01
   0.2934285418E-01
   0.2934285395E-01
   0.2934285372E-01
   0.2934285350E-01
   0.2934285329E-01
   0.2934285309E-01
   0.2934285289E-01
   0.2934285269E-01
   0.2934285250E-01
   0.2934285232E-01
   0.2934285214E-01
   0.2934285197E-01
   0.2934285180E-01
   0.2934285164E-01
   0.2934285148E-01
   0.2934285133E-01
   0.2934285118E-01
   0.2934285103E-01
   0.2934285089E-01
   0.2934285075E-01
   0.2934285062E-01
   0.2934285049E-01
   0.2934285037E-01
   0.2934285025E-01
   0.2934285013E-01
   0.2934285001E-01
   0.2934284990E-01
   0.2934284979E-01
   0.2934284969E-01
   0.2934284959E-01
   0.2934284949E-01
   0.2934284939E-01
   0.2934284930E-01
   0.2934284921E-01
   0.2934284912E-01
   0.2934284903E-01
   0.2934284895E-01
   0.2934284887E-01
   0.2934284879E-01
   0.2934284871E-01
   0.2934284864E-01
   0.2934284857E-01
   0.2934284850E-01
   0.2934284843E-01
   0.2934284836E-01
   0.2934284830E-01
   0.2934284823E-01
   0.2934284817E-01
   0.2934284812E-01
   0.2934284806E-01
   0.2934284800E-01
   0.2934284795E-01
   0.2934284790E-01
   0.2934284785E-01
   0.2934284780E-01
   0.2934284775E-01
   0.2934284770E-01
