   0.1558672293E-02
   0.3792331822E-02
   0.1119821287E-01
   0.3378369818E-01
   0.6596262087E-01
   0.7610422712E-01
   0.7781139244E-01
   0.7745414445E-01
   0.7655441155E-01
   0.7550975619E-01
   0.7434457686E-01
   0.7304203986E-01
   0.7166990296E-01
   0.7036828027E-01
   0.6925609329E-01
   0.6837838847E-01
   0.6773318231E-01
   0.6730665776E-01
   0.6704324313E-01
   0.6687163196E-01
   0.6675135709E-01
   0.6666389168E-01
   0.6659855662E-01
   0.6654871067E-01
   0.6650992824E-01
   0.6647935045E-01
   0.6645533023E-01
   0.6643695306E-01
   0.6642291474E-01
   0.6641184043E-01
   0.6640274060E-01
   0.6639488258E-01
   0.6638512156E-01
   0.6637962530E-01
   0.6637817177E-01
   0.6637752628E-01
   0.6637832803E-01
   0.6637958891E-01
   0.6638060982E-01
   0.6638122440E-01
   0.6638178261E-01
   0.6638266547E-01
   0.6638392554E-01
   0.6638536790E-01
   0.6638671109E-01
   0.6638756655E-01
   0.6638728567E-01
   0.6638484737E-01
   0.6637912524E-01
   0.6636997060E-01
   0.6635817707E-01
   0.6634308967E-01
   0.6632521268E-01
   0.6630837292E-01
   0.6629557404E-01
   0.6628753568E-01
   0.6628350849E-01
   0.6628203007E-01
   0.6628193087E-01
   0.6628220822E-01
   0.6628217522E-01
   0.6628204745E-01
   0.6628193332E-01
   0.6628186134E-01
   0.6628182682E-01
   0.6628181691E-01
   0.6628181801E-01
   0.6628181578E-01
   0.6628179214E-01
   0.6628172254E-01
   0.6628158209E-01
   0.6628137726E-01
   0.6628118412E-01
   0.6628110854E-01
   0.6628118646E-01
   0.6628136956E-01
   0.6628159137E-01
   0.6628181102E-01
   0.6628201417E-01
   0.6628219936E-01
   0.6628236491E-01
   0.6628249554E-01
   0.6628254782E-01
   0.6628246079E-01
   0.6628223236E-01
   0.6628196511E-01
   0.6628176733E-01
   0.6628166541E-01
   0.6628162985E-01
   0.6628162590E-01
   0.6628163274E-01
   0.6628164158E-01
   0.6628164970E-01
   0.6628165670E-01
   0.6628166275E-01
   0.6628166812E-01
   0.6628167299E-01
   0.6628167748E-01
   0.6628168166E-01
   0.6628168559E-01
   0.6628168929E-01
   0.6628169280E-01
   0.6628169612E-01
   0.6628169927E-01
   0.6628170227E-01
   0.6628170513E-01
   0.6628170786E-01
   0.6628171046E-01
   0.6628171294E-01
   0.6628171531E-01
   0.6628171757E-01
   0.6628171970E-01
   0.6628172178E-01
   0.6628172378E-01
   0.6628172569E-01
   0.6628172751E-01
   0.6628172925E-01
   0.6628173091E-01
   0.6628173251E-01
   0.6628173404E-01
   0.6628173551E-01
   0.6628173692E-01
   0.6628173827E-01
   0.6628173955E-01
   0.6628174080E-01
   0.6628174199E-01
   0.6628174313E-01
   0.6628174423E-01
   0.6628174529E-01
   0.6628174630E-01
   0.6628174727E-01
   0.6628174821E-01
   0.6628174911E-01
   0.6628174997E-01
   0.6628175080E-01
   0.6628175160E-01
   0.6628175237E-01
   0.6628175311E-01
   0.6628175382E-01
   0.6628175451E-01
   0.6628175517E-01
   0.6628175580E-01
   0.6628175642E-01
   0.6628175701E-01
   0.6628175757E-01
   0.6628175812E-01
   0.6628175865E-01
   0.6628175916E-01
   0.6628175965E-01
   0.6628176012E-01
   0.6628176058E-01
   0.6628176102E-01
   0.6628176144E-01
   0.6628176185E-01
   0.6628176224E-01
   0.6628176262E-01
   0.6628176299E-01
   0.6628176335E-01
   0.6628176369E-01
   0.6628176402E-01
   0.6628176434E-01
   0.6628176465E-01
   0.6628176495E-01
   0.6628176524E-01
   0.6628176551E-01
   0.6628176578E-01
   0.6628176604E-01
   0.6628176629E-01
   0.6628176654E-01
   0.6628176677E-01
   0.6628176700E-01
   0.6628176722E-01
   0.6628176743E-01
   0.6628176763E-01
   0.6628176783E-01
   0.6628176802E-01
   0.6628176821E-01
   0.6628176839E-01
   0.6628176856E-01
   0.6628176873E-01
   0.6628176889E-01
   0.6628176905E-01
   0.6628176920E-01
   0.6628176935E-01
   0.6628176950E-01
   0.6628176963E-01
   0.6628176977E-01
   0.6628176990E-01
   0.6628177002E-01
   0.6628177014E-01
   0.6628177026E-01
   0.6628177038E-01
   0.6628177049E-01
   0.6628177059E-01
   0.6628177070E-01
   0.6628177080E-01
   0.6628177090E-01
   0.6628177099E-01
   0.6628177108E-01
   0.6628177117E-01
   0.6628177126E-01
   0.6628177134E-01
   0.6628177142E-01
   0.6628177150E-01
   0.6628177157E-01
   0.6628177165E-01
   0.6628177172E-01
   0.6628177179E-01
   0.6628177185E-01
   0.6628177192E-01
   0.6628177198E-01
   0.6628177204E-01
   0.6628177210E-01
   0.6628177216E-01
   0.6628177221E-01
   0.6628177227E-01
   0.6628177232E-01
   0.6628177237E-01
   0.6628177242E-01
   0.6628177247E-01
   0.6628177251E-01
   0.6628177256E-01
   0.6628177260E-01
   0.6628177265E-01
   0.6628177269E-01
   0.6628177273E-01
   0.6628177276E-01
   0.6628177280E-01
   0.6628177284E-01
   0.6628177287E-01
   0.6628177291E-01
   0.6628177294E-01
   0.6628177297E-01
   0.6628177300E-01
   0.6628177303E-01
   0.6628177306E-01
   0.6628177309E-01
   0.6628177312E-01
   0.6628177315E-01
   0.6628177317E-01
   0.6628177320E-01
   0.6628177322E-01
   0.6628177325E-01
   0.6628177327E-01
   0.6628177329E-01
   0.6628177331E-01
   0.6628177334E-01
   0.6628177336E-01
   0.6628177338E-01
   0.6628177340E-01
   0.6628177341E-01
   0.6628177343E-01
   0.6628177345E-01
   0.6628177347E-01
   0.6628177348E-01
   0.6628177350E-01
   0.6628177352E-01
   0.6628177353E-01
   0.6628177355E-01
   0.6628177356E-01
   0.6628177357E-01
   0.6628177359E-01
   0.6628177360E-01
   0.6628177361E-01
   0.6628177363E-01
   0.6628177364E-01
   0.6628177365E-01
   0.6628177366E-01
   0.6628177367E-01
   0.6628177368E-01
   0.6628177369E-01
   0.6628177370E-01
   0.6628177371E-01
   0.6628177372E-01
   0.6628177373E-01
   0.6628177374E-01
   0.6628177375E-01
   0.6628177376E-01
   0.6628177377E-01
   0.6628177378E-01
   0.6628177378E-01
   0.6628177379E-01
   0.6628177380E-01
   0.6628177381E-01
   0.6628177381E-01
   0.6628177382E-01
   0.6628177383E-01
   0.6628177383E-01
   0.6628177384E-01
   0.6628177384E-01
   0.6628177385E-01
   0.6628177386E-01
   0.6628177386E-01
   0.6628177387E-01
   0.6628177387E-01
   0.6628177388E-01
   0.6628177388E-01
   0.6628177389E-01
   0.6628177389E-01
