   0.2710643511E+02
   0.1444704962E+02
   0.6390934102E+01
   0.2452435726E+01
   0.1122737075E+01
   0.8109006445E+00
   0.6953722853E+00
   0.6256379549E+00
   0.5797107102E+00
   0.5457517608E+00
   0.5165533272E+00
   0.4880970624E+00
   0.4593646819E+00
   0.4316469416E+00
   0.4068228159E+00
   0.3860414797E+00
   0.3696983808E+00
   0.3577583150E+00
   0.3494340355E+00
   0.3435697492E+00
   0.3393093696E+00
   0.3361369181E+00
   0.3337216440E+00
   0.3318438302E+00
   0.3303592524E+00
   0.3291753461E+00
   0.3282309171E+00
   0.3274759771E+00
   0.3268646181E+00
   0.3263557988E+00
   0.3259190692E+00
   0.3255332956E+00
   0.3250600183E+00
   0.3246873245E+00
   0.3244849324E+00
   0.3242821288E+00
   0.3241430971E+00
   0.3240423355E+00
   0.3239583463E+00
   0.3238804460E+00
   0.3238098428E+00
   0.3237511053E+00
   0.3237038123E+00
   0.3236620391E+00
   0.3236170095E+00
   0.3235577680E+00
   0.3234698859E+00
   0.3233348200E+00
   0.3231355535E+00
   0.3228743239E+00
   0.3225717207E+00
   0.3222235339E+00
   0.3218334913E+00
   0.3214606001E+00
   0.3211601631E+00
   0.3209501894E+00
   0.3208207792E+00
   0.3207480132E+00
   0.3207103830E+00
   0.3206935604E+00
   0.3206854837E+00
   0.3206801455E+00
   0.3206758529E+00
   0.3206721742E+00
   0.3206689148E+00
   0.3206659128E+00
   0.3206629925E+00
   0.3206599259E+00
   0.3206563737E+00
   0.3206518167E+00
   0.3206456094E+00
   0.3206374649E+00
   0.3206282438E+00
   0.3206197383E+00
   0.3206132166E+00
   0.3206087213E+00
   0.3206056356E+00
   0.3206033233E+00
   0.3206013222E+00
   0.3205992779E+00
   0.3205968068E+00
   0.3205933370E+00
   0.3205879994E+00
   0.3205799693E+00
   0.3205696400E+00
   0.3205591558E+00
   0.3205507707E+00
   0.3205452491E+00
   0.3205420861E+00
   0.3205404209E+00
   0.3205395670E+00
   0.3205391092E+00
   0.3205388334E+00
   0.3205386393E+00
   0.3205384827E+00
   0.3205383451E+00
   0.3205382187E+00
   0.3205381001E+00
   0.3205379878E+00
   0.3205378813E+00
   0.3205377799E+00
   0.3205376834E+00
   0.3205375914E+00
   0.3205375038E+00
   0.3205374203E+00
   0.3205373407E+00
   0.3205372648E+00
   0.3205371923E+00
   0.3205371232E+00
   0.3205370572E+00
   0.3205369943E+00
   0.3205369335E+00
   0.3205368762E+00
   0.3205368216E+00
   0.3205367693E+00
   0.3205367192E+00
   0.3205366713E+00
   0.3205366255E+00
   0.3205365817E+00
   0.3205365397E+00
   0.3205364996E+00
   0.3205364611E+00
   0.3205364243E+00
   0.3205363888E+00
   0.3205363550E+00
   0.3205363226E+00
   0.3205362915E+00
   0.3205362617E+00
   0.3205362331E+00
   0.3205362056E+00
   0.3205361793E+00
   0.3205361541E+00
   0.3205361298E+00
   0.3205361065E+00
   0.3205360841E+00
   0.3205360625E+00
   0.3205360419E+00
   0.3205360220E+00
   0.3205360028E+00
   0.3205359845E+00
   0.3205359668E+00
   0.3205359497E+00
   0.3205359334E+00
   0.3205359176E+00
   0.3205359024E+00
   0.3205358878E+00
   0.3205358737E+00
   0.3205358602E+00
   0.3205358471E+00
   0.3205358345E+00
   0.3205358224E+00
   0.3205358107E+00
   0.3205357994E+00
   0.3205357885E+00
   0.3205357780E+00
   0.3205357679E+00
   0.3205357581E+00
   0.3205357486E+00
   0.3205357395E+00
   0.3205357307E+00
   0.3205357222E+00
   0.3205357140E+00
   0.3205357061E+00
   0.3205356984E+00
   0.3205356911E+00
   0.3205356839E+00
   0.3205356770E+00
   0.3205356703E+00
   0.3205356639E+00
   0.3205356576E+00
   0.3205356516E+00
   0.3205356457E+00
   0.3205356401E+00
   0.3205356346E+00
   0.3205356293E+00
   0.3205356242E+00
   0.3205356193E+00
   0.3205356145E+00
   0.3205356098E+00
   0.3205356054E+00
   0.3205356010E+00
   0.3205355968E+00
   0.3205355927E+00
   0.3205355888E+00
   0.3205355850E+00
   0.3205355813E+00
   0.3205355777E+00
   0.3205355742E+00
   0.3205355708E+00
   0.3205355676E+00
   0.3205355644E+00
   0.3205355614E+00
   0.3205355584E+00
   0.3205355555E+00
   0.3205355527E+00
   0.3205355500E+00
   0.3205355474E+00
   0.3205355449E+00
   0.3205355424E+00
   0.3205355400E+00
   0.3205355377E+00
   0.3205355355E+00
   0.3205355333E+00
   0.3205355312E+00
   0.3205355291E+00
   0.3205355272E+00
   0.3205355252E+00
   0.3205355234E+00
   0.3205355216E+00
   0.3205355198E+00
   0.3205355181E+00
   0.3205355164E+00
   0.3205355148E+00
   0.3205355133E+00
   0.3205355118E+00
   0.3205355103E+00
   0.3205355089E+00
   0.3205355075E+00
   0.3205355062E+00
   0.3205355049E+00
   0.3205355036E+00
   0.3205355024E+00
   0.3205355012E+00
   0.3205355000E+00
   0.3205354989E+00
   0.3205354978E+00
   0.3205354968E+00
   0.3205354957E+00
   0.3205354947E+00
   0.3205354938E+00
   0.3205354928E+00
   0.3205354919E+00
   0.3205354911E+00
   0.3205354902E+00
   0.3205354894E+00
   0.3205354886E+00
   0.3205354878E+00
   0.3205354870E+00
   0.3205354863E+00
   0.3205354855E+00
   0.3205354848E+00
   0.3205354842E+00
   0.3205354835E+00
   0.3205354829E+00
   0.3205354823E+00
   0.3205354817E+00
   0.3205354811E+00
   0.3205354805E+00
   0.3205354799E+00
   0.3205354794E+00
   0.3205354789E+00
   0.3205354784E+00
   0.3205354779E+00
   0.3205354774E+00
   0.3205354770E+00
   0.3205354765E+00
   0.3205354761E+00
   0.3205354756E+00
   0.3205354752E+00
   0.3205354748E+00
   0.3205354744E+00
   0.3205354741E+00
   0.3205354737E+00
   0.3205354733E+00
   0.3205354730E+00
   0.3205354727E+00
   0.3205354723E+00
   0.3205354720E+00
   0.3205354717E+00
   0.3205354714E+00
   0.3205354711E+00
   0.3205354708E+00
   0.3205354706E+00
   0.3205354703E+00
   0.3205354700E+00
   0.3205354698E+00
   0.3205354695E+00
   0.3205354693E+00
   0.3205354691E+00
   0.3205354688E+00
   0.3205354686E+00
   0.3205354684E+00
   0.3205354682E+00
   0.3205354680E+00
   0.3205354678E+00
   0.3205354676E+00
   0.3205354674E+00
   0.3205354673E+00
   0.3205354671E+00
   0.3205354669E+00
   0.3205354667E+00
   0.3205354666E+00
   0.3205354664E+00
   0.3205354663E+00
   0.3205354661E+00
   0.3205354660E+00
   0.3205354659E+00
   0.3205354657E+00
   0.3205354656E+00
