   0.7970183821E+02
   0.3180587313E+02
   0.9695109607E+01
   0.2100379748E+01
   0.6947053283E+00
   0.4256101104E+00
   0.3346113322E+00
   0.3185082917E+00
   0.3574026058E+00
   0.4472836023E+00
   0.5743016560E+00
   0.7240333065E+00
   0.8721271970E+00
   0.1008235168E+01
   0.1127200197E+01
   0.1220640076E+01
   0.1289101182E+01
   0.1340507107E+01
   0.1381667426E+01
   0.1411842171E+01
   0.1435086734E+01
   0.1452789638E+01
   0.1467899251E+01
   0.1480016084E+01
   0.1489726048E+01
   0.1497321421E+01
   0.1503417079E+01
   0.1508231008E+01
   0.1512095998E+01
   0.1515247777E+01
   0.1517923571E+01
   0.1520175139E+01
   0.1522684332E+01
   0.1524519292E+01
   0.1525479720E+01
   0.1526443545E+01
   0.1527091092E+01
   0.1527530598E+01
   0.1527819991E+01
   0.1528002502E+01
   0.1528116409E+01
   0.1528285534E+01
   0.1528582531E+01
   0.1528855868E+01
   0.1529466242E+01
   0.1530697961E+01
   0.1532153196E+01
   0.1533988457E+01
   0.1536037334E+01
   0.1538466474E+01
   0.1541306560E+01
   0.1543995398E+01
   0.1546152040E+01
   0.1547574146E+01
   0.1548390537E+01
   0.1548807261E+01
   0.1549000838E+01
   0.1549073594E+01
   0.1549074850E+01
   0.1549031314E+01
   0.1548968215E+01
   0.1548905738E+01
   0.1548850765E+01
   0.1548803551E+01
   0.1548762009E+01
   0.1548723393E+01
   0.1548684685E+01
   0.1548642427E+01
   0.1548592403E+01
   0.1548529709E+01
   0.1548450424E+01
   0.1548355890E+01
   0.1548256095E+01
   0.1548165459E+01
   0.1548094035E+01
   0.1548043935E+01
   0.1548011984E+01
   0.1547993501E+01
   0.1547984420E+01
   0.1547981898E+01
   0.1547984173E+01
   0.1547990123E+01
   0.1547998577E+01
   0.1548007577E+01
   0.1548014847E+01
   0.1548019061E+01
   0.1548020481E+01
   0.1548020342E+01
   0.1548019618E+01
   0.1548018912E+01
   0.1548018270E+01
   0.1548017742E+01
   0.1548017326E+01
   0.1548017005E+01
   0.1548016759E+01
   0.1548016571E+01
   0.1548016428E+01
   0.1548016318E+01
   0.1548016235E+01
   0.1548016172E+01
   0.1548016124E+01
   0.1548016089E+01
   0.1548016064E+01
   0.1548016047E+01
   0.1548016037E+01
   0.1548016033E+01
   0.1548016034E+01
   0.1548016038E+01
   0.1548016047E+01
   0.1548016058E+01
   0.1548016072E+01
   0.1548016088E+01
   0.1548016106E+01
   0.1548016127E+01
   0.1548016148E+01
   0.1548016171E+01
   0.1548016195E+01
   0.1548016220E+01
   0.1548016245E+01
   0.1548016272E+01
   0.1548016298E+01
   0.1548016326E+01
   0.1548016353E+01
   0.1548016381E+01
   0.1548016409E+01
   0.1548016437E+01
   0.1548016465E+01
   0.1548016494E+01
   0.1548016522E+01
   0.1548016550E+01
   0.1548016578E+01
   0.1548016606E+01
   0.1548016634E+01
   0.1548016661E+01
   0.1548016688E+01
   0.1548016715E+01
   0.1548016742E+01
   0.1548016768E+01
   0.1548016795E+01
   0.1548016820E+01
   0.1548016846E+01
   0.1548016871E+01
   0.1548016895E+01
   0.1548016920E+01
   0.1548016944E+01
   0.1548016967E+01
   0.1548016990E+01
   0.1548017013E+01
   0.1548017036E+01
   0.1548017058E+01
   0.1548017079E+01
   0.1548017100E+01
   0.1548017121E+01
   0.1548017141E+01
   0.1548017161E+01
   0.1548017181E+01
   0.1548017200E+01
   0.1548017219E+01
   0.1548017237E+01
   0.1548017255E+01
   0.1548017273E+01
   0.1548017290E+01
   0.1548017307E+01
   0.1548017324E+01
   0.1548017340E+01
   0.1548017356E+01
   0.1548017371E+01
   0.1548017386E+01
   0.1548017401E+01
   0.1548017415E+01
   0.1548017430E+01
   0.1548017443E+01
   0.1548017457E+01
   0.1548017470E+01
   0.1548017483E+01
   0.1548017495E+01
   0.1548017507E+01
   0.1548017519E+01
   0.1548017531E+01
   0.1548017542E+01
   0.1548017553E+01
   0.1548017564E+01
   0.1548017575E+01
   0.1548017585E+01
   0.1548017595E+01
   0.1548017605E+01
   0.1548017614E+01
   0.1548017624E+01
   0.1548017633E+01
   0.1548017642E+01
   0.1548017650E+01
   0.1548017659E+01
   0.1548017667E+01
   0.1548017675E+01
   0.1548017683E+01
   0.1548017690E+01
   0.1548017698E+01
   0.1548017705E+01
   0.1548017712E+01
   0.1548017719E+01
   0.1548017725E+01
   0.1548017732E+01
   0.1548017738E+01
   0.1548017744E+01
   0.1548017750E+01
   0.1548017756E+01
   0.1548017762E+01
   0.1548017768E+01
   0.1548017773E+01
   0.1548017778E+01
   0.1548017783E+01
   0.1548017788E+01
   0.1548017793E+01
   0.1548017798E+01
   0.1548017802E+01
   0.1548017807E+01
   0.1548017811E+01
   0.1548017816E+01
   0.1548017820E+01
   0.1548017824E+01
   0.1548017828E+01
   0.1548017831E+01
   0.1548017835E+01
   0.1548017839E+01
   0.1548017842E+01
   0.1548017846E+01
   0.1548017849E+01
   0.1548017852E+01
   0.1548017855E+01
   0.1548017858E+01
   0.1548017861E+01
   0.1548017864E+01
   0.1548017867E+01
   0.1548017870E+01
   0.1548017873E+01
   0.1548017875E+01
   0.1548017878E+01
   0.1548017880E+01
   0.1548017883E+01
   0.1548017885E+01
   0.1548017887E+01
   0.1548017889E+01
   0.1548017892E+01
   0.1548017894E+01
   0.1548017896E+01
   0.1548017898E+01
   0.1548017900E+01
   0.1548017901E+01
   0.1548017903E+01
   0.1548017905E+01
   0.1548017907E+01
   0.1548017908E+01
   0.1548017910E+01
   0.1548017912E+01
   0.1548017913E+01
   0.1548017915E+01
   0.1548017916E+01
   0.1548017918E+01
   0.1548017919E+01
   0.1548017920E+01
   0.1548017922E+01
   0.1548017923E+01
   0.1548017924E+01
   0.1548017925E+01
   0.1548017926E+01
   0.1548017928E+01
   0.1548017929E+01
   0.1548017930E+01
   0.1548017931E+01
   0.1548017932E+01
   0.1548017933E+01
   0.1548017934E+01
   0.1548017935E+01
   0.1548017936E+01
   0.1548017936E+01
   0.1548017937E+01
   0.1548017938E+01
   0.1548017939E+01
   0.1548017940E+01
   0.1548017940E+01
   0.1548017941E+01
   0.1548017942E+01
   0.1548017943E+01
   0.1548017943E+01
   0.1548017944E+01
   0.1548017945E+01
   0.1548017945E+01
   0.1548017946E+01
   0.1548017947E+01
   0.1548017947E+01
   0.1548017948E+01
   0.1548017948E+01
   0.1548017949E+01
   0.1548017949E+01
   0.1548017950E+01
   0.1548017950E+01
   0.1548017951E+01
   0.1548017951E+01
   0.1548017952E+01
