   0.1000000000E+02
   0.4065071360E+01
   0.1325262205E+01
   0.3835472955E+00
   0.1465469542E+00
   0.1107920541E+00
   0.1046823295E+00
   0.1041925620E+00
   0.1054900560E+00
   0.1075916169E+00
   0.1105067727E+00
   0.1144081818E+00
   0.1191212970E+00
   0.1240853631E+00
   0.1287123430E+00
   0.1326587608E+00
   0.1358277981E+00
   0.1382675114E+00
   0.1401023033E+00
   0.1414744740E+00
   0.1425076813E+00
   0.1433012030E+00
   0.1439272602E+00
   0.1444311766E+00
   0.1448390337E+00
   0.1451669152E+00
   0.1454276861E+00
   0.1456347737E+00
   0.1458020305E+00
   0.1459406486E+00
   0.1460581396E+00
   0.1461596222E+00
   0.1462830028E+00
   0.1463804069E+00
   0.1464338782E+00
   0.1464917196E+00
   0.1465337854E+00
   0.1465655878E+00
   0.1465907644E+00
   0.1466115201E+00
   0.1466296238E+00
   0.1466467095E+00
   0.1466641592E+00
   0.1466832578E+00
   0.1467055825E+00
   0.1467334692E+00
   0.1467704938E+00
   0.1468217218E+00
   0.1468925895E+00
   0.1469861049E+00
   0.1471019835E+00
   0.1472319483E+00
   0.1473534226E+00
   0.1474467054E+00
   0.1475086060E+00
   0.1475459040E+00
   0.1475672749E+00
   0.1475794589E+00
   0.1475862798E+00
   0.1475895375E+00
   0.1475904104E+00
   0.1475900121E+00
   0.1475891150E+00
   0.1475880777E+00
   0.1475870166E+00
   0.1475859339E+00
   0.1475847788E+00
   0.1475834701E+00
   0.1475819059E+00
   0.1475799900E+00
   0.1475777136E+00
   0.1475752849E+00
   0.1475731294E+00
   0.1475716239E+00
   0.1475708560E+00
   0.1475706751E+00
   0.1475708730E+00
   0.1475712952E+00
   0.1475718652E+00
   0.1475725717E+00
   0.1475734520E+00
   0.1475745734E+00
   0.1475759838E+00
   0.1475775959E+00
   0.1475791200E+00
   0.1475802548E+00
   0.1475809231E+00
   0.1475812393E+00
   0.1475813550E+00
   0.1475813767E+00
   0.1475813609E+00
   0.1475813329E+00
   0.1475813027E+00
   0.1475812735E+00
   0.1475812464E+00
   0.1475812213E+00
   0.1475811980E+00
   0.1475811762E+00
   0.1475811556E+00
   0.1475811361E+00
   0.1475811174E+00
   0.1475810995E+00
   0.1475810822E+00
   0.1475810656E+00
   0.1475810494E+00
   0.1475810338E+00
   0.1475810186E+00
   0.1475810038E+00
   0.1475809894E+00
   0.1475809754E+00
   0.1475809617E+00
   0.1475809484E+00
   0.1475809354E+00
   0.1475809228E+00
   0.1475809105E+00
   0.1475808985E+00
   0.1475808867E+00
   0.1475808753E+00
   0.1475808641E+00
   0.1475808533E+00
   0.1475808426E+00
   0.1475808323E+00
   0.1475808222E+00
   0.1475808123E+00
   0.1475808027E+00
   0.1475807933E+00
   0.1475807842E+00
   0.1475807753E+00
   0.1475807666E+00
   0.1475807581E+00
   0.1475807499E+00
   0.1475807419E+00
   0.1475807340E+00
   0.1475807264E+00
   0.1475807189E+00
   0.1475807117E+00
   0.1475807046E+00
   0.1475806977E+00
   0.1475806910E+00
   0.1475806845E+00
   0.1475806781E+00
   0.1475806719E+00
   0.1475806659E+00
   0.1475806600E+00
   0.1475806543E+00
   0.1475806487E+00
   0.1475806433E+00
   0.1475806380E+00
   0.1475806328E+00
   0.1475806278E+00
   0.1475806229E+00
   0.1475806182E+00
   0.1475806135E+00
   0.1475806090E+00
   0.1475806047E+00
   0.1475806004E+00
   0.1475805962E+00
   0.1475805922E+00
   0.1475805883E+00
   0.1475805844E+00
   0.1475805807E+00
   0.1475805771E+00
   0.1475805735E+00
   0.1475805701E+00
   0.1475805668E+00
   0.1475805635E+00
   0.1475805603E+00
   0.1475805573E+00
   0.1475805543E+00
   0.1475805514E+00
   0.1475805485E+00
   0.1475805458E+00
   0.1475805431E+00
   0.1475805405E+00
   0.1475805379E+00
   0.1475805354E+00
   0.1475805330E+00
   0.1475805307E+00
   0.1475805284E+00
   0.1475805262E+00
   0.1475805240E+00
   0.1475805219E+00
   0.1475805199E+00
   0.1475805179E+00
   0.1475805160E+00
   0.1475805141E+00
   0.1475805123E+00
   0.1475805105E+00
   0.1475805088E+00
   0.1475805071E+00
   0.1475805055E+00
   0.1475805039E+00
   0.1475805023E+00
   0.1475805008E+00
   0.1475804994E+00
   0.1475804980E+00
   0.1475804966E+00
   0.1475804952E+00
   0.1475804939E+00
   0.1475804927E+00
   0.1475804914E+00
   0.1475804902E+00
   0.1475804891E+00
   0.1475804879E+00
   0.1475804868E+00
   0.1475804857E+00
   0.1475804847E+00
   0.1475804837E+00
   0.1475804827E+00
   0.1475804817E+00
   0.1475804808E+00
   0.1475804799E+00
   0.1475804790E+00
   0.1475804781E+00
   0.1475804773E+00
   0.1475804765E+00
   0.1475804757E+00
   0.1475804749E+00
   0.1475804742E+00
   0.1475804735E+00
   0.1475804728E+00
   0.1475804721E+00
   0.1475804714E+00
   0.1475804708E+00
   0.1475804701E+00
   0.1475804695E+00
   0.1475804689E+00
   0.1475804683E+00
   0.1475804678E+00
   0.1475804672E+00
   0.1475804667E+00
   0.1475804662E+00
   0.1475804657E+00
   0.1475804652E+00
   0.1475804647E+00
   0.1475804642E+00
   0.1475804638E+00
   0.1475804634E+00
   0.1475804629E+00
   0.1475804625E+00
   0.1475804621E+00
   0.1475804617E+00
   0.1475804614E+00
   0.1475804610E+00
   0.1475804606E+00
   0.1475804603E+00
   0.1475804599E+00
   0.1475804596E+00
   0.1475804593E+00
   0.1475804590E+00
   0.1475804587E+00
   0.1475804584E+00
   0.1475804581E+00
   0.1475804578E+00
   0.1475804575E+00
   0.1475804573E+00
   0.1475804570E+00
   0.1475804568E+00
   0.1475804565E+00
   0.1475804563E+00
   0.1475804561E+00
   0.1475804559E+00
   0.1475804556E+00
   0.1475804554E+00
   0.1475804552E+00
   0.1475804550E+00
   0.1475804548E+00
   0.1475804547E+00
   0.1475804545E+00
   0.1475804543E+00
   0.1475804541E+00
   0.1475804540E+00
   0.1475804538E+00
   0.1475804536E+00
   0.1475804535E+00
   0.1475804533E+00
   0.1475804532E+00
   0.1475804530E+00
   0.1475804529E+00
   0.1475804528E+00
   0.1475804526E+00
   0.1475804525E+00
   0.1475804524E+00
   0.1475804523E+00
   0.1475804522E+00
   0.1475804521E+00
   0.1475804519E+00
   0.1475804518E+00
   0.1475804517E+00
   0.1475804516E+00
   0.1475804515E+00
   0.1475804514E+00
   0.1475804514E+00
   0.1475804513E+00
   0.1475804512E+00
   0.1475804511E+00
   0.1475804510E+00
   0.1475804509E+00
   0.1475804509E+00
