   0.2687482958E+00
   0.2680588947E+00
   0.2656212742E+00
   0.2561746324E+00
   0.2303350757E+00
   0.2120295996E+00
   0.2031701128E+00
   0.1972309564E+00
   0.1929755713E+00
   0.1894950985E+00
   0.1861991590E+00
   0.1827466602E+00
   0.1791443792E+00
   0.1756729174E+00
   0.1726213652E+00
   0.1701214382E+00
   0.1682066658E+00
   0.1668422042E+00
   0.1658854957E+00
   0.1651890513E+00
   0.1646623040E+00
   0.1642565050E+00
   0.1639380213E+00
   0.1636825311E+00
   0.1634752952E+00
   0.1633076457E+00
   0.1631735588E+00
   0.1630637450E+00
   0.1629715810E+00
   0.1628916338E+00
   0.1628202851E+00
   0.1627554048E+00
   0.1626735724E+00
   0.1626084457E+00
   0.1625729175E+00
   0.1625355144E+00
   0.1625080761E+00
   0.1624863575E+00
   0.1624671388E+00
   0.1624491425E+00
   0.1624328338E+00
   0.1624187808E+00
   0.1624064702E+00
   0.1623945506E+00
   0.1623813641E+00
   0.1623650495E+00
   0.1623434430E+00
   0.1623142096E+00
   0.1622760259E+00
   0.1622312189E+00
   0.1621843198E+00
   0.1621338970E+00
   0.1620798762E+00
   0.1620315553E+00
   0.1619952899E+00
   0.1619710913E+00
   0.1619560833E+00
   0.1619468441E+00
   0.1619410929E+00
   0.1619387330E+00
   0.1619385322E+00
   0.1619381350E+00
   0.1619375818E+00
   0.1619369657E+00
   0.1619363289E+00
   0.1619356830E+00
   0.1619350210E+00
   0.1619343183E+00
   0.1619335265E+00
   0.1619325637E+00
   0.1619313226E+00
   0.1619297469E+00
   0.1619279552E+00
   0.1619262050E+00
   0.1619246842E+00
   0.1619234258E+00
   0.1619223774E+00
   0.1619214670E+00
   0.1619206229E+00
   0.1619197711E+00
   0.1619188248E+00
   0.1619176736E+00
   0.1619161943E+00
   0.1619143395E+00
   0.1619122954E+00
   0.1619104583E+00
   0.1619091257E+00
   0.1619083143E+00
   0.1619078729E+00
   0.1619076415E+00
   0.1619075139E+00
   0.1619074338E+00
   0.1619073750E+00
   0.1619073264E+00
   0.1619072831E+00
   0.1619072434E+00
   0.1619072062E+00
   0.1619071711E+00
   0.1619071379E+00
   0.1619071064E+00
   0.1619070764E+00
   0.1619070480E+00
   0.1619070209E+00
   0.1619069951E+00
   0.1619069705E+00
   0.1619069471E+00
   0.1619069248E+00
   0.1619069035E+00
   0.1619068832E+00
   0.1619068638E+00
   0.1619068453E+00
   0.1619068276E+00
   0.1619068107E+00
   0.1619067946E+00
   0.1619067792E+00
   0.1619067645E+00
   0.1619067504E+00
   0.1619067369E+00
   0.1619067240E+00
   0.1619067116E+00
   0.1619066998E+00
   0.1619066885E+00
   0.1619066776E+00
   0.1619066672E+00
   0.1619066572E+00
   0.1619066477E+00
   0.1619066385E+00
   0.1619066297E+00
   0.1619066213E+00
   0.1619066132E+00
   0.1619066055E+00
   0.1619065980E+00
   0.1619065909E+00
   0.1619065840E+00
   0.1619065774E+00
   0.1619065710E+00
   0.1619065649E+00
   0.1619065591E+00
   0.1619065534E+00
   0.1619065480E+00
   0.1619065428E+00
   0.1619065378E+00
   0.1619065329E+00
   0.1619065283E+00
   0.1619065238E+00
   0.1619065195E+00
   0.1619065154E+00
   0.1619065114E+00
   0.1619065075E+00
   0.1619065038E+00
   0.1619065002E+00
   0.1619064968E+00
   0.1619064934E+00
   0.1619064902E+00
   0.1619064871E+00
   0.1619064841E+00
   0.1619064813E+00
   0.1619064785E+00
   0.1619064758E+00
   0.1619064732E+00
   0.1619064707E+00
   0.1619064683E+00
   0.1619064659E+00
   0.1619064637E+00
   0.1619064615E+00
   0.1619064594E+00
   0.1619064574E+00
   0.1619064554E+00
   0.1619064535E+00
   0.1619064517E+00
   0.1619064499E+00
   0.1619064482E+00
   0.1619064465E+00
   0.1619064449E+00
   0.1619064434E+00
   0.1619064418E+00
   0.1619064404E+00
   0.1619064390E+00
   0.1619064376E+00
   0.1619064363E+00
   0.1619064350E+00
   0.1619064338E+00
   0.1619064326E+00
   0.1619064314E+00
   0.1619064303E+00
   0.1619064292E+00
   0.1619064282E+00
   0.1619064272E+00
   0.1619064262E+00
   0.1619064252E+00
   0.1619064243E+00
   0.1619064234E+00
   0.1619064225E+00
   0.1619064217E+00
   0.1619064209E+00
   0.1619064201E+00
   0.1619064193E+00
   0.1619064186E+00
   0.1619064179E+00
   0.1619064172E+00
   0.1619064165E+00
   0.1619064158E+00
   0.1619064152E+00
   0.1619064146E+00
   0.1619064140E+00
   0.1619064134E+00
   0.1619064128E+00
   0.1619064123E+00
   0.1619064118E+00
   0.1619064112E+00
   0.1619064107E+00
   0.1619064103E+00
   0.1619064098E+00
   0.1619064093E+00
   0.1619064089E+00
   0.1619064085E+00
   0.1619064081E+00
   0.1619064077E+00
   0.1619064073E+00
   0.1619064069E+00
   0.1619064065E+00
   0.1619064062E+00
   0.1619064058E+00
   0.1619064055E+00
   0.1619064052E+00
   0.1619064048E+00
   0.1619064045E+00
   0.1619064042E+00
   0.1619064039E+00
   0.1619064037E+00
   0.1619064034E+00
   0.1619064031E+00
   0.1619064029E+00
   0.1619064026E+00
   0.1619064024E+00
   0.1619064021E+00
   0.1619064019E+00
   0.1619064017E+00
   0.1619064015E+00
   0.1619064013E+00
   0.1619064011E+00
   0.1619064009E+00
   0.1619064007E+00
   0.1619064005E+00
   0.1619064003E+00
   0.1619064001E+00
   0.1619064000E+00
   0.1619063998E+00
   0.1619063996E+00
   0.1619063995E+00
   0.1619063993E+00
   0.1619063992E+00
   0.1619063990E+00
   0.1619063989E+00
   0.1619063988E+00
   0.1619063986E+00
   0.1619063985E+00
   0.1619063984E+00
   0.1619063983E+00
   0.1619063982E+00
   0.1619063980E+00
   0.1619063979E+00
   0.1619063978E+00
   0.1619063977E+00
   0.1619063976E+00
   0.1619063975E+00
   0.1619063974E+00
   0.1619063973E+00
   0.1619063972E+00
   0.1619063972E+00
   0.1619063971E+00
   0.1619063970E+00
   0.1619063969E+00
   0.1619063968E+00
   0.1619063968E+00
   0.1619063967E+00
   0.1619063966E+00
   0.1619063965E+00
   0.1619063965E+00
   0.1619063964E+00
   0.1619063964E+00
   0.1619063963E+00
   0.1619063962E+00
   0.1619063962E+00
   0.1619063961E+00
   0.1619063961E+00
   0.1619063960E+00
   0.1619063960E+00
   0.1619063959E+00
   0.1619063959E+00
   0.1619063958E+00
   0.1619063958E+00
   0.1619063957E+00
   0.1619063957E+00
   0.1619063956E+00
   0.1619063956E+00
   0.1619063956E+00
   0.1619063955E+00
   0.1619063955E+00
