   0.3385604075E-01
   0.8183549619E-01
   0.2362580167E+00
   0.6584407055E+00
   0.1119042773E+01
   0.1477375132E+01
   0.1797303421E+01
   0.2025968084E+01
   0.2236689603E+01
   0.2471000858E+01
   0.2583477710E+01
   0.2633139330E+01
   0.2656174475E+01
   0.2675750995E+01
   0.2692378643E+01
   0.2686485305E+01
   0.2681121902E+01
   0.2734613212E+01
   0.2752336920E+01
   0.2756009384E+01
   0.2772069264E+01
   0.2792711824E+01
   0.2806156857E+01
   0.2814083384E+01
   0.2858994844E+01
   0.3050913456E+01
   0.3166775610E+01
   0.3210074249E+01
   0.3216541270E+01
   0.3213428810E+01
   0.3212934765E+01
   0.3216327571E+01
   0.3224744606E+01
   0.3234180623E+01
   0.3240583797E+01
   0.3249687603E+01
   0.3258053741E+01
   0.3265618487E+01
   0.3272460078E+01
   0.3278715992E+01
   0.3284524571E+01
   0.3289999727E+01
   0.3295227927E+01
   0.3320368266E+01
   0.3379370996E+01
   0.3407512815E+01
   0.3421664671E+01
   0.3429687955E+01
   0.3435674468E+01
   0.3439978691E+01
   0.3443538911E+01
   0.3446459514E+01
   0.3448670807E+01
   0.3450171165E+01
   0.3451124035E+01
   0.3451794989E+01
   0.3452354334E+01
   0.3452792819E+01
   0.3453062843E+01
   0.3453180167E+01
   0.3453194301E+01
   0.3453147767E+01
   0.3453068581E+01
   0.3452973609E+01
   0.3452872978E+01
   0.3452772403E+01
   0.3452674662E+01
   0.3452581017E+01
   0.3452491302E+01
   0.3452404536E+01
   0.3452319271E+01
   0.3452234189E+01
   0.3452148790E+01
   0.3452063998E+01
   0.3451982220E+01
   0.3451906564E+01
   0.3451839146E+01
   0.3451780032E+01
   0.3451727374E+01
   0.3451677961E+01
   0.3451628038E+01
   0.3451573378E+01
   0.3451509105E+01
   0.3451431119E+01
   0.3451340767E+01
   0.3451249259E+01
   0.3451170600E+01
   0.3451111302E+01
   0.3451069759E+01
   0.3451041186E+01
   0.3451020960E+01
   0.3451005895E+01
   0.3450993996E+01
   0.3450984079E+01
   0.3450975447E+01
   0.3450967689E+01
   0.3450960558E+01
   0.3450953904E+01
   0.3450947634E+01
   0.3450941689E+01
   0.3450936028E+01
   0.3450930626E+01
   0.3450925462E+01
   0.3450920521E+01
   0.3450915791E+01
   0.3450911262E+01
   0.3450906922E+01
   0.3450902763E+01
   0.3450898778E+01
   0.3450894958E+01
   0.3450891296E+01
   0.3450887788E+01
   0.3450884425E+01
   0.3450881198E+01
   0.3450878100E+01
   0.3450875127E+01
   0.3450872272E+01
   0.3450869532E+01
   0.3450866899E+01
   0.3450864371E+01
   0.3450861941E+01
   0.3450859606E+01
   0.3450857362E+01
   0.3450855205E+01
   0.3450853131E+01
   0.3450851136E+01
   0.3450849217E+01
   0.3450847371E+01
   0.3450845594E+01
   0.3450843884E+01
   0.3450842238E+01
   0.3450840653E+01
   0.3450839126E+01
   0.3450837656E+01
   0.3450836239E+01
   0.3450834875E+01
   0.3450833560E+01
   0.3450832293E+01
   0.3450831071E+01
   0.3450829894E+01
   0.3450828759E+01
   0.3450827664E+01
   0.3450826608E+01
   0.3450825590E+01
   0.3450824607E+01
   0.3450823659E+01
   0.3450822745E+01
   0.3450821862E+01
   0.3450821010E+01
   0.3450820188E+01
   0.3450819394E+01
   0.3450818627E+01
   0.3450817887E+01
   0.3450817173E+01
   0.3450816482E+01
   0.3450815816E+01
   0.3450815172E+01
   0.3450814550E+01
   0.3450813948E+01
   0.3450813368E+01
   0.3450812806E+01
   0.3450812264E+01
   0.3450811739E+01
   0.3450811233E+01
   0.3450810743E+01
   0.3450810269E+01
   0.3450809811E+01
   0.3450809368E+01
   0.3450808940E+01
   0.3450808526E+01
   0.3450808126E+01
   0.3450807738E+01
   0.3450807363E+01
   0.3450807001E+01
   0.3450806650E+01
   0.3450806311E+01
   0.3450805983E+01
   0.3450805665E+01
   0.3450805358E+01
   0.3450805060E+01
   0.3450804772E+01
   0.3450804494E+01
   0.3450804224E+01
   0.3450803963E+01
   0.3450803710E+01
   0.3450803466E+01
   0.3450803229E+01
   0.3450802999E+01
   0.3450802777E+01
   0.3450802562E+01
   0.3450802354E+01
   0.3450802152E+01
   0.3450801957E+01
   0.3450801768E+01
   0.3450801584E+01
   0.3450801407E+01
   0.3450801235E+01
   0.3450801068E+01
   0.3450800907E+01
   0.3450800750E+01
   0.3450800599E+01
   0.3450800452E+01
   0.3450800310E+01
   0.3450800172E+01
   0.3450800038E+01
   0.3450799909E+01
   0.3450799783E+01
   0.3450799662E+01
   0.3450799544E+01
   0.3450799430E+01
   0.3450799319E+01
   0.3450799212E+01
   0.3450799108E+01
   0.3450799007E+01
   0.3450798909E+01
   0.3450798814E+01
   0.3450798722E+01
   0.3450798633E+01
   0.3450798547E+01
   0.3450798463E+01
   0.3450798382E+01
   0.3450798303E+01
   0.3450798226E+01
   0.3450798152E+01
   0.3450798080E+01
   0.3450798011E+01
   0.3450797943E+01
   0.3450797877E+01
   0.3450797814E+01
   0.3450797752E+01
   0.3450797692E+01
   0.3450797634E+01
   0.3450797578E+01
   0.3450797523E+01
   0.3450797470E+01
   0.3450797419E+01
   0.3450797369E+01
   0.3450797321E+01
   0.3450797274E+01
   0.3450797228E+01
   0.3450797184E+01
   0.3450797141E+01
   0.3450797100E+01
   0.3450797059E+01
   0.3450797020E+01
   0.3450796982E+01
   0.3450796945E+01
   0.3450796909E+01
   0.3450796875E+01
   0.3450796841E+01
   0.3450796808E+01
   0.3450796776E+01
   0.3450796746E+01
   0.3450796716E+01
   0.3450796687E+01
   0.3450796658E+01
   0.3450796631E+01
   0.3450796605E+01
   0.3450796579E+01
   0.3450796554E+01
   0.3450796529E+01
   0.3450796506E+01
   0.3450796483E+01
   0.3450796461E+01
   0.3450796439E+01
   0.3450796418E+01
   0.3450796398E+01
   0.3450796378E+01
   0.3450796359E+01
   0.3450796341E+01
   0.3450796322E+01
   0.3450796305E+01
   0.3450796288E+01
   0.3450796271E+01
   0.3450796255E+01
   0.3450796240E+01
   0.3450796225E+01
   0.3450796210E+01
   0.3450796196E+01
   0.3450796182E+01
   0.3450796168E+01
   0.3450796155E+01
   0.3450796143E+01
   0.3450796130E+01
   0.3450796118E+01
   0.3450796107E+01
   0.3450796096E+01
   0.3450796085E+01
   0.3450796074E+01
   0.3450796064E+01
   0.3450796054E+01
   0.3450796044E+01
   0.3450796034E+01
   0.3450796025E+01
   0.3450796016E+01
   0.3450796008E+01
   0.3450795999E+01
   0.3450795991E+01
   0.3450795983E+01
