   0.0000000000E+00
   0.9208165410E+00
   0.7703118315E+00
   0.3479359440E+00
   0.1358717225E+00
   0.2571603767E+00
   0.2957534807E+00
   0.3198373353E+00
   0.3289728188E+00
   0.3435787573E+00
   0.3556166971E+00
   0.3518217480E+00
   0.3356089113E+00
   0.3260438479E+00
   0.3274549923E+00
   0.3247266668E+00
   0.3393456924E+00
   0.3201139980E+00
   0.3161475807E+00
   0.3029778340E+00
   0.3211063643E+00
   0.3300559256E+00
   0.3299885394E+00
   0.3187571142E+00
   0.3014611359E+00
   0.2972530924E+00
   0.2892980150E+00
   0.2992907771E+00
   0.3023767147E+00
   0.2829763831E+00
   0.2536240661E+00
   0.2500326356E+00
   0.2505990911E+00
   0.2485121262E+00
   0.2454777713E+00
   0.2374725918E+00
   0.2293334992E+00
   0.2345523343E+00
   0.2338954386E+00
   0.2270791974E+00
   0.2222941697E+00
   0.2234035582E+00
   0.2231782589E+00
   0.2212613723E+00
   0.2242244709E+00
   0.2302356788E+00
   0.2366412419E+00
   0.2422563792E+00
   0.2447254753E+00
   0.2418903961E+00
   0.2518847552E+00
   0.2563742177E+00
   0.2463499491E+00
   0.2504500739E+00
   0.2476947593E+00
   0.2342604249E+00
   0.2259780907E+00
   0.2288086951E+00
   0.2276423635E+00
   0.2223455928E+00
   0.2158425332E+00
   0.2108306710E+00
   0.2084704372E+00
   0.2097732934E+00
   0.2115100130E+00
   0.2138509616E+00
   0.2170304532E+00
   0.2213367664E+00
   0.2270036754E+00
   0.2338444562E+00
   0.2405254073E+00
   0.2442389268E+00
   0.2424727915E+00
   0.2356709343E+00
   0.2267694374E+00
   0.2185123068E+00
   0.2121328615E+00
   0.2076966984E+00
   0.2047938502E+00
   0.2054000216E+00
   0.2070030699E+00
   0.2090850320E+00
   0.2113008880E+00
   0.2125140746E+00
   0.2114424190E+00
   0.2084082700E+00
   0.2050915245E+00
   0.2026607614E+00
   0.2012551599E+00
   0.2005613797E+00
   0.2005294208E+00
   0.2004991426E+00
   0.2004704666E+00
   0.2004433172E+00
   0.2004176223E+00
   0.2003933130E+00
   0.2003703234E+00
   0.2003493266E+00
   0.2003367234E+00
   0.2003246746E+00
   0.2003131463E+00
   0.2003021082E+00
   0.2002915329E+00
   0.2002813953E+00
   0.2002716723E+00
   0.2002623425E+00
   0.2002533861E+00
   0.2002447845E+00
   0.2002365203E+00
   0.2002285775E+00
   0.2002209408E+00
   0.2002135312E+00
   0.2002064758E+00
   0.2001996817E+00
   0.2001931394E+00
   0.2001868385E+00
   0.2001807686E+00
   0.2001749199E+00
   0.2001692829E+00
   0.2001638486E+00
   0.2001586084E+00
   0.2001535544E+00
   0.2001486787E+00
   0.2001439740E+00
   0.2001394334E+00
   0.2001350502E+00
   0.2001308182E+00
   0.2001267313E+00
   0.2001227838E+00
   0.2001189704E+00
   0.2001152857E+00
   0.2001117248E+00
   0.2001082829E+00
   0.2001049557E+00
   0.2001017388E+00
   0.2000986279E+00
   0.2000956193E+00
   0.2000927091E+00
   0.2000898937E+00
   0.2000871697E+00
   0.2000845338E+00
   0.2000819827E+00
   0.2000795135E+00
   0.2000771233E+00
   0.2000748092E+00
   0.2000725686E+00
   0.2000703989E+00
   0.2000682977E+00
   0.2000662626E+00
   0.2000642912E+00
   0.2000623815E+00
   0.2000605314E+00
   0.2000587387E+00
   0.2000570017E+00
   0.2000553183E+00
   0.2000536869E+00
   0.2000521056E+00
   0.2000505729E+00
   0.2000490871E+00
   0.2000476466E+00
   0.2000462501E+00
   0.2000448961E+00
   0.2000435831E+00
   0.2000423099E+00
   0.2000410751E+00
   0.2000398776E+00
   0.2000387162E+00
   0.2000375897E+00
   0.2000364969E+00
   0.2000354369E+00
   0.2000344085E+00
   0.2000334108E+00
   0.2000324429E+00
   0.2000315038E+00
   0.2000305925E+00
   0.2000297083E+00
   0.2000288502E+00
   0.2000280175E+00
   0.2000272095E+00
   0.2000264252E+00
   0.2000256641E+00
   0.2000249253E+00
   0.2000242082E+00
   0.2000235122E+00
   0.2000228366E+00
   0.2000221808E+00
   0.2000215441E+00
   0.2000209261E+00
   0.2000203261E+00
   0.2000197436E+00
   0.2000191781E+00
   0.2000186290E+00
   0.2000180959E+00
   0.2000175782E+00
   0.2000170756E+00
   0.2000165876E+00
   0.2000161137E+00
   0.2000156535E+00
   0.2000152067E+00
   0.2000147727E+00
   0.2000143513E+00
   0.2000139421E+00
   0.2000135447E+00
   0.2000131587E+00
   0.2000127838E+00
   0.2000124198E+00
   0.2000120662E+00
   0.2000117228E+00
   0.2000113892E+00
   0.2000110653E+00
   0.2000107506E+00
   0.2000104450E+00
   0.2000101481E+00
   0.2000098597E+00
   0.2000095796E+00
   0.2000093075E+00
   0.2000090432E+00
   0.2000087865E+00
   0.2000085371E+00
   0.2000082949E+00
   0.2000080595E+00
   0.2000078309E+00
   0.2000076088E+00
   0.2000073931E+00
   0.2000071835E+00
   0.2000069798E+00
   0.2000067820E+00
   0.2000065899E+00
   0.2000064032E+00
   0.2000062218E+00
   0.2000060456E+00
   0.2000058743E+00
   0.2000057080E+00
   0.2000055464E+00
   0.2000053894E+00
   0.2000052369E+00
   0.2000050887E+00
   0.2000049447E+00
   0.2000048048E+00
   0.2000046689E+00
   0.2000045368E+00
   0.2000044085E+00
   0.2000042838E+00
   0.2000041627E+00
   0.2000040450E+00
   0.2000039306E+00
   0.2000038195E+00
   0.2000037115E+00
   0.2000036066E+00
   0.2000035047E+00
   0.2000034056E+00
   0.2000033094E+00
   0.2000032159E+00
   0.2000031250E+00
   0.2000030368E+00
   0.2000029510E+00
   0.2000028676E+00
   0.2000027866E+00
   0.2000027079E+00
   0.2000026314E+00
   0.2000025571E+00
   0.2000024849E+00
   0.2000024148E+00
   0.2000023466E+00
   0.2000022803E+00
   0.2000022159E+00
   0.2000021534E+00
   0.2000020926E+00
   0.2000020335E+00
   0.2000019761E+00
   0.2000019204E+00
   0.2000018662E+00
   0.2000018135E+00
   0.2000017623E+00
   0.2000017126E+00
   0.2000016643E+00
   0.2000016173E+00
   0.2000015717E+00
   0.2000015273E+00
   0.2000014842E+00
   0.2000014423E+00
   0.2000014016E+00
   0.2000013621E+00
   0.2000013237E+00
   0.2000012863E+00
   0.2000012501E+00
   0.2000012148E+00
   0.2000011805E+00
   0.2000011472E+00
   0.2000011149E+00
   0.2000010834E+00
   0.2000010529E+00
   0.2000010232E+00
   0.2000009943E+00
   0.2000009663E+00
   0.2000009390E+00
   0.2000009125E+00
   0.2000008868E+00
   0.2000008618E+00
