   0.3423676380E-01
   0.8276690241E-01
   0.2390451877E+00
   0.6665828748E+00
   0.1178842507E+01
   0.1882458073E+01
   0.2582519804E+01
   0.3344653755E+01
   0.3735852257E+01
   0.3949493294E+01
   0.4080662043E+01
   0.4173493524E+01
   0.4240711938E+01
   0.4277949133E+01
   0.4283651757E+01
   0.4265718631E+01
   0.4418560911E+01
   0.5075320376E+01
   0.5266280818E+01
   0.5228160960E+01
   0.5137898436E+01
   0.5100158529E+01
   0.5080712800E+01
   0.5036179186E+01
   0.4979815189E+01
   0.4952195470E+01
   0.4946240282E+01
   0.4941792128E+01
   0.4937785390E+01
   0.4933766214E+01
   0.4929587715E+01
   0.4925238551E+01
   0.4918500892E+01
   0.4911650104E+01
   0.4907044179E+01
   0.4900156738E+01
   0.4893319707E+01
   0.4886547651E+01
   0.4879849869E+01
   0.4873232280E+01
   0.4868021691E+01
   0.4868025507E+01
   0.4868869707E+01
   0.4870238865E+01
   0.4871806909E+01
   0.4887460021E+01
   0.4907033739E+01
   0.4919251042E+01
   0.4929364124E+01
   0.4937657924E+01
   0.4944955009E+01
   0.4950985854E+01
   0.4955432133E+01
   0.4958268814E+01
   0.4959830198E+01
   0.4960656531E+01
   0.4961170617E+01
   0.4961510617E+01
   0.4961679178E+01
   0.4961695911E+01
   0.4961603731E+01
   0.4961441211E+01
   0.4961237527E+01
   0.4961013738E+01
   0.4960784526E+01
   0.4960559034E+01
   0.4960341961E+01
   0.4960135352E+01
   0.4959938729E+01
   0.4959750065E+01
   0.4959566457E+01
   0.4959385312E+01
   0.4959205789E+01
   0.4959029886E+01
   0.4958862075E+01
   0.4958707363E+01
   0.4958568444E+01
   0.4958444232E+01
   0.4958330352E+01
   0.4958220114E+01
   0.4958105710E+01
   0.4957978145E+01
   0.4957826911E+01
   0.4957643420E+01
   0.4957432386E+01
   0.4957221282E+01
   0.4957042740E+01
   0.4956910668E+01
   0.4956819901E+01
   0.4956758418E+01
   0.4956715287E+01
   0.4956683175E+01
   0.4956657649E+01
   0.4956636168E+01
   0.4956617283E+01
   0.4956600165E+01
   0.4956584326E+01
   0.4956569477E+01
   0.4956555439E+01
   0.4956542099E+01
   0.4956529380E+01
   0.4956517230E+01
   0.4956505610E+01
   0.4956494488E+01
   0.4956483838E+01
   0.4956473638E+01
   0.4956463863E+01
   0.4956454497E+01
   0.4956445521E+01
   0.4956436917E+01
   0.4956428667E+01
   0.4956420759E+01
   0.4956413179E+01
   0.4956405906E+01
   0.4956398925E+01
   0.4956392224E+01
   0.4956385792E+01
   0.4956379615E+01
   0.4956373682E+01
   0.4956367983E+01
   0.4956362507E+01
   0.4956357245E+01
   0.4956352187E+01
   0.4956347323E+01
   0.4956342648E+01
   0.4956338150E+01
   0.4956333824E+01
   0.4956329661E+01
   0.4956325654E+01
   0.4956321798E+01
   0.4956318085E+01
   0.4956314510E+01
   0.4956311067E+01
   0.4956307751E+01
   0.4956304556E+01
   0.4956301478E+01
   0.4956298512E+01
   0.4956295653E+01
   0.4956292897E+01
   0.4956290241E+01
   0.4956287679E+01
   0.4956285208E+01
   0.4956282826E+01
   0.4956280528E+01
   0.4956278310E+01
   0.4956276171E+01
   0.4956274106E+01
   0.4956272114E+01
   0.4956270191E+01
   0.4956268335E+01
   0.4956266543E+01
   0.4956264812E+01
   0.4956263141E+01
   0.4956261528E+01
   0.4956259969E+01
   0.4956258464E+01
   0.4956257009E+01
   0.4956255604E+01
   0.4956254247E+01
   0.4956252935E+01
   0.4956251667E+01
   0.4956250442E+01
   0.4956249258E+01
   0.4956248113E+01
   0.4956247007E+01
   0.4956245937E+01
   0.4956244902E+01
   0.4956243902E+01
   0.4956242935E+01
   0.4956241999E+01
   0.4956241095E+01
   0.4956240219E+01
   0.4956239373E+01
   0.4956238554E+01
   0.4956237762E+01
   0.4956236995E+01
   0.4956236253E+01
   0.4956235535E+01
   0.4956234841E+01
   0.4956234169E+01
   0.4956233518E+01
   0.4956232888E+01
   0.4956232279E+01
   0.4956231689E+01
   0.4956231117E+01
   0.4956230564E+01
   0.4956230029E+01
   0.4956229510E+01
   0.4956229008E+01
   0.4956228522E+01
   0.4956228051E+01
   0.4956227595E+01
   0.4956227153E+01
   0.4956226726E+01
   0.4956226311E+01
   0.4956225910E+01
   0.4956225521E+01
   0.4956225144E+01
   0.4956224779E+01
   0.4956224426E+01
   0.4956224083E+01
   0.4956223751E+01
   0.4956223430E+01
   0.4956223118E+01
   0.4956222816E+01
   0.4956222523E+01
   0.4956222239E+01
   0.4956221964E+01
   0.4956221698E+01
   0.4956221439E+01
   0.4956221189E+01
   0.4956220946E+01
   0.4956220711E+01
   0.4956220483E+01
   0.4956220261E+01
   0.4956220047E+01
   0.4956219839E+01
   0.4956219637E+01
   0.4956219442E+01
   0.4956219252E+01
   0.4956219068E+01
   0.4956218890E+01
   0.4956218717E+01
   0.4956218550E+01
   0.4956218387E+01
   0.4956218229E+01
   0.4956218077E+01
   0.4956217928E+01
   0.4956217784E+01
   0.4956217645E+01
   0.4956217509E+01
   0.4956217378E+01
   0.4956217251E+01
   0.4956217127E+01
   0.4956217007E+01
   0.4956216891E+01
   0.4956216778E+01
   0.4956216669E+01
   0.4956216562E+01
   0.4956216459E+01
   0.4956216359E+01
   0.4956216262E+01
   0.4956216168E+01
   0.4956216077E+01
   0.4956215988E+01
   0.4956215902E+01
   0.4956215819E+01
   0.4956215738E+01
   0.4956215659E+01
   0.4956215583E+01
   0.4956215509E+01
   0.4956215437E+01
   0.4956215367E+01
   0.4956215299E+01
   0.4956215233E+01
   0.4956215170E+01
   0.4956215108E+01
   0.4956215048E+01
   0.4956214989E+01
   0.4956214933E+01
   0.4956214878E+01
   0.4956214824E+01
   0.4956214773E+01
   0.4956214722E+01
   0.4956214674E+01
   0.4956214626E+01
   0.4956214580E+01
   0.4956214536E+01
   0.4956214492E+01
   0.4956214450E+01
   0.4956214409E+01
   0.4956214370E+01
   0.4956214331E+01
   0.4956214294E+01
   0.4956214257E+01
   0.4956214222E+01
   0.4956214188E+01
   0.4956214155E+01
   0.4956214122E+01
   0.4956214091E+01
   0.4956214061E+01
   0.4956214031E+01
   0.4956214002E+01
   0.4956213974E+01
   0.4956213947E+01
   0.4956213921E+01
   0.4956213896E+01
   0.4956213871E+01
   0.4956213847E+01
   0.4956213823E+01
   0.4956213801E+01
   0.4956213779E+01
   0.4956213757E+01
   0.4956213737E+01
   0.4956213716E+01
   0.4956213697E+01
   0.4956213678E+01
   0.4956213659E+01
   0.4956213641E+01
