   0.1000000000E+02
   0.4164895413E+01
   0.1477261794E+01
   0.5813542662E+00
   0.4493915486E+00
   0.4979055285E+00
   0.5910895717E+00
   0.7311859966E+00
   0.9481254773E+00
   0.1297398292E+01
   0.1831917605E+01
   0.2541634396E+01
   0.3328072652E+01
   0.4062394118E+01
   0.4658854895E+01
   0.5096413580E+01
   0.5390749959E+01
   0.5571272486E+01
   0.5675707226E+01
   0.5796666159E+01
   0.5883785609E+01
   0.5945282089E+01
   0.5990710938E+01
   0.6025712132E+01
   0.6053542407E+01
   0.6076092676E+01
   0.6094454706E+01
   0.6109497196E+01
   0.6121778077E+01
   0.6131463500E+01
   0.6138642527E+01
   0.6143684864E+01
   0.6148117660E+01
   0.6150644047E+01
   0.6151742911E+01
   0.6152622262E+01
   0.6153061347E+01
   0.6153258421E+01
   0.6153338368E+01
   0.6153373252E+01
   0.6153387233E+01
   0.6153370154E+01
   0.6153298131E+01
   0.6153146529E+01
   0.6152893050E+01
   0.6152516614E+01
   0.6151997747E+01
   0.6151326145E+01
   0.6150528431E+01
   0.6149728317E+01
   0.6149153964E+01
   0.6148912407E+01
   0.6148786758E+01
   0.6148479200E+01
   0.6147901400E+01
   0.6147162863E+01
   0.6146416330E+01
   0.6145760315E+01
   0.6145227110E+01
   0.6144808218E+01
   0.6144480503E+01
   0.6144220694E+01
   0.6144010758E+01
   0.6143838259E+01
   0.6143694833E+01
   0.6143574695E+01
   0.6143473662E+01
   0.6143388590E+01
   0.6143317066E+01
   0.6143257227E+01
   0.6143207597E+01
   0.6143166832E+01
   0.6143133365E+01
   0.6143105224E+01
   0.6143080497E+01
   0.6143058090E+01
   0.6143038014E+01
   0.6143021080E+01
   0.6143008466E+01
   0.6143001493E+01
   0.6143001649E+01
   0.6143010799E+01
   0.6143031365E+01
   0.6143065628E+01
   0.6143112742E+01
   0.6143165772E+01
   0.6143214840E+01
   0.6143253360E+01
   0.6143279940E+01
   0.6143296365E+01
   0.6143305294E+01
   0.6143309096E+01
   0.6143309547E+01
   0.6143307880E+01
   0.6143304928E+01
   0.6143301238E+01
   0.6143297166E+01
   0.6143292941E+01
   0.6143288704E+01
   0.6143284539E+01
   0.6143280495E+01
   0.6143276598E+01
   0.6143272859E+01
   0.6143269281E+01
   0.6143265861E+01
   0.6143262594E+01
   0.6143259473E+01
   0.6143256491E+01
   0.6143253641E+01
   0.6143250916E+01
   0.6143248309E+01
   0.6143245814E+01
   0.6143243425E+01
   0.6143241137E+01
   0.6143238945E+01
   0.6143236843E+01
   0.6143234826E+01
   0.6143232891E+01
   0.6143231034E+01
   0.6143229251E+01
   0.6143227539E+01
   0.6143225894E+01
   0.6143224314E+01
   0.6143222794E+01
   0.6143221334E+01
   0.6143219929E+01
   0.6143218579E+01
   0.6143217280E+01
   0.6143216030E+01
   0.6143214827E+01
   0.6143213669E+01
   0.6143212554E+01
   0.6143211481E+01
   0.6143210447E+01
   0.6143209451E+01
   0.6143208492E+01
   0.6143207567E+01
   0.6143206677E+01
   0.6143205818E+01
   0.6143204991E+01
   0.6143204193E+01
   0.6143203423E+01
   0.6143202681E+01
   0.6143201966E+01
   0.6143201276E+01
   0.6143200610E+01
   0.6143199967E+01
   0.6143199347E+01
   0.6143198749E+01
   0.6143198171E+01
   0.6143197613E+01
   0.6143197075E+01
   0.6143196555E+01
   0.6143196053E+01
   0.6143195569E+01
   0.6143195100E+01
   0.6143194648E+01
   0.6143194211E+01
   0.6143193789E+01
   0.6143193382E+01
   0.6143192987E+01
   0.6143192607E+01
   0.6143192239E+01
   0.6143191883E+01
   0.6143191539E+01
   0.6143191207E+01
   0.6143190885E+01
   0.6143190574E+01
   0.6143190274E+01
   0.6143189983E+01
   0.6143189702E+01
   0.6143189430E+01
   0.6143189167E+01
   0.6143188913E+01
   0.6143188667E+01
   0.6143188429E+01
   0.6143188199E+01
   0.6143187976E+01
   0.6143187760E+01
   0.6143187551E+01
   0.6143187349E+01
   0.6143187154E+01
   0.6143186965E+01
   0.6143186781E+01
   0.6143186604E+01
   0.6143186432E+01
   0.6143186266E+01
   0.6143186105E+01
   0.6143185949E+01
   0.6143185799E+01
   0.6143185652E+01
   0.6143185511E+01
   0.6143185374E+01
   0.6143185241E+01
   0.6143185113E+01
   0.6143184988E+01
   0.6143184867E+01
   0.6143184751E+01
   0.6143184637E+01
   0.6143184528E+01
   0.6143184421E+01
   0.6143184319E+01
   0.6143184219E+01
   0.6143184122E+01
   0.6143184028E+01
   0.6143183938E+01
   0.6143183850E+01
   0.6143183764E+01
   0.6143183682E+01
   0.6143183602E+01
   0.6143183524E+01
   0.6143183449E+01
   0.6143183376E+01
   0.6143183305E+01
   0.6143183236E+01
   0.6143183170E+01
   0.6143183105E+01
   0.6143183043E+01
   0.6143182982E+01
   0.6143182924E+01
   0.6143182867E+01
   0.6143182811E+01
   0.6143182758E+01
   0.6143182706E+01
   0.6143182655E+01
   0.6143182607E+01
   0.6143182559E+01
   0.6143182513E+01
   0.6143182469E+01
   0.6143182425E+01
   0.6143182383E+01
   0.6143182343E+01
   0.6143182303E+01
   0.6143182265E+01
   0.6143182228E+01
   0.6143182192E+01
   0.6143182157E+01
   0.6143182123E+01
   0.6143182090E+01
   0.6143182058E+01
   0.6143182027E+01
   0.6143181997E+01
   0.6143181968E+01
   0.6143181940E+01
   0.6143181912E+01
   0.6143181885E+01
   0.6143181860E+01
   0.6143181835E+01
   0.6143181810E+01
   0.6143181787E+01
   0.6143181764E+01
   0.6143181741E+01
   0.6143181720E+01
   0.6143181699E+01
   0.6143181678E+01
   0.6143181659E+01
   0.6143181639E+01
   0.6143181621E+01
   0.6143181603E+01
   0.6143181585E+01
   0.6143181568E+01
   0.6143181552E+01
   0.6143181536E+01
   0.6143181520E+01
   0.6143181505E+01
   0.6143181490E+01
   0.6143181476E+01
   0.6143181462E+01
   0.6143181449E+01
   0.6143181436E+01
   0.6143181423E+01
   0.6143181411E+01
   0.6143181399E+01
   0.6143181387E+01
   0.6143181376E+01
   0.6143181365E+01
   0.6143181355E+01
   0.6143181344E+01
   0.6143181334E+01
   0.6143181325E+01
   0.6143181315E+01
   0.6143181306E+01
   0.6143181297E+01
   0.6143181289E+01
   0.6143181280E+01
   0.6143181272E+01
   0.6143181264E+01
   0.6143181257E+01
   0.6143181249E+01
   0.6143181242E+01
   0.6143181235E+01
   0.6143181228E+01
   0.6143181221E+01
   0.6143181215E+01
   0.6143181209E+01
   0.6143181203E+01
   0.6143181197E+01
   0.6143181191E+01
   0.6143181185E+01
