   0.1000000000E+02
   0.4003362105E+01
   0.1235409823E+01
   0.2853647949E+00
   0.4821128029E-01
   0.1110318947E-01
   0.3417357233E-02
   0.1052899052E-02
   0.3243087422E-03
   0.9981509835E-04
   0.3073635946E-04
   0.9471478966E-05
   0.2917740352E-05
   0.8985612886E-06
   0.2767502979E-06
   0.8525004000E-07
   0.2626321211E-07
   0.8091056374E-08
   0.2492354059E-08
   0.7675867502E-09
   0.2363258899E-09
   0.7272475946E-10
   0.2237921494E-10
   0.6886534356E-11
   0.2119090854E-11
   0.1000000000E-11
   0.1000000000E-11
   0.1000000000E-11
   0.1000000000E-11
   0.1000000000E-11
   0.1000000000E-11
   0.1000000000E-11
   0.1000000000E-11
   0.1000000000E-11
   0.1000000000E-11
   0.1000000000E-11
   0.1000000000E-11
   0.1000000000E-11
   0.1000000000E-11
   0.1000000000E-11
   0.1000000000E-11
   0.1000000000E-11
   0.1000000000E-11
   0.1000000000E-11
   0.1000000000E-11
   0.1000000000E-11
   0.1000000000E-11
   0.1000000000E-11
   0.1000000000E-11
   0.1000000000E-11
   0.1000000000E-11
   0.1000000000E-11
   0.1000000000E-11
   0.1000000000E-11
   0.1000000000E-11
   0.1000000000E-11
   0.1000000000E-11
   0.1000000000E-11
   0.1000000000E-11
   0.1000000000E-11
   0.1000000000E-11
   0.1000000000E-11
   0.1000000000E-11
   0.1000000000E-11
   0.1000000000E-11
   0.1000000000E-11
   0.1000000000E-11
   0.1000000000E-11
   0.1000000000E-11
   0.1000000000E-11
   0.1000000000E-11
   0.1000000000E-11
   0.1000000000E-11
   0.1000000000E-11
   0.1000000000E-11
   0.1000000000E-11
   0.1000000000E-11
   0.1000000000E-11
   0.1000000000E-11
   0.1000000000E-11
   0.1000000000E-11
   0.1000000000E-11
   0.1000000000E-11
   0.1000000000E-11
   0.1000000000E-11
   0.1000000000E-11
   0.1000000000E-11
   0.1000000000E-11
   0.1000000000E-11
   0.1000000000E-11
   0.1000000000E-11
   0.1000000000E-11
   0.1000000000E-11
   0.1000000000E-11
   0.1000000000E-11
   0.1000000000E-11
   0.1000000000E-11
   0.1000000000E-11
   0.1000000000E-11
   0.1000000000E-11
   0.1000000000E-11
   0.1000000000E-11
   0.1000000000E-11
   0.1000000000E-11
   0.1000000000E-11
   0.1000000000E-11
   0.1000000000E-11
   0.1000000000E-11
   0.1000000000E-11
   0.1000000000E-11
   0.1000000000E-11
   0.1000000000E-11
   0.1000000000E-11
   0.1000000000E-11
   0.1000000000E-11
   0.1000000000E-11
   0.1000000000E-11
   0.1000000000E-11
   0.1000000000E-11
   0.1000000000E-11
   0.1000000000E-11
   0.1000000000E-11
   0.1000000000E-11
   0.1000000000E-11
   0.1000000000E-11
   0.1000000000E-11
   0.1000000000E-11
   0.1000000000E-11
   0.1000000000E-11
   0.1000000000E-11
   0.1000000000E-11
   0.1000000000E-11
   0.1000000000E-11
   0.1000000000E-11
   0.1000000000E-11
   0.1000000000E-11
   0.1000000000E-11
   0.1000000000E-11
   0.1000000000E-11
   0.1000000000E-11
   0.1000000000E-11
   0.1000000000E-11
   0.1000000000E-11
   0.1000000000E-11
   0.1000000000E-11
   0.1000000000E-11
   0.1000000000E-11
   0.1000000000E-11
   0.1000000000E-11
   0.1000000000E-11
   0.1000000000E-11
   0.1000000000E-11
   0.1000000000E-11
   0.1000000000E-11
   0.1000000000E-11
   0.1000000000E-11
   0.1000000000E-11
   0.1000000000E-11
   0.1000000000E-11
   0.1000000000E-11
   0.1000000000E-11
   0.1000000000E-11
   0.1000000000E-11
   0.1000000000E-11
   0.1000000000E-11
   0.1000000000E-11
   0.1000000000E-11
   0.1000000000E-11
   0.1000000000E-11
   0.1000000000E-11
   0.1000000000E-11
   0.1000000000E-11
   0.1000000000E-11
   0.1000000000E-11
   0.1000000000E-11
   0.1000000000E-11
   0.1000000000E-11
   0.1000000000E-11
   0.1000000000E-11
   0.1000000000E-11
   0.1000000000E-11
   0.1000000000E-11
   0.1000000000E-11
   0.1000000000E-11
   0.1000000000E-11
   0.1000000000E-11
   0.1000000000E-11
   0.1000000000E-11
   0.1000000000E-11
   0.1000000000E-11
   0.1000000000E-11
   0.1000000000E-11
   0.1000000000E-11
   0.1000000000E-11
   0.1000000000E-11
   0.1000000000E-11
   0.1000000000E-11
   0.1000000000E-11
   0.1000000000E-11
   0.1000000000E-11
   0.1000000000E-11
   0.1000000000E-11
   0.1000000000E-11
   0.1000000000E-11
   0.1000000000E-11
   0.1000000000E-11
   0.1000000000E-11
   0.1000000000E-11
   0.1000000000E-11
   0.1000000000E-11
   0.1000000000E-11
   0.1000000000E-11
   0.1000000000E-11
   0.1000000000E-11
   0.1000000000E-11
   0.1000000000E-11
   0.1000000000E-11
   0.1000000000E-11
   0.1000000000E-11
   0.1000000000E-11
   0.1000000000E-11
   0.1000000000E-11
   0.1000000000E-11
   0.1000000000E-11
   0.1000000000E-11
   0.1000000000E-11
   0.1000000000E-11
   0.1000000000E-11
   0.1000000000E-11
   0.1000000000E-11
   0.1000000000E-11
   0.1000000000E-11
   0.1000000000E-11
   0.1000000000E-11
   0.1000000000E-11
   0.1000000000E-11
   0.1000000000E-11
   0.1000000000E-11
   0.1000000000E-11
   0.1000000000E-11
   0.1000000000E-11
   0.1000000000E-11
   0.1000000000E-11
   0.1000000000E-11
   0.1000000000E-11
   0.1000000000E-11
   0.1000000000E-11
   0.1000000000E-11
   0.1000000000E-11
   0.1000000000E-11
   0.1000000000E-11
   0.1000000000E-11
   0.1000000000E-11
   0.1000000000E-11
   0.1000000000E-11
   0.1000000000E-11
   0.1000000000E-11
   0.1000000000E-11
   0.1000000000E-11
   0.1000000000E-11
   0.1000000000E-11
   0.1000000000E-11
   0.1000000000E-11
   0.1000000000E-11
   0.1000000000E-11
   0.1000000000E-11
   0.1000000000E-11
   0.1000000000E-11
   0.1000000000E-11
   0.1000000000E-11
   0.1000000000E-11
   0.1000000000E-11
   0.1000000000E-11
   0.1000000000E-11
   0.1000000000E-11
   0.1000000000E-11
   0.1000000000E-11
   0.1000000000E-11
   0.1000000000E-11
   0.1000000000E-11
   0.1000000000E-11
   0.1000000000E-11
   0.1000000000E-11
   0.1000000000E-11
   0.1000000000E-11
   0.1000000000E-11
   0.1000000000E-11
   0.1000000000E-11
   0.1000000000E-11
   0.1000000000E-11
   0.1000000000E-11
   0.1000000000E-11
   0.1000000000E-11
   0.1000000000E-11
   0.1000000000E-11
   0.1000000000E-11
   0.1000000000E-11
   0.1000000000E-11
   0.1000000000E-11
