   0.4333869073E-13  -0.1000000000E+31  -0.1000000000E+31  -0.1000000000E+31  -0.1000000000E+31  -0.1000000000E+31  -0.1000000000E+31  -0.1000000000E+31  -0.1000000000E+31  -0.1000000000E+31
   0.2348563553E-02   0.2170932441E-04   0.3910770655E-05   0.1041268051E-09  -0.1000000000E+31  -0.1000000000E+31  -0.1000000000E+31  -0.1000000000E+31  -0.1000000000E+31  -0.1000000000E+31
   0.1392115245E-02   0.3514727505E-04   0.6247889113E-05   0.3472110676E-10  -0.1000000000E+31  -0.1000000000E+31  -0.1000000000E+31  -0.1000000000E+31  -0.1000000000E+31  -0.1000000000E+31
   0.1077186284E-03   0.3401002931E-04   0.1725219643E-05   0.4709748699E-09   0.6469177649E-13  -0.1000000000E+31  -0.1000000000E+31  -0.1000000000E+31  -0.1000000000E+31  -0.1000000000E+31
   0.1228091245E-04   0.5851332967E-05   0.8523554319E-05   0.4450589547E-07   0.9686475780E-09  -0.1000000000E+31  -0.1000000000E+31  -0.1000000000E+31  -0.1000000000E+31  -0.1000000000E+31
   0.9930176050E-05   0.7104592477E-06   0.1056522870E-06   0.9238885840E-08   0.1730914107E-10  -0.1000000000E+31  -0.1000000000E+31  -0.1000000000E+31  -0.1000000000E+31  -0.1000000000E+31
   0.1300514829E-05   0.8385231879E-08   0.3550328471E-09   0.3025886669E-10   0.2781169816E-14  -0.1000000000E+31  -0.1000000000E+31  -0.1000000000E+31  -0.1000000000E+31  -0.1000000000E+31
   0.1621310337E-05   0.1538823336E-07   0.9094236213E-09   0.1800308796E-09   0.4029605170E-13  -0.1000000000E+31  -0.1000000000E+31  -0.1000000000E+31  -0.1000000000E+31  -0.1000000000E+31
   0.1599220422E-06   0.2833475644E-06   0.5119307823E-09   0.2512760557E-12  -0.1000000000E+31  -0.1000000000E+31  -0.1000000000E+31  -0.1000000000E+31  -0.1000000000E+31  -0.1000000000E+31
   0.2397706173E-05   0.4864396928E-07   0.8836290851E-08   0.3898051710E-12  -0.1000000000E+31  -0.1000000000E+31  -0.1000000000E+31  -0.1000000000E+31  -0.1000000000E+31  -0.1000000000E+31
   0.1357749464E-06   0.1532579413E-05   0.8083995089E-07   0.1364439830E-11  -0.1000000000E+31  -0.1000000000E+31  -0.1000000000E+31  -0.1000000000E+31  -0.1000000000E+31  -0.1000000000E+31
   0.1514777408E-05   0.1756954492E-04   0.2169694040E-06   0.6230562793E-11  -0.1000000000E+31  -0.1000000000E+31  -0.1000000000E+31  -0.1000000000E+31  -0.1000000000E+31  -0.1000000000E+31
   0.1004733724E-05   0.1169083342E-05   0.3463023566E-07   0.5724984720E-12  -0.1000000000E+31  -0.1000000000E+31  -0.1000000000E+31  -0.1000000000E+31  -0.1000000000E+31  -0.1000000000E+31
   0.1259124643E-05   0.1526135568E-05   0.5661866477E-07   0.9764495238E-12  -0.1000000000E+31  -0.1000000000E+31  -0.1000000000E+31  -0.1000000000E+31  -0.1000000000E+31  -0.1000000000E+31
   0.4244244301E-05   0.5493578409E-05   0.4811958072E-08   0.2545276597E-12  -0.1000000000E+31  -0.1000000000E+31  -0.1000000000E+31  -0.1000000000E+31  -0.1000000000E+31  -0.1000000000E+31
   0.7418841612E-06   0.1152135304E-07   0.3184796107E-09   0.6581528054E-12  -0.1000000000E+31  -0.1000000000E+31  -0.1000000000E+31  -0.1000000000E+31  -0.1000000000E+31  -0.1000000000E+31
   0.8363549417E-06   0.1288271656E-06   0.4041724669E-09   0.7840483553E-12  -0.1000000000E+31  -0.1000000000E+31  -0.1000000000E+31  -0.1000000000E+31  -0.1000000000E+31  -0.1000000000E+31
   0.6633838095E-06   0.3501391773E-06   0.1536436164E-09   0.3575967659E-12  -0.1000000000E+31  -0.1000000000E+31  -0.1000000000E+31  -0.1000000000E+31  -0.1000000000E+31  -0.1000000000E+31
   0.2621251824E-07   0.9952353217E-08   0.5418059633E-09   0.8564742044E-13  -0.1000000000E+31  -0.1000000000E+31  -0.1000000000E+31  -0.1000000000E+31  -0.1000000000E+31  -0.1000000000E+31
   0.2280597416E-06   0.4522809066E-07   0.1074711866E-09   0.2545766173E-14  -0.1000000000E+31  -0.1000000000E+31  -0.1000000000E+31  -0.1000000000E+31  -0.1000000000E+31  -0.1000000000E+31
   0.7514113160E-07   0.1257501437E-07   0.8746164759E-10   0.3910596944E-14  -0.1000000000E+31  -0.1000000000E+31  -0.1000000000E+31  -0.1000000000E+31  -0.1000000000E+31  -0.1000000000E+31
   0.1158258025E-07   0.1424983020E-07   0.3125645699E-10   0.2045486900E-14  -0.1000000000E+31  -0.1000000000E+31  -0.1000000000E+31  -0.1000000000E+31  -0.1000000000E+31  -0.1000000000E+31
   0.3740754630E-07   0.5241821171E-08   0.1701147926E-09   0.1110082216E-13  -0.1000000000E+31  -0.1000000000E+31  -0.1000000000E+31  -0.1000000000E+31  -0.1000000000E+31  -0.1000000000E+31
   0.2827181049E-07   0.4979266130E-09   0.2578163253E-09  -0.1000000000E+31  -0.1000000000E+31  -0.1000000000E+31  -0.1000000000E+31  -0.1000000000E+31  -0.1000000000E+31  -0.1000000000E+31
   0.2660366265E-07   0.6311414042E-08   0.9335421890E-10  -0.1000000000E+31  -0.1000000000E+31  -0.1000000000E+31  -0.1000000000E+31  -0.1000000000E+31  -0.1000000000E+31  -0.1000000000E+31
   0.3464808678E-07   0.1374257227E-08   0.7500962659E-12  -0.1000000000E+31  -0.1000000000E+31  -0.1000000000E+31  -0.1000000000E+31  -0.1000000000E+31  -0.1000000000E+31  -0.1000000000E+31
   0.2586082216E-08   0.6345580366E-08   0.2969847404E-10  -0.1000000000E+31  -0.1000000000E+31  -0.1000000000E+31  -0.1000000000E+31  -0.1000000000E+31  -0.1000000000E+31  -0.1000000000E+31
   0.1452688982E-07   0.2346999199E-08   0.7163166959E-12  -0.1000000000E+31  -0.1000000000E+31  -0.1000000000E+31  -0.1000000000E+31  -0.1000000000E+31  -0.1000000000E+31  -0.1000000000E+31
   0.2840765379E-07   0.1109806263E-08   0.1995577377E-11  -0.1000000000E+31  -0.1000000000E+31  -0.1000000000E+31  -0.1000000000E+31  -0.1000000000E+31  -0.1000000000E+31  -0.1000000000E+31
   0.2740002488E-07   0.1186687122E-09   0.5247429082E-11  -0.1000000000E+31  -0.1000000000E+31  -0.1000000000E+31  -0.1000000000E+31  -0.1000000000E+31  -0.1000000000E+31  -0.1000000000E+31
   0.2185917843E-07   0.2027999414E-09   0.1342446162E-11  -0.1000000000E+31  -0.1000000000E+31  -0.1000000000E+31  -0.1000000000E+31  -0.1000000000E+31  -0.1000000000E+31  -0.1000000000E+31
   0.2246092197E-07   0.2500116874E-09   0.9753047704E-12  -0.1000000000E+31  -0.1000000000E+31  -0.1000000000E+31  -0.1000000000E+31  -0.1000000000E+31  -0.1000000000E+31  -0.1000000000E+31
   0.2014231819E-06   0.2066582027E-08   0.1737621357E-09   0.7324792951E-13  -0.1000000000E+31  -0.1000000000E+31  -0.1000000000E+31  -0.1000000000E+31  -0.1000000000E+31  -0.1000000000E+31
   0.2741158190E-08   0.8925310852E-08   0.2981938286E-09   0.2580894365E-13  -0.1000000000E+31  -0.1000000000E+31  -0.1000000000E+31  -0.1000000000E+31  -0.1000000000E+31  -0.1000000000E+31
   0.3710365103E-08   0.6489642833E-10   0.1053444021E-11  -0.1000000000E+31  -0.1000000000E+31  -0.1000000000E+31  -0.1000000000E+31  -0.1000000000E+31  -0.1000000000E+31  -0.1000000000E+31
   0.2129191887E-07   0.1760008204E-09   0.5786702104E-12  -0.1000000000E+31  -0.1000000000E+31  -0.1000000000E+31  -0.1000000000E+31  -0.1000000000E+31  -0.1000000000E+31  -0.1000000000E+31
   0.1746609510E-07   0.4357037959E-09   0.1071869917E-11  -0.1000000000E+31  -0.1000000000E+31  -0.1000000000E+31  -0.1000000000E+31  -0.1000000000E+31  -0.1000000000E+31  -0.1000000000E+31
   0.1552592810E-08   0.8008712498E-10   0.7240030091E-12  -0.1000000000E+31  -0.1000000000E+31  -0.1000000000E+31  -0.1000000000E+31  -0.1000000000E+31  -0.1000000000E+31  -0.1000000000E+31
   0.2746151087E-07   0.1569918893E-09   0.2666669746E-12  -0.1000000000E+31  -0.1000000000E+31  -0.1000000000E+31  -0.1000000000E+31  -0.1000000000E+31  -0.1000000000E+31  -0.1000000000E+31
   0.1260592206E-07   0.4656704365E-09   0.1132946050E-10  -0.1000000000E+31  -0.1000000000E+31  -0.1000000000E+31  -0.1000000000E+31  -0.1000000000E+31  -0.1000000000E+31  -0.1000000000E+31
   0.1987209988E-07   0.2229529502E-09   0.4049664558E-11  -0.1000000000E+31  -0.1000000000E+31  -0.1000000000E+31  -0.1000000000E+31  -0.1000000000E+31  -0.1000000000E+31  -0.1000000000E+31
   0.3197467311E-07   0.2241408477E-09   0.8499278856E-12  -0.1000000000E+31  -0.1000000000E+31  -0.1000000000E+31  -0.1000000000E+31  -0.1000000000E+31  -0.1000000000E+31  -0.1000000000E+31
   0.1491275646E-07   0.2044819886E-09   0.5426169634E-12  -0.1000000000E+31  -0.1000000000E+31  -0.1000000000E+31  -0.1000000000E+31  -0.1000000000E+31  -0.1000000000E+31  -0.1000000000E+31
   0.1422679073E-07   0.1851796414E-09   0.6390843657E-13  -0.1000000000E+31  -0.1000000000E+31  -0.1000000000E+31  -0.1000000000E+31  -0.1000000000E+31  -0.1000000000E+31  -0.1000000000E+31
   0.1494243382E-07   0.4529952669E-09   0.6873519155E-13  -0.1000000000E+31  -0.1000000000E+31  -0.1000000000E+31  -0.1000000000E+31  -0.1000000000E+31  -0.1000000000E+31  -0.1000000000E+31
   0.1428213555E-07   0.9050033453E-09   0.2763402570E-12  -0.1000000000E+31  -0.1000000000E+31  -0.1000000000E+31  -0.1000000000E+31  -0.1000000000E+31  -0.1000000000E+31  -0.1000000000E+31
   0.2780209740E-07   0.6569480402E-09   0.4078014355E-11  -0.1000000000E+31  -0.1000000000E+31  -0.1000000000E+31  -0.1000000000E+31  -0.1000000000E+31  -0.1000000000E+31  -0.1000000000E+31
   0.1359456187E-06   0.2002886121E-08   0.1521848145E-10  -0.1000000000E+31  -0.1000000000E+31  -0.1000000000E+31  -0.1000000000E+31  -0.1000000000E+31  -0.1000000000E+31  -0.1000000000E+31
   0.3023785844E-07   0.2813122800E-08   0.1955725421E-10   0.2463771674E-13  -0.1000000000E+31  -0.1000000000E+31  -0.1000000000E+31  -0.1000000000E+31  -0.1000000000E+31  -0.1000000000E+31
   0.1994742855E-07   0.1579566155E-07   0.2859406439E-09   0.7272824785E-13  -0.1000000000E+31  -0.1000000000E+31  -0.1000000000E+31  -0.1000000000E+31  -0.1000000000E+31  -0.1000000000E+31
   0.3738417965E-07   0.9474488749E-08   0.3676787334E-10   0.5328476504E-12  -0.1000000000E+31  -0.1000000000E+31  -0.1000000000E+31  -0.1000000000E+31  -0.1000000000E+31  -0.1000000000E+31
   0.8475509073E-07   0.7022718279E-08   0.1421297182E-09   0.2124895326E-13  -0.1000000000E+31  -0.1000000000E+31  -0.1000000000E+31  -0.1000000000E+31  -0.1000000000E+31  -0.1000000000E+31
   0.6078400152E-07   0.8796743071E-08   0.1963643448E-09   0.1409360696E-12  -0.1000000000E+31  -0.1000000000E+31  -0.1000000000E+31  -0.1000000000E+31  -0.1000000000E+31  -0.1000000000E+31
   0.2329209352E-06   0.1288936695E-08   0.1287804551E-09   0.1400797687E-12  -0.1000000000E+31  -0.1000000000E+31  -0.1000000000E+31  -0.1000000000E+31  -0.1000000000E+31  -0.1000000000E+31
   0.2962447933E-07   0.1445565831E-08   0.1403881192E-09   0.1415840541E-13  -0.1000000000E+31  -0.1000000000E+31  -0.1000000000E+31  -0.1000000000E+31  -0.1000000000E+31  -0.1000000000E+31
   0.1469040256E-06   0.1244591732E-08   0.9426198909E-11  -0.1000000000E+31  -0.1000000000E+31  -0.1000000000E+31  -0.1000000000E+31  -0.1000000000E+31  -0.1000000000E+31  -0.1000000000E+31
   0.9737036631E-09   0.1188742110E-08   0.1101900267E-10  -0.1000000000E+31  -0.1000000000E+31  -0.1000000000E+31  -0.1000000000E+31  -0.1000000000E+31  -0.1000000000E+31  -0.1000000000E+31
   0.1811444471E-07   0.3206724835E-09   0.1578095902E-10   0.1271141245E-14  -0.1000000000E+31  -0.1000000000E+31  -0.1000000000E+31  -0.1000000000E+31  -0.1000000000E+31  -0.1000000000E+31
   0.1812402856E-07   0.9051707979E-11   0.4034338304E-11   0.1920070607E-13  -0.1000000000E+31  -0.1000000000E+31  -0.1000000000E+31  -0.1000000000E+31  -0.1000000000E+31  -0.1000000000E+31
   0.4830096170E-08   0.1054260441E-10   0.1598108738E-10   0.4831199245E-14  -0.1000000000E+31  -0.1000000000E+31  -0.1000000000E+31  -0.1000000000E+31  -0.1000000000E+31  -0.1000000000E+31
   0.7715689709E-08   0.8871026937E-10   0.6683271125E-12  -0.1000000000E+31  -0.1000000000E+31  -0.1000000000E+31  -0.1000000000E+31  -0.1000000000E+31  -0.1000000000E+31  -0.1000000000E+31
   0.6812893445E-08   0.4207014111E-10   0.4519464442E-13  -0.1000000000E+31  -0.1000000000E+31  -0.1000000000E+31  -0.1000000000E+31  -0.1000000000E+31  -0.1000000000E+31  -0.1000000000E+31
   0.2020117922E-08   0.1546503010E-10  -0.1000000000E+31  -0.1000000000E+31  -0.1000000000E+31  -0.1000000000E+31  -0.1000000000E+31  -0.1000000000E+31  -0.1000000000E+31  -0.1000000000E+31
   0.5148441621E-08   0.1539665640E-11  -0.1000000000E+31  -0.1000000000E+31  -0.1000000000E+31  -0.1000000000E+31  -0.1000000000E+31  -0.1000000000E+31  -0.1000000000E+31  -0.1000000000E+31
   0.6265959700E-08   0.3206498431E-12  -0.1000000000E+31  -0.1000000000E+31  -0.1000000000E+31  -0.1000000000E+31  -0.1000000000E+31  -0.1000000000E+31  -0.1000000000E+31  -0.1000000000E+31
   0.1436223567E-08   0.2663061105E-11  -0.1000000000E+31  -0.1000000000E+31  -0.1000000000E+31  -0.1000000000E+31  -0.1000000000E+31  -0.1000000000E+31  -0.1000000000E+31  -0.1000000000E+31
   0.2493416791E-08   0.7639733848E-11   0.1036232316E-13  -0.1000000000E+31  -0.1000000000E+31  -0.1000000000E+31  -0.1000000000E+31  -0.1000000000E+31  -0.1000000000E+31  -0.1000000000E+31
   0.6909984928E-09   0.8970031668E-12   0.1992204670E-13  -0.1000000000E+31  -0.1000000000E+31  -0.1000000000E+31  -0.1000000000E+31  -0.1000000000E+31  -0.1000000000E+31  -0.1000000000E+31
   0.6145131095E-09   0.6043158308E-11   0.4405436492E-14  -0.1000000000E+31  -0.1000000000E+31  -0.1000000000E+31  -0.1000000000E+31  -0.1000000000E+31  -0.1000000000E+31  -0.1000000000E+31
   0.7852528600E-09   0.3555111906E-10   0.1346860346E-12  -0.1000000000E+31  -0.1000000000E+31  -0.1000000000E+31  -0.1000000000E+31  -0.1000000000E+31  -0.1000000000E+31  -0.1000000000E+31
   0.3276130769E-08   0.2485166243E-10   0.1860370331E-12  -0.1000000000E+31  -0.1000000000E+31  -0.1000000000E+31  -0.1000000000E+31  -0.1000000000E+31  -0.1000000000E+31  -0.1000000000E+31
   0.6113384888E-08   0.3141402329E-10   0.2028966772E-12  -0.1000000000E+31  -0.1000000000E+31  -0.1000000000E+31  -0.1000000000E+31  -0.1000000000E+31  -0.1000000000E+31  -0.1000000000E+31
   0.6465231037E-10   0.7820940919E-10   0.3016186476E-12  -0.1000000000E+31  -0.1000000000E+31  -0.1000000000E+31  -0.1000000000E+31  -0.1000000000E+31  -0.1000000000E+31  -0.1000000000E+31
   0.7497290597E-10   0.3308779691E-10   0.1252526386E-11  -0.1000000000E+31  -0.1000000000E+31  -0.1000000000E+31  -0.1000000000E+31  -0.1000000000E+31  -0.1000000000E+31  -0.1000000000E+31
   0.7863913307E-08   0.1464266661E-09   0.7130566136E-12  -0.1000000000E+31  -0.1000000000E+31  -0.1000000000E+31  -0.1000000000E+31  -0.1000000000E+31  -0.1000000000E+31  -0.1000000000E+31
   0.7031998480E-08   0.3620316719E-10   0.2523133986E-12  -0.1000000000E+31  -0.1000000000E+31  -0.1000000000E+31  -0.1000000000E+31  -0.1000000000E+31  -0.1000000000E+31  -0.1000000000E+31
   0.4108109217E-08   0.5490365512E-10   0.1566125614E-13  -0.1000000000E+31  -0.1000000000E+31  -0.1000000000E+31  -0.1000000000E+31  -0.1000000000E+31  -0.1000000000E+31  -0.1000000000E+31
   0.2485837321E-08   0.6985535196E-11   0.7049260444E-14  -0.1000000000E+31  -0.1000000000E+31  -0.1000000000E+31  -0.1000000000E+31  -0.1000000000E+31  -0.1000000000E+31  -0.1000000000E+31
   0.1608809841E-08   0.1504883540E-10  -0.1000000000E+31  -0.1000000000E+31  -0.1000000000E+31  -0.1000000000E+31  -0.1000000000E+31  -0.1000000000E+31  -0.1000000000E+31  -0.1000000000E+31
   0.1308634791E-08   0.9182183945E-11  -0.1000000000E+31  -0.1000000000E+31  -0.1000000000E+31  -0.1000000000E+31  -0.1000000000E+31  -0.1000000000E+31  -0.1000000000E+31  -0.1000000000E+31
   0.1010704661E-08   0.1504906078E-10  -0.1000000000E+31  -0.1000000000E+31  -0.1000000000E+31  -0.1000000000E+31  -0.1000000000E+31  -0.1000000000E+31  -0.1000000000E+31  -0.1000000000E+31
   0.1913068109E-08   0.5428130632E-10  -0.1000000000E+31  -0.1000000000E+31  -0.1000000000E+31  -0.1000000000E+31  -0.1000000000E+31  -0.1000000000E+31  -0.1000000000E+31  -0.1000000000E+31
   0.2437168187E-08   0.6430340598E-11   0.1701288284E-13  -0.1000000000E+31  -0.1000000000E+31  -0.1000000000E+31  -0.1000000000E+31  -0.1000000000E+31  -0.1000000000E+31  -0.1000000000E+31
   0.7548831834E-09   0.1543114396E-09   0.7481730839E-12  -0.1000000000E+31  -0.1000000000E+31  -0.1000000000E+31  -0.1000000000E+31  -0.1000000000E+31  -0.1000000000E+31  -0.1000000000E+31
   0.1411428023E-09   0.5843545823E-10   0.9978975322E-13  -0.1000000000E+31  -0.1000000000E+31  -0.1000000000E+31  -0.1000000000E+31  -0.1000000000E+31  -0.1000000000E+31  -0.1000000000E+31
   0.1852772733E-08   0.6646816548E-10   0.3157394771E-11  -0.1000000000E+31  -0.1000000000E+31  -0.1000000000E+31  -0.1000000000E+31  -0.1000000000E+31  -0.1000000000E+31  -0.1000000000E+31
   0.3660939921E-09   0.5531064084E-10   0.8079943731E-12  -0.1000000000E+31  -0.1000000000E+31  -0.1000000000E+31  -0.1000000000E+31  -0.1000000000E+31  -0.1000000000E+31  -0.1000000000E+31
   0.2633543646E-09   0.6423267482E-11   0.1779945767E-12  -0.1000000000E+31  -0.1000000000E+31  -0.1000000000E+31  -0.1000000000E+31  -0.1000000000E+31  -0.1000000000E+31  -0.1000000000E+31
   0.1073158175E-08   0.9555225947E-13   0.2007183496E-13  -0.1000000000E+31  -0.1000000000E+31  -0.1000000000E+31  -0.1000000000E+31  -0.1000000000E+31  -0.1000000000E+31  -0.1000000000E+31
   0.1240276255E-08   0.4482743533E-12  -0.1000000000E+31  -0.1000000000E+31  -0.1000000000E+31  -0.1000000000E+31  -0.1000000000E+31  -0.1000000000E+31  -0.1000000000E+31  -0.1000000000E+31
   0.7927128109E-10   0.3377525384E-13  -0.1000000000E+31  -0.1000000000E+31  -0.1000000000E+31  -0.1000000000E+31  -0.1000000000E+31  -0.1000000000E+31  -0.1000000000E+31  -0.1000000000E+31
   0.4013942702E-09   0.1799769892E-13  -0.1000000000E+31  -0.1000000000E+31  -0.1000000000E+31  -0.1000000000E+31  -0.1000000000E+31  -0.1000000000E+31  -0.1000000000E+31  -0.1000000000E+31
   0.4543271827E-09   0.1163517268E-13  -0.1000000000E+31  -0.1000000000E+31  -0.1000000000E+31  -0.1000000000E+31  -0.1000000000E+31  -0.1000000000E+31  -0.1000000000E+31  -0.1000000000E+31
   0.2437004781E-09   0.7734571539E-14  -0.1000000000E+31  -0.1000000000E+31  -0.1000000000E+31  -0.1000000000E+31  -0.1000000000E+31  -0.1000000000E+31  -0.1000000000E+31  -0.1000000000E+31
   0.1356466209E-09   0.7021440100E-14  -0.1000000000E+31  -0.1000000000E+31  -0.1000000000E+31  -0.1000000000E+31  -0.1000000000E+31  -0.1000000000E+31  -0.1000000000E+31  -0.1000000000E+31
   0.2175257018E-09   0.4962345430E-14  -0.1000000000E+31  -0.1000000000E+31  -0.1000000000E+31  -0.1000000000E+31  -0.1000000000E+31  -0.1000000000E+31  -0.1000000000E+31  -0.1000000000E+31
   0.1000635997E-10   0.3897863702E-14  -0.1000000000E+31  -0.1000000000E+31  -0.1000000000E+31  -0.1000000000E+31  -0.1000000000E+31  -0.1000000000E+31  -0.1000000000E+31  -0.1000000000E+31
   0.8784358429E-10   0.4837585724E-14  -0.1000000000E+31  -0.1000000000E+31  -0.1000000000E+31  -0.1000000000E+31  -0.1000000000E+31  -0.1000000000E+31  -0.1000000000E+31  -0.1000000000E+31
   0.8995004912E-10   0.4361248880E-14  -0.1000000000E+31  -0.1000000000E+31  -0.1000000000E+31  -0.1000000000E+31  -0.1000000000E+31  -0.1000000000E+31  -0.1000000000E+31  -0.1000000000E+31
   0.1997310853E-09   0.6140669334E-14  -0.1000000000E+31  -0.1000000000E+31  -0.1000000000E+31  -0.1000000000E+31  -0.1000000000E+31  -0.1000000000E+31  -0.1000000000E+31  -0.1000000000E+31
   0.1808236418E-10   0.3254260026E-14  -0.1000000000E+31  -0.1000000000E+31  -0.1000000000E+31  -0.1000000000E+31  -0.1000000000E+31  -0.1000000000E+31  -0.1000000000E+31  -0.1000000000E+31
   0.9886906060E-10   0.6250780909E-14  -0.1000000000E+31  -0.1000000000E+31  -0.1000000000E+31  -0.1000000000E+31  -0.1000000000E+31  -0.1000000000E+31  -0.1000000000E+31  -0.1000000000E+31
   0.4107381444E-09   0.8641425941E-14  -0.1000000000E+31  -0.1000000000E+31  -0.1000000000E+31  -0.1000000000E+31  -0.1000000000E+31  -0.1000000000E+31  -0.1000000000E+31  -0.1000000000E+31
   0.3311448597E-09   0.2928506817E-14  -0.1000000000E+31  -0.1000000000E+31  -0.1000000000E+31  -0.1000000000E+31  -0.1000000000E+31  -0.1000000000E+31  -0.1000000000E+31  -0.1000000000E+31
   0.2099668165E-09   0.5881937838E-14  -0.1000000000E+31  -0.1000000000E+31  -0.1000000000E+31  -0.1000000000E+31  -0.1000000000E+31  -0.1000000000E+31  -0.1000000000E+31  -0.1000000000E+31
   0.3163178038E-09   0.6796507658E-14  -0.1000000000E+31  -0.1000000000E+31  -0.1000000000E+31  -0.1000000000E+31  -0.1000000000E+31  -0.1000000000E+31  -0.1000000000E+31  -0.1000000000E+31
   0.7396756070E-10   0.6537497243E-14  -0.1000000000E+31  -0.1000000000E+31  -0.1000000000E+31  -0.1000000000E+31  -0.1000000000E+31  -0.1000000000E+31  -0.1000000000E+31  -0.1000000000E+31
   0.1914835639E-09   0.4695359591E-14  -0.1000000000E+31  -0.1000000000E+31  -0.1000000000E+31  -0.1000000000E+31  -0.1000000000E+31  -0.1000000000E+31  -0.1000000000E+31  -0.1000000000E+31
   0.1333393825E-09   0.2204952040E-14  -0.1000000000E+31  -0.1000000000E+31  -0.1000000000E+31  -0.1000000000E+31  -0.1000000000E+31  -0.1000000000E+31  -0.1000000000E+31  -0.1000000000E+31
   0.3876014213E-09   0.2363022655E-14  -0.1000000000E+31  -0.1000000000E+31  -0.1000000000E+31  -0.1000000000E+31  -0.1000000000E+31  -0.1000000000E+31  -0.1000000000E+31  -0.1000000000E+31
   0.4630265592E-10   0.2479764805E-14  -0.1000000000E+31  -0.1000000000E+31  -0.1000000000E+31  -0.1000000000E+31  -0.1000000000E+31  -0.1000000000E+31  -0.1000000000E+31  -0.1000000000E+31
   0.3081600838E-09  -0.1000000000E+31  -0.1000000000E+31  -0.1000000000E+31  -0.1000000000E+31  -0.1000000000E+31  -0.1000000000E+31  -0.1000000000E+31  -0.1000000000E+31  -0.1000000000E+31
   0.2427440451E-09  -0.1000000000E+31  -0.1000000000E+31  -0.1000000000E+31  -0.1000000000E+31  -0.1000000000E+31  -0.1000000000E+31  -0.1000000000E+31  -0.1000000000E+31  -0.1000000000E+31
   0.2044159134E-09  -0.1000000000E+31  -0.1000000000E+31  -0.1000000000E+31  -0.1000000000E+31  -0.1000000000E+31  -0.1000000000E+31  -0.1000000000E+31  -0.1000000000E+31  -0.1000000000E+31
   0.1919861742E-09  -0.1000000000E+31  -0.1000000000E+31  -0.1000000000E+31  -0.1000000000E+31  -0.1000000000E+31  -0.1000000000E+31  -0.1000000000E+31  -0.1000000000E+31  -0.1000000000E+31
   0.1826155941E-09  -0.1000000000E+31  -0.1000000000E+31  -0.1000000000E+31  -0.1000000000E+31  -0.1000000000E+31  -0.1000000000E+31  -0.1000000000E+31  -0.1000000000E+31  -0.1000000000E+31
   0.1764213875E-09  -0.1000000000E+31  -0.1000000000E+31  -0.1000000000E+31  -0.1000000000E+31  -0.1000000000E+31  -0.1000000000E+31  -0.1000000000E+31  -0.1000000000E+31  -0.1000000000E+31
   0.1751649237E-09  -0.1000000000E+31  -0.1000000000E+31  -0.1000000000E+31  -0.1000000000E+31  -0.1000000000E+31  -0.1000000000E+31  -0.1000000000E+31  -0.1000000000E+31  -0.1000000000E+31
   0.1784950803E-09  -0.1000000000E+31  -0.1000000000E+31  -0.1000000000E+31  -0.1000000000E+31  -0.1000000000E+31  -0.1000000000E+31  -0.1000000000E+31  -0.1000000000E+31  -0.1000000000E+31
   0.1845885044E-09  -0.1000000000E+31  -0.1000000000E+31  -0.1000000000E+31  -0.1000000000E+31  -0.1000000000E+31  -0.1000000000E+31  -0.1000000000E+31  -0.1000000000E+31  -0.1000000000E+31
   0.1916007517E-09  -0.1000000000E+31  -0.1000000000E+31  -0.1000000000E+31  -0.1000000000E+31  -0.1000000000E+31  -0.1000000000E+31  -0.1000000000E+31  -0.1000000000E+31  -0.1000000000E+31
   0.1981105424E-09  -0.1000000000E+31  -0.1000000000E+31  -0.1000000000E+31  -0.1000000000E+31  -0.1000000000E+31  -0.1000000000E+31  -0.1000000000E+31  -0.1000000000E+31  -0.1000000000E+31
   0.2031372331E-09  -0.1000000000E+31  -0.1000000000E+31  -0.1000000000E+31  -0.1000000000E+31  -0.1000000000E+31  -0.1000000000E+31  -0.1000000000E+31  -0.1000000000E+31  -0.1000000000E+31
   0.4501878016E-10  -0.1000000000E+31  -0.1000000000E+31  -0.1000000000E+31  -0.1000000000E+31  -0.1000000000E+31  -0.1000000000E+31  -0.1000000000E+31  -0.1000000000E+31  -0.1000000000E+31
   0.4305291832E-10  -0.1000000000E+31  -0.1000000000E+31  -0.1000000000E+31  -0.1000000000E+31  -0.1000000000E+31  -0.1000000000E+31  -0.1000000000E+31  -0.1000000000E+31  -0.1000000000E+31
   0.4114257645E-10  -0.1000000000E+31  -0.1000000000E+31  -0.1000000000E+31  -0.1000000000E+31  -0.1000000000E+31  -0.1000000000E+31  -0.1000000000E+31  -0.1000000000E+31  -0.1000000000E+31
   0.3903972741E-10  -0.1000000000E+31  -0.1000000000E+31  -0.1000000000E+31  -0.1000000000E+31  -0.1000000000E+31  -0.1000000000E+31  -0.1000000000E+31  -0.1000000000E+31  -0.1000000000E+31
   0.3676339856E-10  -0.1000000000E+31  -0.1000000000E+31  -0.1000000000E+31  -0.1000000000E+31  -0.1000000000E+31  -0.1000000000E+31  -0.1000000000E+31  -0.1000000000E+31  -0.1000000000E+31
   0.3437224815E-10  -0.1000000000E+31  -0.1000000000E+31  -0.1000000000E+31  -0.1000000000E+31  -0.1000000000E+31  -0.1000000000E+31  -0.1000000000E+31  -0.1000000000E+31  -0.1000000000E+31
   0.3195534571E-10  -0.1000000000E+31  -0.1000000000E+31  -0.1000000000E+31  -0.1000000000E+31  -0.1000000000E+31  -0.1000000000E+31  -0.1000000000E+31  -0.1000000000E+31  -0.1000000000E+31
   0.2961548690E-10  -0.1000000000E+31  -0.1000000000E+31  -0.1000000000E+31  -0.1000000000E+31  -0.1000000000E+31  -0.1000000000E+31  -0.1000000000E+31  -0.1000000000E+31  -0.1000000000E+31
   0.1598420102E-09  -0.1000000000E+31  -0.1000000000E+31  -0.1000000000E+31  -0.1000000000E+31  -0.1000000000E+31  -0.1000000000E+31  -0.1000000000E+31  -0.1000000000E+31  -0.1000000000E+31
   0.1507559271E-09  -0.1000000000E+31  -0.1000000000E+31  -0.1000000000E+31  -0.1000000000E+31  -0.1000000000E+31  -0.1000000000E+31  -0.1000000000E+31  -0.1000000000E+31  -0.1000000000E+31
   0.1416803621E-09  -0.1000000000E+31  -0.1000000000E+31  -0.1000000000E+31  -0.1000000000E+31  -0.1000000000E+31  -0.1000000000E+31  -0.1000000000E+31  -0.1000000000E+31  -0.1000000000E+31
   0.1330379484E-09  -0.1000000000E+31  -0.1000000000E+31  -0.1000000000E+31  -0.1000000000E+31  -0.1000000000E+31  -0.1000000000E+31  -0.1000000000E+31  -0.1000000000E+31  -0.1000000000E+31
   0.1248987231E-09  -0.1000000000E+31  -0.1000000000E+31  -0.1000000000E+31  -0.1000000000E+31  -0.1000000000E+31  -0.1000000000E+31  -0.1000000000E+31  -0.1000000000E+31  -0.1000000000E+31
   0.1173053819E-09  -0.1000000000E+31  -0.1000000000E+31  -0.1000000000E+31  -0.1000000000E+31  -0.1000000000E+31  -0.1000000000E+31  -0.1000000000E+31  -0.1000000000E+31  -0.1000000000E+31
   0.1102731190E-09  -0.1000000000E+31  -0.1000000000E+31  -0.1000000000E+31  -0.1000000000E+31  -0.1000000000E+31  -0.1000000000E+31  -0.1000000000E+31  -0.1000000000E+31  -0.1000000000E+31
   0.1037920624E-09  -0.1000000000E+31  -0.1000000000E+31  -0.1000000000E+31  -0.1000000000E+31  -0.1000000000E+31  -0.1000000000E+31  -0.1000000000E+31  -0.1000000000E+31  -0.1000000000E+31
   0.9783800908E-10  -0.1000000000E+31  -0.1000000000E+31  -0.1000000000E+31  -0.1000000000E+31  -0.1000000000E+31  -0.1000000000E+31  -0.1000000000E+31  -0.1000000000E+31  -0.1000000000E+31
   0.9227944696E-10  -0.1000000000E+31  -0.1000000000E+31  -0.1000000000E+31  -0.1000000000E+31  -0.1000000000E+31  -0.1000000000E+31  -0.1000000000E+31  -0.1000000000E+31  -0.1000000000E+31
   0.8727253257E-10  -0.1000000000E+31  -0.1000000000E+31  -0.1000000000E+31  -0.1000000000E+31  -0.1000000000E+31  -0.1000000000E+31  -0.1000000000E+31  -0.1000000000E+31  -0.1000000000E+31
   0.8253303819E-10  -0.1000000000E+31  -0.1000000000E+31  -0.1000000000E+31  -0.1000000000E+31  -0.1000000000E+31  -0.1000000000E+31  -0.1000000000E+31  -0.1000000000E+31  -0.1000000000E+31
   0.7831882202E-10  -0.1000000000E+31  -0.1000000000E+31  -0.1000000000E+31  -0.1000000000E+31  -0.1000000000E+31  -0.1000000000E+31  -0.1000000000E+31  -0.1000000000E+31  -0.1000000000E+31
   0.7443804510E-10  -0.1000000000E+31  -0.1000000000E+31  -0.1000000000E+31  -0.1000000000E+31  -0.1000000000E+31  -0.1000000000E+31  -0.1000000000E+31  -0.1000000000E+31  -0.1000000000E+31
   0.7085377971E-10  -0.1000000000E+31  -0.1000000000E+31  -0.1000000000E+31  -0.1000000000E+31  -0.1000000000E+31  -0.1000000000E+31  -0.1000000000E+31  -0.1000000000E+31  -0.1000000000E+31
   0.6753439174E-10  -0.1000000000E+31  -0.1000000000E+31  -0.1000000000E+31  -0.1000000000E+31  -0.1000000000E+31  -0.1000000000E+31  -0.1000000000E+31  -0.1000000000E+31  -0.1000000000E+31
   0.6444937330E-10  -0.1000000000E+31  -0.1000000000E+31  -0.1000000000E+31  -0.1000000000E+31  -0.1000000000E+31  -0.1000000000E+31  -0.1000000000E+31  -0.1000000000E+31  -0.1000000000E+31
   0.6157368582E-10  -0.1000000000E+31  -0.1000000000E+31  -0.1000000000E+31  -0.1000000000E+31  -0.1000000000E+31  -0.1000000000E+31  -0.1000000000E+31  -0.1000000000E+31  -0.1000000000E+31
   0.5888268751E-10  -0.1000000000E+31  -0.1000000000E+31  -0.1000000000E+31  -0.1000000000E+31  -0.1000000000E+31  -0.1000000000E+31  -0.1000000000E+31  -0.1000000000E+31  -0.1000000000E+31
   0.5635727056E-10  -0.1000000000E+31  -0.1000000000E+31  -0.1000000000E+31  -0.1000000000E+31  -0.1000000000E+31  -0.1000000000E+31  -0.1000000000E+31  -0.1000000000E+31  -0.1000000000E+31
   0.5397848125E-10  -0.1000000000E+31  -0.1000000000E+31  -0.1000000000E+31  -0.1000000000E+31  -0.1000000000E+31  -0.1000000000E+31  -0.1000000000E+31  -0.1000000000E+31  -0.1000000000E+31
   0.5173173263E-10  -0.1000000000E+31  -0.1000000000E+31  -0.1000000000E+31  -0.1000000000E+31  -0.1000000000E+31  -0.1000000000E+31  -0.1000000000E+31  -0.1000000000E+31  -0.1000000000E+31
   0.4960335625E-10  -0.1000000000E+31  -0.1000000000E+31  -0.1000000000E+31  -0.1000000000E+31  -0.1000000000E+31  -0.1000000000E+31  -0.1000000000E+31  -0.1000000000E+31  -0.1000000000E+31
   0.4758158628E-10  -0.1000000000E+31  -0.1000000000E+31  -0.1000000000E+31  -0.1000000000E+31  -0.1000000000E+31  -0.1000000000E+31  -0.1000000000E+31  -0.1000000000E+31  -0.1000000000E+31
   0.4565645686E-10  -0.1000000000E+31  -0.1000000000E+31  -0.1000000000E+31  -0.1000000000E+31  -0.1000000000E+31  -0.1000000000E+31  -0.1000000000E+31  -0.1000000000E+31  -0.1000000000E+31
   0.4381912198E-10  -0.1000000000E+31  -0.1000000000E+31  -0.1000000000E+31  -0.1000000000E+31  -0.1000000000E+31  -0.1000000000E+31  -0.1000000000E+31  -0.1000000000E+31  -0.1000000000E+31
   0.4206273759E-10  -0.1000000000E+31  -0.1000000000E+31  -0.1000000000E+31  -0.1000000000E+31  -0.1000000000E+31  -0.1000000000E+31  -0.1000000000E+31  -0.1000000000E+31  -0.1000000000E+31
   0.4038017165E-10  -0.1000000000E+31  -0.1000000000E+31  -0.1000000000E+31  -0.1000000000E+31  -0.1000000000E+31  -0.1000000000E+31  -0.1000000000E+31  -0.1000000000E+31  -0.1000000000E+31
   0.3876696495E-10  -0.1000000000E+31  -0.1000000000E+31  -0.1000000000E+31  -0.1000000000E+31  -0.1000000000E+31  -0.1000000000E+31  -0.1000000000E+31  -0.1000000000E+31  -0.1000000000E+31
   0.3721739332E-10  -0.1000000000E+31  -0.1000000000E+31  -0.1000000000E+31  -0.1000000000E+31  -0.1000000000E+31  -0.1000000000E+31  -0.1000000000E+31  -0.1000000000E+31  -0.1000000000E+31
   0.3572827682E-10  -0.1000000000E+31  -0.1000000000E+31  -0.1000000000E+31  -0.1000000000E+31  -0.1000000000E+31  -0.1000000000E+31  -0.1000000000E+31  -0.1000000000E+31  -0.1000000000E+31
   0.3429553294E-10  -0.1000000000E+31  -0.1000000000E+31  -0.1000000000E+31  -0.1000000000E+31  -0.1000000000E+31  -0.1000000000E+31  -0.1000000000E+31  -0.1000000000E+31  -0.1000000000E+31
   0.3291685440E-10  -0.1000000000E+31  -0.1000000000E+31  -0.1000000000E+31  -0.1000000000E+31  -0.1000000000E+31  -0.1000000000E+31  -0.1000000000E+31  -0.1000000000E+31  -0.1000000000E+31
   0.3158925112E-10  -0.1000000000E+31  -0.1000000000E+31  -0.1000000000E+31  -0.1000000000E+31  -0.1000000000E+31  -0.1000000000E+31  -0.1000000000E+31  -0.1000000000E+31  -0.1000000000E+31
   0.3031077411E-10  -0.1000000000E+31  -0.1000000000E+31  -0.1000000000E+31  -0.1000000000E+31  -0.1000000000E+31  -0.1000000000E+31  -0.1000000000E+31  -0.1000000000E+31  -0.1000000000E+31
   0.2907912850E-10  -0.1000000000E+31  -0.1000000000E+31  -0.1000000000E+31  -0.1000000000E+31  -0.1000000000E+31  -0.1000000000E+31  -0.1000000000E+31  -0.1000000000E+31  -0.1000000000E+31
   0.2789307342E-10  -0.1000000000E+31  -0.1000000000E+31  -0.1000000000E+31  -0.1000000000E+31  -0.1000000000E+31  -0.1000000000E+31  -0.1000000000E+31  -0.1000000000E+31  -0.1000000000E+31
   0.2675066099E-10  -0.1000000000E+31  -0.1000000000E+31  -0.1000000000E+31  -0.1000000000E+31  -0.1000000000E+31  -0.1000000000E+31  -0.1000000000E+31  -0.1000000000E+31  -0.1000000000E+31
   0.2352108079E-10  -0.1000000000E+31  -0.1000000000E+31  -0.1000000000E+31  -0.1000000000E+31  -0.1000000000E+31  -0.1000000000E+31  -0.1000000000E+31  -0.1000000000E+31  -0.1000000000E+31
   0.2258913650E-10  -0.1000000000E+31  -0.1000000000E+31  -0.1000000000E+31  -0.1000000000E+31  -0.1000000000E+31  -0.1000000000E+31  -0.1000000000E+31  -0.1000000000E+31  -0.1000000000E+31
   0.2170550001E-10  -0.1000000000E+31  -0.1000000000E+31  -0.1000000000E+31  -0.1000000000E+31  -0.1000000000E+31  -0.1000000000E+31  -0.1000000000E+31  -0.1000000000E+31  -0.1000000000E+31
   0.2085340634E-10  -0.1000000000E+31  -0.1000000000E+31  -0.1000000000E+31  -0.1000000000E+31  -0.1000000000E+31  -0.1000000000E+31  -0.1000000000E+31  -0.1000000000E+31  -0.1000000000E+31
   0.2005151872E-10  -0.1000000000E+31  -0.1000000000E+31  -0.1000000000E+31  -0.1000000000E+31  -0.1000000000E+31  -0.1000000000E+31  -0.1000000000E+31  -0.1000000000E+31  -0.1000000000E+31
   0.1926298655E-10  -0.1000000000E+31  -0.1000000000E+31  -0.1000000000E+31  -0.1000000000E+31  -0.1000000000E+31  -0.1000000000E+31  -0.1000000000E+31  -0.1000000000E+31  -0.1000000000E+31
   0.1850499896E-10  -0.1000000000E+31  -0.1000000000E+31  -0.1000000000E+31  -0.1000000000E+31  -0.1000000000E+31  -0.1000000000E+31  -0.1000000000E+31  -0.1000000000E+31  -0.1000000000E+31
   0.1777612056E-10  -0.1000000000E+31  -0.1000000000E+31  -0.1000000000E+31  -0.1000000000E+31  -0.1000000000E+31  -0.1000000000E+31  -0.1000000000E+31  -0.1000000000E+31  -0.1000000000E+31
   0.1707517063E-10  -0.1000000000E+31  -0.1000000000E+31  -0.1000000000E+31  -0.1000000000E+31  -0.1000000000E+31  -0.1000000000E+31  -0.1000000000E+31  -0.1000000000E+31  -0.1000000000E+31
   0.1640176577E-10  -0.1000000000E+31  -0.1000000000E+31  -0.1000000000E+31  -0.1000000000E+31  -0.1000000000E+31  -0.1000000000E+31  -0.1000000000E+31  -0.1000000000E+31  -0.1000000000E+31
   0.1575428190E-10  -0.1000000000E+31  -0.1000000000E+31  -0.1000000000E+31  -0.1000000000E+31  -0.1000000000E+31  -0.1000000000E+31  -0.1000000000E+31  -0.1000000000E+31  -0.1000000000E+31
   0.1513220302E-10  -0.1000000000E+31  -0.1000000000E+31  -0.1000000000E+31  -0.1000000000E+31  -0.1000000000E+31  -0.1000000000E+31  -0.1000000000E+31  -0.1000000000E+31  -0.1000000000E+31
   0.1453428800E-10  -0.1000000000E+31  -0.1000000000E+31  -0.1000000000E+31  -0.1000000000E+31  -0.1000000000E+31  -0.1000000000E+31  -0.1000000000E+31  -0.1000000000E+31  -0.1000000000E+31
   0.1395998672E-10  -0.1000000000E+31  -0.1000000000E+31  -0.1000000000E+31  -0.1000000000E+31  -0.1000000000E+31  -0.1000000000E+31  -0.1000000000E+31  -0.1000000000E+31  -0.1000000000E+31
   0.1340879860E-10  -0.1000000000E+31  -0.1000000000E+31  -0.1000000000E+31  -0.1000000000E+31  -0.1000000000E+31  -0.1000000000E+31  -0.1000000000E+31  -0.1000000000E+31  -0.1000000000E+31
   0.1287938244E-10  -0.1000000000E+31  -0.1000000000E+31  -0.1000000000E+31  -0.1000000000E+31  -0.1000000000E+31  -0.1000000000E+31  -0.1000000000E+31  -0.1000000000E+31  -0.1000000000E+31
   0.1237146523E-10  -0.1000000000E+31  -0.1000000000E+31  -0.1000000000E+31  -0.1000000000E+31  -0.1000000000E+31  -0.1000000000E+31  -0.1000000000E+31  -0.1000000000E+31  -0.1000000000E+31
   0.1188407572E-10  -0.1000000000E+31  -0.1000000000E+31  -0.1000000000E+31  -0.1000000000E+31  -0.1000000000E+31  -0.1000000000E+31  -0.1000000000E+31  -0.1000000000E+31  -0.1000000000E+31
   0.1141655390E-10  -0.1000000000E+31  -0.1000000000E+31  -0.1000000000E+31  -0.1000000000E+31  -0.1000000000E+31  -0.1000000000E+31  -0.1000000000E+31  -0.1000000000E+31  -0.1000000000E+31
   0.1096785250E-10  -0.1000000000E+31  -0.1000000000E+31  -0.1000000000E+31  -0.1000000000E+31  -0.1000000000E+31  -0.1000000000E+31  -0.1000000000E+31  -0.1000000000E+31  -0.1000000000E+31
   0.1053729735E-10  -0.1000000000E+31  -0.1000000000E+31  -0.1000000000E+31  -0.1000000000E+31  -0.1000000000E+31  -0.1000000000E+31  -0.1000000000E+31  -0.1000000000E+31  -0.1000000000E+31
   0.1012492865E-10  -0.1000000000E+31  -0.1000000000E+31  -0.1000000000E+31  -0.1000000000E+31  -0.1000000000E+31  -0.1000000000E+31  -0.1000000000E+31  -0.1000000000E+31  -0.1000000000E+31
   0.9729046409E-11  -0.1000000000E+31  -0.1000000000E+31  -0.1000000000E+31  -0.1000000000E+31  -0.1000000000E+31  -0.1000000000E+31  -0.1000000000E+31  -0.1000000000E+31  -0.1000000000E+31
   0.9349731641E-11  -0.1000000000E+31  -0.1000000000E+31  -0.1000000000E+31  -0.1000000000E+31  -0.1000000000E+31  -0.1000000000E+31  -0.1000000000E+31  -0.1000000000E+31  -0.1000000000E+31
   0.8986317039E-11  -0.1000000000E+31  -0.1000000000E+31  -0.1000000000E+31  -0.1000000000E+31  -0.1000000000E+31  -0.1000000000E+31  -0.1000000000E+31  -0.1000000000E+31  -0.1000000000E+31
   0.8637749045E-11  -0.1000000000E+31  -0.1000000000E+31  -0.1000000000E+31  -0.1000000000E+31  -0.1000000000E+31  -0.1000000000E+31  -0.1000000000E+31  -0.1000000000E+31  -0.1000000000E+31
   0.8304194618E-11  -0.1000000000E+31  -0.1000000000E+31  -0.1000000000E+31  -0.1000000000E+31  -0.1000000000E+31  -0.1000000000E+31  -0.1000000000E+31  -0.1000000000E+31  -0.1000000000E+31
   0.7983806409E-11  -0.1000000000E+31  -0.1000000000E+31  -0.1000000000E+31  -0.1000000000E+31  -0.1000000000E+31  -0.1000000000E+31  -0.1000000000E+31  -0.1000000000E+31  -0.1000000000E+31
   0.7677309762E-11  -0.1000000000E+31  -0.1000000000E+31  -0.1000000000E+31  -0.1000000000E+31  -0.1000000000E+31  -0.1000000000E+31  -0.1000000000E+31  -0.1000000000E+31  -0.1000000000E+31
   0.7383566471E-11  -0.1000000000E+31  -0.1000000000E+31  -0.1000000000E+31  -0.1000000000E+31  -0.1000000000E+31  -0.1000000000E+31  -0.1000000000E+31  -0.1000000000E+31  -0.1000000000E+31
   0.7102349708E-11  -0.1000000000E+31  -0.1000000000E+31  -0.1000000000E+31  -0.1000000000E+31  -0.1000000000E+31  -0.1000000000E+31  -0.1000000000E+31  -0.1000000000E+31  -0.1000000000E+31
   0.6832522427E-11  -0.1000000000E+31  -0.1000000000E+31  -0.1000000000E+31  -0.1000000000E+31  -0.1000000000E+31  -0.1000000000E+31  -0.1000000000E+31  -0.1000000000E+31  -0.1000000000E+31
   0.6574017683E-11  -0.1000000000E+31  -0.1000000000E+31  -0.1000000000E+31  -0.1000000000E+31  -0.1000000000E+31  -0.1000000000E+31  -0.1000000000E+31  -0.1000000000E+31  -0.1000000000E+31
   0.6326033491E-11  -0.1000000000E+31  -0.1000000000E+31  -0.1000000000E+31  -0.1000000000E+31  -0.1000000000E+31  -0.1000000000E+31  -0.1000000000E+31  -0.1000000000E+31  -0.1000000000E+31
   0.6088974088E-11  -0.1000000000E+31  -0.1000000000E+31  -0.1000000000E+31  -0.1000000000E+31  -0.1000000000E+31  -0.1000000000E+31  -0.1000000000E+31  -0.1000000000E+31  -0.1000000000E+31
   0.5861336262E-11  -0.1000000000E+31  -0.1000000000E+31  -0.1000000000E+31  -0.1000000000E+31  -0.1000000000E+31  -0.1000000000E+31  -0.1000000000E+31  -0.1000000000E+31  -0.1000000000E+31
   0.5643348657E-11  -0.1000000000E+31  -0.1000000000E+31  -0.1000000000E+31  -0.1000000000E+31  -0.1000000000E+31  -0.1000000000E+31  -0.1000000000E+31  -0.1000000000E+31  -0.1000000000E+31
   0.5434369858E-11  -0.1000000000E+31  -0.1000000000E+31  -0.1000000000E+31  -0.1000000000E+31  -0.1000000000E+31  -0.1000000000E+31  -0.1000000000E+31  -0.1000000000E+31  -0.1000000000E+31
   0.5233951442E-11  -0.1000000000E+31  -0.1000000000E+31  -0.1000000000E+31  -0.1000000000E+31  -0.1000000000E+31  -0.1000000000E+31  -0.1000000000E+31  -0.1000000000E+31  -0.1000000000E+31
   0.5041882726E-11  -0.1000000000E+31  -0.1000000000E+31  -0.1000000000E+31  -0.1000000000E+31  -0.1000000000E+31  -0.1000000000E+31  -0.1000000000E+31  -0.1000000000E+31  -0.1000000000E+31
   0.4857751729E-11  -0.1000000000E+31  -0.1000000000E+31  -0.1000000000E+31  -0.1000000000E+31  -0.1000000000E+31  -0.1000000000E+31  -0.1000000000E+31  -0.1000000000E+31  -0.1000000000E+31
   0.4681144197E-11  -0.1000000000E+31  -0.1000000000E+31  -0.1000000000E+31  -0.1000000000E+31  -0.1000000000E+31  -0.1000000000E+31  -0.1000000000E+31  -0.1000000000E+31  -0.1000000000E+31
   0.4511790944E-11  -0.1000000000E+31  -0.1000000000E+31  -0.1000000000E+31  -0.1000000000E+31  -0.1000000000E+31  -0.1000000000E+31  -0.1000000000E+31  -0.1000000000E+31  -0.1000000000E+31
   0.4349363286E-11  -0.1000000000E+31  -0.1000000000E+31  -0.1000000000E+31  -0.1000000000E+31  -0.1000000000E+31  -0.1000000000E+31  -0.1000000000E+31  -0.1000000000E+31  -0.1000000000E+31
   0.4193431790E-11  -0.1000000000E+31  -0.1000000000E+31  -0.1000000000E+31  -0.1000000000E+31  -0.1000000000E+31  -0.1000000000E+31  -0.1000000000E+31  -0.1000000000E+31  -0.1000000000E+31
   0.4043623459E-11  -0.1000000000E+31  -0.1000000000E+31  -0.1000000000E+31  -0.1000000000E+31  -0.1000000000E+31  -0.1000000000E+31  -0.1000000000E+31  -0.1000000000E+31  -0.1000000000E+31
   0.3899894951E-11  -0.1000000000E+31  -0.1000000000E+31  -0.1000000000E+31  -0.1000000000E+31  -0.1000000000E+31  -0.1000000000E+31  -0.1000000000E+31  -0.1000000000E+31  -0.1000000000E+31
   0.3761977893E-11  -0.1000000000E+31  -0.1000000000E+31  -0.1000000000E+31  -0.1000000000E+31  -0.1000000000E+31  -0.1000000000E+31  -0.1000000000E+31  -0.1000000000E+31  -0.1000000000E+31
   0.3629589658E-11  -0.1000000000E+31  -0.1000000000E+31  -0.1000000000E+31  -0.1000000000E+31  -0.1000000000E+31  -0.1000000000E+31  -0.1000000000E+31  -0.1000000000E+31  -0.1000000000E+31
   0.3502468525E-11  -0.1000000000E+31  -0.1000000000E+31  -0.1000000000E+31  -0.1000000000E+31  -0.1000000000E+31  -0.1000000000E+31  -0.1000000000E+31  -0.1000000000E+31  -0.1000000000E+31
   0.3380354595E-11  -0.1000000000E+31  -0.1000000000E+31  -0.1000000000E+31  -0.1000000000E+31  -0.1000000000E+31  -0.1000000000E+31  -0.1000000000E+31  -0.1000000000E+31  -0.1000000000E+31
   0.3263062195E-11  -0.1000000000E+31  -0.1000000000E+31  -0.1000000000E+31  -0.1000000000E+31  -0.1000000000E+31  -0.1000000000E+31  -0.1000000000E+31  -0.1000000000E+31  -0.1000000000E+31
   0.3150308879E-11  -0.1000000000E+31  -0.1000000000E+31  -0.1000000000E+31  -0.1000000000E+31  -0.1000000000E+31  -0.1000000000E+31  -0.1000000000E+31  -0.1000000000E+31  -0.1000000000E+31
   0.3041992570E-11  -0.1000000000E+31  -0.1000000000E+31  -0.1000000000E+31  -0.1000000000E+31  -0.1000000000E+31  -0.1000000000E+31  -0.1000000000E+31  -0.1000000000E+31  -0.1000000000E+31
   0.2937591564E-11  -0.1000000000E+31  -0.1000000000E+31  -0.1000000000E+31  -0.1000000000E+31  -0.1000000000E+31  -0.1000000000E+31  -0.1000000000E+31  -0.1000000000E+31  -0.1000000000E+31
   0.2837624228E-11  -0.1000000000E+31  -0.1000000000E+31  -0.1000000000E+31  -0.1000000000E+31  -0.1000000000E+31  -0.1000000000E+31  -0.1000000000E+31  -0.1000000000E+31  -0.1000000000E+31
   0.2741360408E-11  -0.1000000000E+31  -0.1000000000E+31  -0.1000000000E+31  -0.1000000000E+31  -0.1000000000E+31  -0.1000000000E+31  -0.1000000000E+31  -0.1000000000E+31  -0.1000000000E+31
   0.2648581405E-11  -0.1000000000E+31  -0.1000000000E+31  -0.1000000000E+31  -0.1000000000E+31  -0.1000000000E+31  -0.1000000000E+31  -0.1000000000E+31  -0.1000000000E+31  -0.1000000000E+31
   0.2559742840E-11  -0.1000000000E+31  -0.1000000000E+31  -0.1000000000E+31  -0.1000000000E+31  -0.1000000000E+31  -0.1000000000E+31  -0.1000000000E+31  -0.1000000000E+31  -0.1000000000E+31
   0.2473746042E-11  -0.1000000000E+31  -0.1000000000E+31  -0.1000000000E+31  -0.1000000000E+31  -0.1000000000E+31  -0.1000000000E+31  -0.1000000000E+31  -0.1000000000E+31  -0.1000000000E+31
   0.2391144458E-11  -0.1000000000E+31  -0.1000000000E+31  -0.1000000000E+31  -0.1000000000E+31  -0.1000000000E+31  -0.1000000000E+31  -0.1000000000E+31  -0.1000000000E+31  -0.1000000000E+31
   0.2311549918E-11  -0.1000000000E+31  -0.1000000000E+31  -0.1000000000E+31  -0.1000000000E+31  -0.1000000000E+31  -0.1000000000E+31  -0.1000000000E+31  -0.1000000000E+31  -0.1000000000E+31
   0.2235139467E-11  -0.1000000000E+31  -0.1000000000E+31  -0.1000000000E+31  -0.1000000000E+31  -0.1000000000E+31  -0.1000000000E+31  -0.1000000000E+31  -0.1000000000E+31  -0.1000000000E+31
   0.2161334795E-11  -0.1000000000E+31  -0.1000000000E+31  -0.1000000000E+31  -0.1000000000E+31  -0.1000000000E+31  -0.1000000000E+31  -0.1000000000E+31  -0.1000000000E+31  -0.1000000000E+31
   0.2090101583E-11  -0.1000000000E+31  -0.1000000000E+31  -0.1000000000E+31  -0.1000000000E+31  -0.1000000000E+31  -0.1000000000E+31  -0.1000000000E+31  -0.1000000000E+31  -0.1000000000E+31
   0.2021829106E-11  -0.1000000000E+31  -0.1000000000E+31  -0.1000000000E+31  -0.1000000000E+31  -0.1000000000E+31  -0.1000000000E+31  -0.1000000000E+31  -0.1000000000E+31  -0.1000000000E+31
   0.1955843171E-11  -0.1000000000E+31  -0.1000000000E+31  -0.1000000000E+31  -0.1000000000E+31  -0.1000000000E+31  -0.1000000000E+31  -0.1000000000E+31  -0.1000000000E+31  -0.1000000000E+31
   0.1892187167E-11  -0.1000000000E+31  -0.1000000000E+31  -0.1000000000E+31  -0.1000000000E+31  -0.1000000000E+31  -0.1000000000E+31  -0.1000000000E+31  -0.1000000000E+31  -0.1000000000E+31
   0.1830831820E-11  -0.1000000000E+31  -0.1000000000E+31  -0.1000000000E+31  -0.1000000000E+31  -0.1000000000E+31  -0.1000000000E+31  -0.1000000000E+31  -0.1000000000E+31  -0.1000000000E+31
   0.1771803574E-11  -0.1000000000E+31  -0.1000000000E+31  -0.1000000000E+31  -0.1000000000E+31  -0.1000000000E+31  -0.1000000000E+31  -0.1000000000E+31  -0.1000000000E+31  -0.1000000000E+31
   0.1714692548E-11  -0.1000000000E+31  -0.1000000000E+31  -0.1000000000E+31  -0.1000000000E+31  -0.1000000000E+31  -0.1000000000E+31  -0.1000000000E+31  -0.1000000000E+31  -0.1000000000E+31
   0.1659762767E-11  -0.1000000000E+31  -0.1000000000E+31  -0.1000000000E+31  -0.1000000000E+31  -0.1000000000E+31  -0.1000000000E+31  -0.1000000000E+31  -0.1000000000E+31  -0.1000000000E+31
   0.1606643549E-11  -0.1000000000E+31  -0.1000000000E+31  -0.1000000000E+31  -0.1000000000E+31  -0.1000000000E+31  -0.1000000000E+31  -0.1000000000E+31  -0.1000000000E+31  -0.1000000000E+31
   0.1555475992E-11  -0.1000000000E+31  -0.1000000000E+31  -0.1000000000E+31  -0.1000000000E+31  -0.1000000000E+31  -0.1000000000E+31  -0.1000000000E+31  -0.1000000000E+31  -0.1000000000E+31
   0.1506058668E-11  -0.1000000000E+31  -0.1000000000E+31  -0.1000000000E+31  -0.1000000000E+31  -0.1000000000E+31  -0.1000000000E+31  -0.1000000000E+31  -0.1000000000E+31  -0.1000000000E+31
   0.1458242077E-11  -0.1000000000E+31  -0.1000000000E+31  -0.1000000000E+31  -0.1000000000E+31  -0.1000000000E+31  -0.1000000000E+31  -0.1000000000E+31  -0.1000000000E+31  -0.1000000000E+31
   0.1412296623E-11  -0.1000000000E+31  -0.1000000000E+31  -0.1000000000E+31  -0.1000000000E+31  -0.1000000000E+31  -0.1000000000E+31  -0.1000000000E+31  -0.1000000000E+31  -0.1000000000E+31
   0.1367776040E-11  -0.1000000000E+31  -0.1000000000E+31  -0.1000000000E+31  -0.1000000000E+31  -0.1000000000E+31  -0.1000000000E+31  -0.1000000000E+31  -0.1000000000E+31  -0.1000000000E+31
   0.1324973645E-11  -0.1000000000E+31  -0.1000000000E+31  -0.1000000000E+31  -0.1000000000E+31  -0.1000000000E+31  -0.1000000000E+31  -0.1000000000E+31  -0.1000000000E+31  -0.1000000000E+31
   0.1283343451E-11  -0.1000000000E+31  -0.1000000000E+31  -0.1000000000E+31  -0.1000000000E+31  -0.1000000000E+31  -0.1000000000E+31  -0.1000000000E+31  -0.1000000000E+31  -0.1000000000E+31
   0.1243205358E-11  -0.1000000000E+31  -0.1000000000E+31  -0.1000000000E+31  -0.1000000000E+31  -0.1000000000E+31  -0.1000000000E+31  -0.1000000000E+31  -0.1000000000E+31  -0.1000000000E+31
   0.1204560882E-11  -0.1000000000E+31  -0.1000000000E+31  -0.1000000000E+31  -0.1000000000E+31  -0.1000000000E+31  -0.1000000000E+31  -0.1000000000E+31  -0.1000000000E+31  -0.1000000000E+31
   0.1167040778E-11  -0.1000000000E+31  -0.1000000000E+31  -0.1000000000E+31  -0.1000000000E+31  -0.1000000000E+31  -0.1000000000E+31  -0.1000000000E+31  -0.1000000000E+31  -0.1000000000E+31
   0.1130788186E-11  -0.1000000000E+31  -0.1000000000E+31  -0.1000000000E+31  -0.1000000000E+31  -0.1000000000E+31  -0.1000000000E+31  -0.1000000000E+31  -0.1000000000E+31  -0.1000000000E+31
   0.1095783118E-11  -0.1000000000E+31  -0.1000000000E+31  -0.1000000000E+31  -0.1000000000E+31  -0.1000000000E+31  -0.1000000000E+31  -0.1000000000E+31  -0.1000000000E+31  -0.1000000000E+31
   0.1061982222E-11  -0.1000000000E+31  -0.1000000000E+31  -0.1000000000E+31  -0.1000000000E+31  -0.1000000000E+31  -0.1000000000E+31  -0.1000000000E+31  -0.1000000000E+31  -0.1000000000E+31
   0.1029282373E-11  -0.1000000000E+31  -0.1000000000E+31  -0.1000000000E+31  -0.1000000000E+31  -0.1000000000E+31  -0.1000000000E+31  -0.1000000000E+31  -0.1000000000E+31  -0.1000000000E+31
   0.9976103239E-12  -0.1000000000E+31  -0.1000000000E+31  -0.1000000000E+31  -0.1000000000E+31  -0.1000000000E+31  -0.1000000000E+31  -0.1000000000E+31  -0.1000000000E+31  -0.1000000000E+31
   0.9670466213E-12  -0.1000000000E+31  -0.1000000000E+31  -0.1000000000E+31  -0.1000000000E+31  -0.1000000000E+31  -0.1000000000E+31  -0.1000000000E+31  -0.1000000000E+31  -0.1000000000E+31
   0.9375541188E-12  -0.1000000000E+31  -0.1000000000E+31  -0.1000000000E+31  -0.1000000000E+31  -0.1000000000E+31  -0.1000000000E+31  -0.1000000000E+31  -0.1000000000E+31  -0.1000000000E+31
   0.9086168376E-12  -0.1000000000E+31  -0.1000000000E+31  -0.1000000000E+31  -0.1000000000E+31  -0.1000000000E+31  -0.1000000000E+31  -0.1000000000E+31  -0.1000000000E+31  -0.1000000000E+31
   0.8810199626E-12  -0.1000000000E+31  -0.1000000000E+31  -0.1000000000E+31  -0.1000000000E+31  -0.1000000000E+31  -0.1000000000E+31  -0.1000000000E+31  -0.1000000000E+31  -0.1000000000E+31
   0.8542627718E-12  -0.1000000000E+31  -0.1000000000E+31  -0.1000000000E+31  -0.1000000000E+31  -0.1000000000E+31  -0.1000000000E+31  -0.1000000000E+31  -0.1000000000E+31  -0.1000000000E+31
   0.8283536470E-12  -0.1000000000E+31  -0.1000000000E+31  -0.1000000000E+31  -0.1000000000E+31  -0.1000000000E+31  -0.1000000000E+31  -0.1000000000E+31  -0.1000000000E+31  -0.1000000000E+31
   0.8031236899E-12  -0.1000000000E+31  -0.1000000000E+31  -0.1000000000E+31  -0.1000000000E+31  -0.1000000000E+31  -0.1000000000E+31  -0.1000000000E+31  -0.1000000000E+31  -0.1000000000E+31
   0.7790246662E-12  -0.1000000000E+31  -0.1000000000E+31  -0.1000000000E+31  -0.1000000000E+31  -0.1000000000E+31  -0.1000000000E+31  -0.1000000000E+31  -0.1000000000E+31  -0.1000000000E+31
   0.7553466462E-12  -0.1000000000E+31  -0.1000000000E+31  -0.1000000000E+31  -0.1000000000E+31  -0.1000000000E+31  -0.1000000000E+31  -0.1000000000E+31  -0.1000000000E+31  -0.1000000000E+31
   0.7325540629E-12  -0.1000000000E+31  -0.1000000000E+31  -0.1000000000E+31  -0.1000000000E+31  -0.1000000000E+31  -0.1000000000E+31  -0.1000000000E+31  -0.1000000000E+31  -0.1000000000E+31
   0.7105668499E-12  -0.1000000000E+31  -0.1000000000E+31  -0.1000000000E+31  -0.1000000000E+31  -0.1000000000E+31  -0.1000000000E+31  -0.1000000000E+31  -0.1000000000E+31  -0.1000000000E+31
   0.6893184877E-12  -0.1000000000E+31  -0.1000000000E+31  -0.1000000000E+31  -0.1000000000E+31  -0.1000000000E+31  -0.1000000000E+31  -0.1000000000E+31  -0.1000000000E+31  -0.1000000000E+31
   0.6686014679E-12  -0.1000000000E+31  -0.1000000000E+31  -0.1000000000E+31  -0.1000000000E+31  -0.1000000000E+31  -0.1000000000E+31  -0.1000000000E+31  -0.1000000000E+31  -0.1000000000E+31
   0.6483554686E-12  -0.1000000000E+31  -0.1000000000E+31  -0.1000000000E+31  -0.1000000000E+31  -0.1000000000E+31  -0.1000000000E+31  -0.1000000000E+31  -0.1000000000E+31  -0.1000000000E+31
   0.6290904431E-12  -0.1000000000E+31  -0.1000000000E+31  -0.1000000000E+31  -0.1000000000E+31  -0.1000000000E+31  -0.1000000000E+31  -0.1000000000E+31  -0.1000000000E+31  -0.1000000000E+31
   0.6101697932E-12  -0.1000000000E+31  -0.1000000000E+31  -0.1000000000E+31  -0.1000000000E+31  -0.1000000000E+31  -0.1000000000E+31  -0.1000000000E+31  -0.1000000000E+31  -0.1000000000E+31
   0.5919830558E-12  -0.1000000000E+31  -0.1000000000E+31  -0.1000000000E+31  -0.1000000000E+31  -0.1000000000E+31  -0.1000000000E+31  -0.1000000000E+31  -0.1000000000E+31  -0.1000000000E+31
   0.5745062068E-12  -0.1000000000E+31  -0.1000000000E+31  -0.1000000000E+31  -0.1000000000E+31  -0.1000000000E+31  -0.1000000000E+31  -0.1000000000E+31  -0.1000000000E+31  -0.1000000000E+31
   0.5574212805E-12  -0.1000000000E+31  -0.1000000000E+31  -0.1000000000E+31  -0.1000000000E+31  -0.1000000000E+31  -0.1000000000E+31  -0.1000000000E+31  -0.1000000000E+31  -0.1000000000E+31
   0.5408916286E-12  -0.1000000000E+31  -0.1000000000E+31  -0.1000000000E+31  -0.1000000000E+31  -0.1000000000E+31  -0.1000000000E+31  -0.1000000000E+31  -0.1000000000E+31  -0.1000000000E+31
   0.5246832009E-12  -0.1000000000E+31  -0.1000000000E+31  -0.1000000000E+31  -0.1000000000E+31  -0.1000000000E+31  -0.1000000000E+31  -0.1000000000E+31  -0.1000000000E+31  -0.1000000000E+31
   0.5090868175E-12  -0.1000000000E+31  -0.1000000000E+31  -0.1000000000E+31  -0.1000000000E+31  -0.1000000000E+31  -0.1000000000E+31  -0.1000000000E+31  -0.1000000000E+31  -0.1000000000E+31
   0.4941748768E-12  -0.1000000000E+31  -0.1000000000E+31  -0.1000000000E+31  -0.1000000000E+31  -0.1000000000E+31  -0.1000000000E+31  -0.1000000000E+31  -0.1000000000E+31  -0.1000000000E+31
   0.4795245696E-12  -0.1000000000E+31  -0.1000000000E+31  -0.1000000000E+31  -0.1000000000E+31  -0.1000000000E+31  -0.1000000000E+31  -0.1000000000E+31  -0.1000000000E+31  -0.1000000000E+31
   0.4652402049E-12  -0.1000000000E+31  -0.1000000000E+31  -0.1000000000E+31  -0.1000000000E+31  -0.1000000000E+31  -0.1000000000E+31  -0.1000000000E+31  -0.1000000000E+31  -0.1000000000E+31
   0.4516882220E-12  -0.1000000000E+31  -0.1000000000E+31  -0.1000000000E+31  -0.1000000000E+31  -0.1000000000E+31  -0.1000000000E+31  -0.1000000000E+31  -0.1000000000E+31  -0.1000000000E+31
   0.4380836906E-12  -0.1000000000E+31  -0.1000000000E+31  -0.1000000000E+31  -0.1000000000E+31  -0.1000000000E+31  -0.1000000000E+31  -0.1000000000E+31  -0.1000000000E+31  -0.1000000000E+31
   0.4252780403E-12  -0.1000000000E+31  -0.1000000000E+31  -0.1000000000E+31  -0.1000000000E+31  -0.1000000000E+31  -0.1000000000E+31  -0.1000000000E+31  -0.1000000000E+31  -0.1000000000E+31
   0.4126988739E-12  -0.1000000000E+31  -0.1000000000E+31  -0.1000000000E+31  -0.1000000000E+31  -0.1000000000E+31  -0.1000000000E+31  -0.1000000000E+31  -0.1000000000E+31  -0.1000000000E+31
   0.4008396675E-12  -0.1000000000E+31  -0.1000000000E+31  -0.1000000000E+31  -0.1000000000E+31  -0.1000000000E+31  -0.1000000000E+31  -0.1000000000E+31  -0.1000000000E+31  -0.1000000000E+31
   0.3888757192E-12  -0.1000000000E+31  -0.1000000000E+31  -0.1000000000E+31  -0.1000000000E+31  -0.1000000000E+31  -0.1000000000E+31  -0.1000000000E+31  -0.1000000000E+31  -0.1000000000E+31
   0.3774877611E-12  -0.1000000000E+31  -0.1000000000E+31  -0.1000000000E+31  -0.1000000000E+31  -0.1000000000E+31  -0.1000000000E+31  -0.1000000000E+31  -0.1000000000E+31  -0.1000000000E+31
   0.3663456567E-12  -0.1000000000E+31  -0.1000000000E+31  -0.1000000000E+31  -0.1000000000E+31  -0.1000000000E+31  -0.1000000000E+31  -0.1000000000E+31  -0.1000000000E+31  -0.1000000000E+31
   0.3556116949E-12  -0.1000000000E+31  -0.1000000000E+31  -0.1000000000E+31  -0.1000000000E+31  -0.1000000000E+31  -0.1000000000E+31  -0.1000000000E+31  -0.1000000000E+31  -0.1000000000E+31
   0.3451379841E-12  -0.1000000000E+31  -0.1000000000E+31  -0.1000000000E+31  -0.1000000000E+31  -0.1000000000E+31  -0.1000000000E+31  -0.1000000000E+31  -0.1000000000E+31  -0.1000000000E+31
   0.3351951739E-12  -0.1000000000E+31  -0.1000000000E+31  -0.1000000000E+31  -0.1000000000E+31  -0.1000000000E+31  -0.1000000000E+31  -0.1000000000E+31  -0.1000000000E+31  -0.1000000000E+31
   0.3254214200E-12  -0.1000000000E+31  -0.1000000000E+31  -0.1000000000E+31  -0.1000000000E+31  -0.1000000000E+31  -0.1000000000E+31  -0.1000000000E+31  -0.1000000000E+31  -0.1000000000E+31
   0.3158157938E-12  -0.1000000000E+31  -0.1000000000E+31  -0.1000000000E+31  -0.1000000000E+31  -0.1000000000E+31  -0.1000000000E+31  -0.1000000000E+31  -0.1000000000E+31  -0.1000000000E+31
   0.3066465904E-12  -0.1000000000E+31  -0.1000000000E+31  -0.1000000000E+31  -0.1000000000E+31  -0.1000000000E+31  -0.1000000000E+31  -0.1000000000E+31  -0.1000000000E+31  -0.1000000000E+31
   0.2977758620E-12  -0.1000000000E+31  -0.1000000000E+31  -0.1000000000E+31  -0.1000000000E+31  -0.1000000000E+31  -0.1000000000E+31  -0.1000000000E+31  -0.1000000000E+31  -0.1000000000E+31
   0.2890019833E-12  -0.1000000000E+31  -0.1000000000E+31  -0.1000000000E+31  -0.1000000000E+31  -0.1000000000E+31  -0.1000000000E+31  -0.1000000000E+31  -0.1000000000E+31  -0.1000000000E+31
   0.2806104166E-12  -0.1000000000E+31  -0.1000000000E+31  -0.1000000000E+31  -0.1000000000E+31  -0.1000000000E+31  -0.1000000000E+31  -0.1000000000E+31  -0.1000000000E+31  -0.1000000000E+31
