  0.0000000000E+00
  0.1500000000E+01
  0.3750000000E+01
  0.7125000000E+01
  0.1218750000E+02
  0.1556250000E+02
  0.1781250000E+02
  0.2006250000E+02
  0.2231250000E+02
  0.2456250000E+02
  0.2681250000E+02
  0.2906250000E+02
  0.3131250000E+02
  0.3356250000E+02
  0.3581250000E+02
  0.3806250000E+02
  0.4031250000E+02
  0.4256250000E+02
  0.4481250000E+02
  0.4706250000E+02
  0.4931250000E+02
  0.5156250000E+02
  0.5381250000E+02
  0.5606250000E+02
  0.5831250000E+02
  0.6056250000E+02
  0.6281250000E+02
  0.6506250000E+02
  0.6731250000E+02
  0.6956250000E+02
  0.7181250000E+02
  0.7406250000E+02
  0.7743750000E+02
  0.8081250000E+02
  0.8306250000E+02
  0.8643750000E+02
  0.8981250000E+02
  0.9318750000E+02
  0.9656250000E+02
  0.9993750000E+02
  0.1033125000E+03
  0.1066875000E+03
  0.1100625000E+03
  0.1134375000E+03
  0.1168125000E+03
  0.1201875000E+03
  0.1235625000E+03
  0.1269375000E+03
  0.1303125000E+03
  0.1336875000E+03
  0.1370625000E+03
  0.1404375000E+03
  0.1438125000E+03
  0.1471875000E+03
  0.1505625000E+03
  0.1539375000E+03
  0.1573125000E+03
  0.1606875000E+03
  0.1640625000E+03
  0.1674375000E+03
  0.1708125000E+03
  0.1741875000E+03
  0.1775625000E+03
  0.1809375000E+03
  0.1843125000E+03
  0.1876875000E+03
  0.1910625000E+03
  0.1944375000E+03
  0.1978125000E+03
  0.2011875000E+03
  0.2045625000E+03
  0.2079375000E+03
  0.2113125000E+03
  0.2146875000E+03
  0.2180625000E+03
  0.2214375000E+03
  0.2248125000E+03
  0.2281875000E+03
  0.2315625000E+03
  0.2349375000E+03
  0.2383125000E+03
  0.2416875000E+03
  0.2450625000E+03
  0.2484375000E+03
  0.2518125000E+03
  0.2551875000E+03
  0.2585625000E+03
  0.2619375000E+03
  0.2653125000E+03
  0.2686875000E+03
  0.2720625000E+03
  0.2754375000E+03
  0.2788125000E+03
  0.2821875000E+03
  0.2855625000E+03
  0.2889375000E+03
  0.2923125000E+03
  0.2956875000E+03
  0.2990625000E+03
  0.3024375000E+03
  0.3058125000E+03
  0.3091875000E+03
  0.3125625000E+03
  0.3159375000E+03
  0.3193125000E+03
  0.3226875000E+03
  0.3260625000E+03
  0.3294375000E+03
  0.3328125000E+03
  0.3361875000E+03
  0.3395625000E+03
  0.3429375000E+03
  0.3463125000E+03
  0.3496875000E+03
  0.3530625000E+03
  0.3564375000E+03
  0.3598125000E+03
  0.3631875000E+03
  0.3665625000E+03
  0.3699375000E+03
  0.3733125000E+03
  0.3766875000E+03
  0.3800625000E+03
  0.3834375000E+03
  0.3868125000E+03
  0.3901875000E+03
  0.3935625000E+03
  0.3969375000E+03
  0.4003125000E+03
  0.4036875000E+03
  0.4070625000E+03
  0.4104375000E+03
  0.4138125000E+03
  0.4171875000E+03
  0.4205625000E+03
  0.4239375000E+03
  0.4273125000E+03
  0.4306875000E+03
  0.4340625000E+03
  0.4374375000E+03
  0.4408125000E+03
  0.4441875000E+03
  0.4475625000E+03
  0.4509375000E+03
  0.4543125000E+03
  0.4576875000E+03
  0.4610625000E+03
  0.4644375000E+03
  0.4678125000E+03
  0.4711875000E+03
  0.4745625000E+03
  0.4779375000E+03
  0.4813125000E+03
  0.4846875000E+03
  0.4880625000E+03
  0.4914375000E+03
  0.4948125000E+03
  0.4981875000E+03
  0.5015625000E+03
  0.5049375000E+03
  0.5083125000E+03
  0.5116875000E+03
  0.5150625000E+03
  0.5184375000E+03
  0.5218125000E+03
  0.5251875000E+03
  0.5285625000E+03
  0.5319375000E+03
  0.5353125000E+03
  0.5386875000E+03
  0.5420625000E+03
  0.5454375000E+03
  0.5488125000E+03
  0.5521875000E+03
  0.5555625000E+03
  0.5589375000E+03
  0.5623125000E+03
  0.5656875000E+03
  0.5690625000E+03
  0.5724375000E+03
  0.5758125000E+03
  0.5791875000E+03
  0.5825625000E+03
  0.5859375000E+03
  0.5893125000E+03
  0.5926875000E+03
  0.5960625000E+03
  0.5994375000E+03
  0.6028125000E+03
  0.6061875000E+03
  0.6095625000E+03
  0.6129375000E+03
  0.6163125000E+03
  0.6196875000E+03
  0.6230625000E+03
  0.6264375000E+03
  0.6298125000E+03
  0.6331875000E+03
  0.6365625000E+03
  0.6399375000E+03
  0.6433125000E+03
  0.6466875000E+03
  0.6500625000E+03
  0.6534375000E+03
  0.6568125000E+03
  0.6601875000E+03
  0.6635625000E+03
  0.6669375000E+03
  0.6703125000E+03
  0.6736875000E+03
  0.6770625000E+03
  0.6804375000E+03
  0.6838125000E+03
  0.6871875000E+03
  0.6905625000E+03
  0.6939375000E+03
  0.6973125000E+03
  0.7006875000E+03
  0.7040625000E+03
  0.7074375000E+03
  0.7108125000E+03
  0.7141875000E+03
  0.7175625000E+03
  0.7209375000E+03
  0.7243125000E+03
  0.7276875000E+03
  0.7310625000E+03
  0.7344375000E+03
  0.7378125000E+03
  0.7411875000E+03
  0.7445625000E+03
  0.7479375000E+03
  0.7513125000E+03
  0.7546875000E+03
  0.7580625000E+03
  0.7614375000E+03
  0.7648125000E+03
  0.7681875000E+03
  0.7715625000E+03
  0.7749375000E+03
  0.7783125000E+03
  0.7816875000E+03
  0.7850625000E+03
  0.7884375000E+03
  0.7918125000E+03
  0.7951875000E+03
  0.7985625000E+03
  0.8019375000E+03
  0.8053125000E+03
  0.8086875000E+03
  0.8120625000E+03
  0.8154375000E+03
  0.8188125000E+03
  0.8221875000E+03
  0.8255625000E+03
  0.8289375000E+03
  0.8323125000E+03
  0.8356875000E+03
  0.8390625000E+03
  0.8424375000E+03
  0.8458125000E+03
  0.8491875000E+03
  0.8525625000E+03
  0.8559375000E+03
  0.8593125000E+03
  0.8626875000E+03
  0.8660625000E+03
  0.8694375000E+03
  0.8728125000E+03
  0.8761875000E+03
  0.8795625000E+03
  0.8829375000E+03
  0.8863125000E+03
  0.8896875000E+03
  0.8930625000E+03
  0.8964375000E+03
  0.8998125000E+03
  0.9031875000E+03
  0.9065625000E+03
  0.9099375000E+03
  0.9133125000E+03
  0.9166875000E+03
  0.9200625000E+03
  0.9234375000E+03
  0.9268125000E+03
  0.9301875000E+03
  0.9335625000E+03
  0.9369375000E+03
  0.9403125000E+03
  0.9436875000E+03
  0.9470625000E+03
  0.9504375000E+03
  0.9538125000E+03
  0.9571875000E+03
  0.9605625000E+03
  0.9639375000E+03
  0.9673125000E+03
  0.9706875000E+03
  0.9740625000E+03
