  0.3997758597E+00
  0.2953738071E+00
  0.1919918877E+00
  0.9628303602E-01
  0.5290237714E-01
  0.8478983674E-01
  0.1053394962E+00
  0.1318645973E+00
  0.1637255466E+00
  0.1831081023E+00
  0.1721855197E+00
  0.1375210040E+00
  0.9806429418E-01
  0.6537356916E-01
  0.4878347090E-01
  0.3615259643E-01
  0.2544943408E-01
  0.1726666533E-01
  0.1309155558E-01
  0.1130053845E-01
  0.1079568013E-01
  0.1011273257E-01
  0.9287287499E-02
  0.8331311939E-02
  0.7251794770E-02
  0.6100340547E-02
  0.4985272962E-02
  0.4008327988E-02
  0.3211859661E-02
  0.2586629473E-02
  0.2101217997E-02
  0.1924463287E-02
  0.1663695511E-02
  0.1444463300E-02
  0.1275188803E-02
  0.1202829330E-02
  0.1165660087E-02
  0.1159929289E-02
  0.1178575392E-02
  0.1218786940E-02
  0.1285466472E-02
  0.1387832586E-02
  0.1536497173E-02
  0.1741628800E-02
  0.2007391983E-02
  0.2313695999E-02
  0.2575308464E-02
  0.2609956414E-02
  0.3410507737E-02
  0.5276552724E-02
  0.6814038300E-02
  0.6442441347E-02
  0.4547824432E-02
  0.2630526189E-02
  0.1377892907E-02
  0.9868118654E-03
  0.7775362931E-03
  0.6102156146E-03
  0.4884267296E-03
  0.4001668529E-03
  0.3328507580E-03
  0.2791556037E-03
  0.2351382490E-03
  0.1985717377E-03
  0.1680386052E-03
  0.1425097165E-03
  0.1211655401E-03
  0.1351622217E-03
  0.1811410859E-03
  0.2360463974E-03
  0.2835391937E-03
  0.2987173524E-03
  0.2710219150E-03
  0.2152387409E-03
  0.1546498513E-03
  0.1318893691E-03
  0.1107617780E-03
  0.8913449662E-04
  0.7366916916E-04
  0.9376504169E-04
  0.1196697315E-03
  0.1477394390E-03
  0.1656345676E-03
  0.1584134906E-03
  0.1269484626E-03
  0.8786309767E-04
  0.5526504265E-04
  0.3321818490E-04
  0.1986791998E-04
  0.1215134852E-04
  0.8950051096E-05
  0.8646034751E-05
  0.8348072894E-05
  0.8056442923E-05
  0.7771888418E-05
  0.7495096929E-05
  0.7226583538E-05
  0.6966688259E-05
  0.6715600151E-05
  0.6473384856E-05
  0.6240009792E-05
  0.6015365878E-05
  0.5799285775E-05
  0.5591558979E-05
  0.5391944061E-05
  0.5200178624E-05
  0.5015987028E-05
  0.4839086756E-05
  0.4669193043E-05
  0.4506022621E-05
  0.4349101324E-05
  0.4198560012E-05
  0.4053912901E-05
  0.3914916534E-05
  0.3781323930E-05
  0.3652899619E-05
  0.3529417375E-05
  0.3410659480E-05
  0.3296417627E-05
  0.3186493331E-05
  0.3080697709E-05
  0.2978851077E-05
  0.2880783542E-05
  0.2786328264E-05
  0.2695337739E-05
  0.2607660630E-05
  0.2523156460E-05
  0.2441692305E-05
  0.2363141773E-05
  0.2287384562E-05
  0.2214284632E-05
  0.2143794971E-05
  0.2075755828E-05
  0.2010080393E-05
  0.1946677105E-05
  0.1885456602E-05
  0.1826333248E-05
  0.1769225292E-05
  0.1714054727E-05
  0.1660747126E-05
  0.1609231303E-05
  0.1559439461E-05
  0.1511306569E-05
  0.1464770662E-05
  0.1419772374E-05
  0.1376254911E-05
  0.1334163926E-05
  0.1293447378E-05
  0.1254055435E-05
  0.1215940342E-05
  0.1179056335E-05
  0.1143359532E-05
  0.1108807851E-05
  0.1075360923E-05
  0.1042980003E-05
  0.1011627898E-05
  0.9812688950E-06
  0.9518686904E-06
  0.9233943236E-06
  0.8958141227E-06
  0.8690976314E-06
  0.8432155758E-06
  0.8181397875E-06
  0.7938431743E-06
  0.7702996583E-06
  0.7474841454E-06
  0.7253724696E-06
  0.7039413616E-06
  0.6831678671E-06
  0.6630315301E-06
  0.6435109324E-06
  0.6245860377E-06
  0.6062374957E-06
  0.5884466734E-06
  0.5711955771E-06
  0.5544668663E-06
  0.5382438082E-06
  0.5225102553E-06
  0.5072506278E-06
  0.4924498789E-06
  0.4780934899E-06
  0.4641674358E-06
  0.4506581707E-06
  0.4375526147E-06
  0.4248381297E-06
  0.4125025045E-06
  0.4005339378E-06
  0.3889210275E-06
  0.3776527474E-06
  0.3667184385E-06
  0.3561077988E-06
  0.3458108629E-06
  0.3358179921E-06
  0.3261198686E-06
  0.3167074721E-06
  0.3075720824E-06
  0.2987052572E-06
  0.2900988271E-06
  0.2817448894E-06
  0.2736357940E-06
  0.2657641354E-06
  0.2581227417E-06
  0.2507046718E-06
  0.2435032104E-06
  0.2365118412E-06
  0.2297242676E-06
  0.2231343831E-06
  0.2167362759E-06
  0.2105242156E-06
  0.2044926588E-06
  0.1986362260E-06
  0.1929497103E-06
  0.1874280643E-06
  0.1820663983E-06
  0.1768599713E-06
  0.1718041885E-06
  0.1668946015E-06
  0.1621268881E-06
  0.1574968715E-06
  0.1530004909E-06
  0.1486338159E-06
  0.1443930351E-06
  0.1402744503E-06
  0.1362744761E-06
  0.1323896394E-06
  0.1286165672E-06
  0.1249519905E-06
  0.1213927391E-06
  0.1179357382E-06
  0.1145780051E-06
  0.1113166427E-06
  0.1081488484E-06
  0.1050718966E-06
  0.1020831473E-06
  0.9918003639E-07
  0.9636007690E-07
  0.9362085717E-07
  0.9096003638E-07
  0.8837534195E-07
  0.8586456937E-07
  0.8342558085E-07
  0.8105629927E-07
  0.7875471075E-07
  0.7651885951E-07
  0.7434684796E-07
  0.7223683471E-07
  0.7018703159E-07
  0.6819570592E-07
  0.6626116921E-07
  0.6438178689E-07
  0.6255597783E-07
  0.6078219532E-07
  0.5905894620E-07
  0.5738477647E-07
  0.5575827941E-07
  0.5417808608E-07
  0.5264286640E-07
  0.5115132875E-07
  0.4970222662E-07
  0.4829433894E-07
  0.4692648591E-07
  0.4559752287E-07
  0.4430633562E-07
  0.4305184070E-07
  0.4183299345E-07
  0.4064877081E-07
  0.3949818413E-07
  0.3838027240E-07
  0.3729410204E-07
  0.3623876759E-07
  0.3521338742E-07
  0.3421710682E-07
  0.3324909546E-07
  0.3230854551E-07
  0.3139467766E-07
  0.3050672990E-07
  0.2964396269E-07
  0.2880565767E-07
  0.2799111896E-07
  0.2719967092E-07
  0.2643065437E-07
  0.2568342931E-07
  0.2495738166E-07
  0.2425190186E-07
  0.2356640897E-07
  0.2290033340E-07
  0.2225312290E-07
  0.2162424178E-07
  0.2101316798E-07
  0.2041939541E-07
  0.1984243479E-07
  0.1928180616E-07
  0.1873704618E-07
  0.1820770450E-07
  0.1769334312E-07
  0.1719353744E-07
  0.1670787353E-07
  0.1623595037E-07
