  0.3956733050E+00
  0.2995417998E+00
  0.2103084475E+00
  0.1211089495E+00
  0.7721928488E-01
  0.5392285706E-01
  0.5275875786E-01
  0.6328456780E-01
  0.8107908282E-01
  0.1014076779E+00
  0.1137635920E+00
  0.1078297606E+00
  0.8796644948E-01
  0.6600991006E-01
  0.4832752294E-01
  0.3537417546E-01
  0.2576267398E-01
  0.1883303346E-01
  0.1413138110E-01
  0.1104471258E-01
  0.8985774580E-02
  0.7506378182E-02
  0.6334923073E-02
  0.5341113101E-02
  0.4475779360E-02
  0.3730613302E-02
  0.3120557700E-02
  0.2649374100E-02
  0.2291749453E-02
  0.2014040956E-02
  0.1789667994E-02
  0.1500610053E-02
  0.1234030001E-02
  0.1079591322E-02
  0.9143131062E-03
  0.8038173142E-03
  0.7318503560E-03
  0.6863480285E-03
  0.6564185306E-03
  0.6376080331E-03
  0.6358873919E-03
  0.6603430832E-03
  0.7181518070E-03
  0.8157637099E-03
  0.9591975229E-03
  0.1148044972E-02
  0.1358440868E-02
  0.1531329302E-02
  0.1653619997E-02
  0.1874147123E-02
  0.2105600514E-02
  0.1927560621E-02
  0.1428933147E-02
  0.9819333751E-03
  0.7071544987E-03
  0.5422794958E-03
  0.4272215462E-03
  0.3354456720E-03
  0.2607389839E-03
  0.2067321387E-03
  0.1688834318E-03
  0.1402057757E-03
  0.1177274052E-03
  0.1002138488E-03
  0.8723680486E-04
  0.7908257155E-04
  0.7689945794E-04
  0.8254042932E-04
  0.9734425981E-04
  0.1194683965E-03
  0.1409689395E-03
  0.1501392077E-03
  0.1415972169E-03
  0.1208903418E-03
  0.9728243588E-04
  0.7680910363E-04
  0.6171714576E-04
  0.5260102222E-04
  0.4987386895E-04
  0.5380678234E-04
  0.6371504253E-04
  0.7652936686E-04
  0.8483943164E-04
  0.8026857369E-04
  0.6331844192E-04
  0.4296604090E-04
  0.2656250891E-04
  0.1602198970E-04
  0.1021429288E-04
  0.7378531365E-05
  0.6075999365E-05
  0.5436042702E-05
  0.5058211057E-05
  0.4787816756E-05
  0.4567559304E-05
  0.4374964792E-05
  0.4200153109E-05
  0.4038171369E-05
  0.3886229431E-05
  0.3742607684E-05
  0.3606172010E-05
  0.3476131877E-05
  0.3351907909E-05
  0.3233054682E-05
  0.3119213936E-05
  0.3010085618E-05
  0.2905409680E-05
  0.2804954603E-05
  0.2708510023E-05
  0.2615882011E-05
  0.2526788548E-05
  0.2441246224E-05
  0.2359023903E-05
  0.2279963505E-05
  0.2203920025E-05
  0.2130757016E-05
  0.2060346276E-05
  0.1992565854E-05
  0.1927300096E-05
  0.1864439336E-05
  0.1803879536E-05
  0.1745521954E-05
  0.1689269757E-05
  0.1635042045E-05
  0.1582747561E-05
  0.1532306941E-05
  0.1483644017E-05
  0.1436686162E-05
  0.1391364227E-05
  0.1347612382E-05
  0.1305373366E-05
  0.1264574357E-05
  0.1225167388E-05
  0.1187097425E-05
  0.1150312419E-05
  0.1114762884E-05
  0.1080401647E-05
  0.1047183683E-05
  0.1015065991E-05
  0.9840074596E-06
  0.9539688416E-06
  0.9249125228E-06
  0.8968025779E-06
  0.8696045726E-06
  0.8432855543E-06
  0.8178139536E-06
  0.7931595193E-06
  0.7692932517E-06
  0.7461873430E-06
  0.7238151165E-06
  0.7021509743E-06
  0.6811703439E-06
  0.6608496316E-06
  0.6411661748E-06
  0.6220981996E-06
  0.6036247785E-06
  0.5857257932E-06
  0.5683818965E-06
  0.5515744784E-06
  0.5352856331E-06
  0.5194981269E-06
  0.5041953711E-06
  0.4893613899E-06
  0.4749807988E-06
  0.4610387739E-06
  0.4475210336E-06
  0.4344138116E-06
  0.4217038372E-06
  0.4093779181E-06
  0.3974246505E-06
  0.3858315254E-06
  0.3745870902E-06
  0.3636802776E-06
  0.3531003920E-06
  0.3428371120E-06
  0.3328804686E-06
  0.3232208341E-06
  0.3138489078E-06
  0.3047557067E-06
  0.2959325494E-06
  0.2873710486E-06
  0.2790630979E-06
  0.2710008598E-06
  0.2631767589E-06
  0.2555834707E-06
  0.2482139122E-06
  0.2410612317E-06
  0.2341188037E-06
  0.2273802176E-06
  0.2208392713E-06
  0.2144899630E-06
  0.2083264859E-06
  0.2023432181E-06
  0.1965347197E-06
  0.1908957230E-06
  0.1854211294E-06
  0.1801060013E-06
  0.1749455571E-06
  0.1699351670E-06
  0.1650703469E-06
  0.1603467530E-06
  0.1557601766E-06
  0.1513065421E-06
  0.1469819002E-06
  0.1427824231E-06
  0.1387044030E-06
  0.1347442463E-06
  0.1308984698E-06
  0.1271636974E-06
  0.1235366579E-06
  0.1200141785E-06
  0.1165931844E-06
  0.1132706945E-06
  0.1100438180E-06
  0.1069097526E-06
  0.1038657798E-06
  0.1009092652E-06
  0.9803765146E-07
  0.9524846118E-07
  0.9253928912E-07
  0.8990780344E-07
  0.8735174271E-07
  0.8486891227E-07
  0.8245718284E-07
  0.8011449030E-07
  0.7783883075E-07
  0.7562825976E-07
  0.7348089176E-07
  0.7139489697E-07
  0.6936849876E-07
  0.6739997378E-07
  0.6548765027E-07
  0.6362990497E-07
  0.6182516314E-07
  0.6007189544E-07
  0.5836861856E-07
  0.5671389244E-07
  0.5510631939E-07
  0.5354454254E-07
  0.5202724448E-07
  0.5055314714E-07
  0.4912100966E-07
  0.4772962658E-07
  0.4637782836E-07
  0.4506447968E-07
  0.4378847802E-07
  0.4254875277E-07
  0.4134426532E-07
  0.4017400585E-07
  0.3903699434E-07
  0.3793228076E-07
  0.3685894062E-07
  0.3581607676E-07
  0.3480281817E-07
  0.3381831935E-07
  0.3286175915E-07
  0.3193233946E-07
  0.3102928535E-07
  0.3015184583E-07
  0.2929928908E-07
  0.2847090630E-07
  0.2766600854E-07
  0.2688392578E-07
  0.2612400872E-07
  0.2538562632E-07
  0.2466816475E-07
  0.2397102894E-07
  0.2329364036E-07
  0.2263543706E-07
  0.2199587381E-07
  0.2137442005E-07
  0.2077056107E-07
  0.2018379678E-07
  0.1961364075E-07
  0.1905962252E-07
  0.1852128275E-07
  0.1799817650E-07
  0.1748987059E-07
  0.1699594555E-07
  0.1651599300E-07
  0.1604961627E-07
  0.1559642991E-07
  0.1515606059E-07
  0.1472814400E-07
  0.1431232708E-07
  0.1390826702E-07
  0.1351563059E-07
  0.1313409361E-07
  0.1276334141E-07
  0.1240306877E-07
  0.1205297851E-07
  0.1171278237E-07
  0.1138219953E-07
  0.1106095863E-07
  0.1074879406E-07
  0.1044544966E-07
  0.1015067537E-07
  0.9864228603E-08
