   0.3482750298E+01
   0.1914088943E+01
   0.9158321874E+00
   0.4278013738E+00
   0.2630345382E+00
   0.2243939772E+00
   0.2100785215E+00
   0.2014375373E+00
   0.1957465586E+00
   0.1915386062E+00
   0.1879205432E+00
   0.1843944444E+00
   0.1808341314E+00
   0.1773995455E+00
   0.1743235157E+00
   0.1717484397E+00
   0.1697233187E+00
   0.1682437904E+00
   0.1672123046E+00
   0.1664856438E+00
   0.1659577278E+00
   0.1655646200E+00
   0.1652653364E+00
   0.1650326510E+00
   0.1648486926E+00
   0.1647019914E+00
   0.1645849644E+00
   0.1644914176E+00
   0.1644156623E+00
   0.1643526130E+00
   0.1642984966E+00
   0.1642506943E+00
   0.1641920491E+00
   0.1641458675E+00
   0.1641207885E+00
   0.1640956585E+00
   0.1640784307E+00
   0.1640659451E+00
   0.1640555377E+00
   0.1640458849E+00
   0.1640371362E+00
   0.1640298579E+00
   0.1640239977E+00
   0.1640188214E+00
   0.1640132417E+00
   0.1640059009E+00
   0.1639950112E+00
   0.1639782747E+00
   0.1639535831E+00
   0.1639212133E+00
   0.1638837169E+00
   0.1638405721E+00
   0.1637922407E+00
   0.1637460347E+00
   0.1637088067E+00
   0.1636827882E+00
   0.1636667526E+00
   0.1636577360E+00
   0.1636530731E+00
   0.1636509886E+00
   0.1636499878E+00
   0.1636493263E+00
   0.1636487944E+00
   0.1636483385E+00
   0.1636479347E+00
   0.1636475627E+00
   0.1636472008E+00
   0.1636468208E+00
   0.1636463807E+00
   0.1636458160E+00
   0.1636450468E+00
   0.1636440376E+00
   0.1636428950E+00
   0.1636418411E+00
   0.1636410329E+00
   0.1636404759E+00
   0.1636400936E+00
   0.1636398070E+00
   0.1636395591E+00
   0.1636393058E+00
   0.1636389996E+00
   0.1636385696E+00
   0.1636379082E+00
   0.1636369132E+00
   0.1636356332E+00
   0.1636343341E+00
   0.1636332951E+00
   0.1636326109E+00
   0.1636322190E+00
   0.1636320126E+00
   0.1636319068E+00
   0.1636318501E+00
   0.1636318159E+00
   0.1636317919E+00
   0.1636317725E+00
   0.1636317554E+00
   0.1636317397E+00
   0.1636317250E+00
   0.1636317111E+00
   0.1636316979E+00
   0.1636316854E+00
   0.1636316734E+00
   0.1636316620E+00
   0.1636316512E+00
   0.1636316408E+00
   0.1636316309E+00
   0.1636316215E+00
   0.1636316126E+00
   0.1636316040E+00
   0.1636315958E+00
   0.1636315880E+00
   0.1636315805E+00
   0.1636315734E+00
   0.1636315666E+00
   0.1636315601E+00
   0.1636315539E+00
   0.1636315480E+00
   0.1636315423E+00
   0.1636315369E+00
   0.1636315317E+00
   0.1636315267E+00
   0.1636315219E+00
   0.1636315174E+00
   0.1636315130E+00
   0.1636315088E+00
   0.1636315048E+00
   0.1636315009E+00
   0.1636314972E+00
   0.1636314937E+00
   0.1636314903E+00
   0.1636314870E+00
   0.1636314839E+00
   0.1636314809E+00
   0.1636314780E+00
   0.1636314752E+00
   0.1636314726E+00
   0.1636314700E+00
   0.1636314675E+00
   0.1636314652E+00
   0.1636314629E+00
   0.1636314607E+00
   0.1636314586E+00
   0.1636314566E+00
   0.1636314546E+00
   0.1636314527E+00
   0.1636314509E+00
   0.1636314492E+00
   0.1636314475E+00
   0.1636314459E+00
   0.1636314443E+00
   0.1636314428E+00
   0.1636314413E+00
   0.1636314400E+00
   0.1636314386E+00
   0.1636314373E+00
   0.1636314360E+00
   0.1636314348E+00
   0.1636314337E+00
   0.1636314325E+00
   0.1636314314E+00
   0.1636314304E+00
   0.1636314294E+00
   0.1636314284E+00
   0.1636314274E+00
   0.1636314265E+00
   0.1636314256E+00
   0.1636314248E+00
   0.1636314240E+00
   0.1636314232E+00
   0.1636314224E+00
   0.1636314216E+00
   0.1636314209E+00
   0.1636314202E+00
   0.1636314195E+00
   0.1636314189E+00
   0.1636314182E+00
   0.1636314176E+00
   0.1636314170E+00
   0.1636314165E+00
   0.1636314159E+00
   0.1636314154E+00
   0.1636314148E+00
   0.1636314143E+00
   0.1636314139E+00
   0.1636314134E+00
   0.1636314129E+00
   0.1636314125E+00
   0.1636314120E+00
   0.1636314116E+00
   0.1636314112E+00
   0.1636314108E+00
   0.1636314105E+00
   0.1636314101E+00
   0.1636314097E+00
   0.1636314094E+00
   0.1636314091E+00
   0.1636314087E+00
   0.1636314084E+00
   0.1636314081E+00
   0.1636314078E+00
   0.1636314075E+00
   0.1636314072E+00
   0.1636314070E+00
   0.1636314067E+00
   0.1636314065E+00
   0.1636314062E+00
   0.1636314060E+00
   0.1636314057E+00
   0.1636314055E+00
   0.1636314053E+00
   0.1636314051E+00
   0.1636314049E+00
   0.1636314047E+00
   0.1636314045E+00
   0.1636314043E+00
   0.1636314041E+00
   0.1636314040E+00
   0.1636314038E+00
   0.1636314036E+00
   0.1636314035E+00
   0.1636314033E+00
   0.1636314031E+00
   0.1636314030E+00
   0.1636314029E+00
   0.1636314027E+00
   0.1636314026E+00
   0.1636314025E+00
   0.1636314023E+00
   0.1636314022E+00
   0.1636314021E+00
   0.1636314020E+00
   0.1636314019E+00
   0.1636314017E+00
   0.1636314016E+00
   0.1636314015E+00
   0.1636314014E+00
   0.1636314013E+00
   0.1636314012E+00
   0.1636314012E+00
   0.1636314011E+00
   0.1636314010E+00
   0.1636314009E+00
   0.1636314008E+00
   0.1636314007E+00
   0.1636314007E+00
   0.1636314006E+00
   0.1636314005E+00
   0.1636314004E+00
   0.1636314004E+00
   0.1636314003E+00
   0.1636314002E+00
   0.1636314002E+00
   0.1636314001E+00
   0.1636314001E+00
   0.1636314000E+00
   0.1636313999E+00
   0.1636313999E+00
   0.1636313998E+00
   0.1636313998E+00
   0.1636313997E+00
   0.1636313997E+00
   0.1636313996E+00
   0.1636313996E+00
   0.1636313995E+00
   0.1636313995E+00
   0.1636313995E+00
   0.1636313994E+00
   0.1636313994E+00
   0.1636313993E+00
   0.1636313993E+00
   0.1636313993E+00
   0.1636313992E+00
   0.1636313992E+00
   0.1636313992E+00
   0.1636313991E+00
   0.1636313991E+00
   0.1636313991E+00
   0.1636313990E+00
   0.1636313990E+00
   0.1636313990E+00
   0.1636313990E+00
   0.1636313989E+00
   0.1636313989E+00
   0.1636313989E+00
   0.1636313989E+00
   0.1636313988E+00
   0.1636313988E+00
   0.1636313988E+00
   0.1636313988E+00
   0.1636313988E+00
   0.1636313987E+00
   0.1636313987E+00
   0.1636313987E+00
   0.1636313987E+00
   0.1636313987E+00
   0.1636313986E+00
   0.1636313986E+00
   0.1636313986E+00
   0.1636313986E+00
