   0.3481191625E+01
   0.1910296612E+01
   0.9046339746E+00
   0.3940176756E+00
   0.1970719173E+00
   0.1482897501E+00
   0.1322671290E+00
   0.1239833929E+00
   0.1191921470E+00
   0.1160288500E+00
   0.1135759663E+00
   0.1113524046E+00
   0.1091642285E+00
   0.1070312652E+00
   0.1050674224E+00
   0.1033700513E+00
   0.1019901364E+00
   0.1009371326E+00
   0.1001690615E+00
   0.9961401185E-01
   0.9920637067E-01
   0.9890072836E-01
   0.9866677977E-01
   0.9848394034E-01
   0.9833876440E-01
   0.9822264092E-01
   0.9812963419E-01
   0.9805446453E-01
   0.9799274758E-01
   0.9794077262E-01
   0.9789575600E-01
   0.9785581170E-01
   0.9780692755E-01
   0.9776624224E-01
   0.9774261677E-01
   0.9771813226E-01
   0.9770010270E-01
   0.9768635614E-01
   0.9767492790E-01
   0.9766466046E-01
   0.9765535361E-01
   0.9764719241E-01
   0.9764007212E-01
   0.9763345353E-01
   0.9762653059E-01
   0.9761833434E-01
   0.9760772549E-01
   0.9759342738E-01
   0.9757445782E-01
   0.9755124274E-01
   0.9752553982E-01
   0.9749748238E-01
   0.9746702805E-01
   0.9743766178E-01
   0.9741323264E-01
   0.9739525254E-01
   0.9738324414E-01
   0.9737570592E-01
   0.9737114225E-01
   0.9736878035E-01
   0.9736781255E-01
   0.9736727884E-01
   0.9736686107E-01
   0.9736647721E-01
   0.9736610785E-01
   0.9736574578E-01
   0.9736538281E-01
   0.9736500506E-01
   0.9736458852E-01
   0.9736409345E-01
   0.9736346474E-01
   0.9736266036E-01
   0.9736171088E-01
   0.9736073253E-01
   0.9735984648E-01
   0.9735910636E-01
   0.9735850219E-01
   0.9735799601E-01
   0.9735754490E-01
   0.9735710639E-01
   0.9735663465E-01
   0.9735607406E-01
   0.9735536038E-01
   0.9735445238E-01
   0.9735340089E-01
   0.9735236901E-01
   0.9735152776E-01
   0.9735094548E-01
   0.9735058910E-01
   0.9735038672E-01
   0.9735027406E-01
   0.9735020850E-01
   0.9735016620E-01
   0.9735013515E-01
   0.9735010970E-01
   0.9735008728E-01
   0.9735006674E-01
   0.9735004755E-01
   0.9735002947E-01
   0.9735001233E-01
   0.9734999607E-01
   0.9734998061E-01
   0.9734996589E-01
   0.9734995188E-01
   0.9734993853E-01
   0.9734992581E-01
   0.9734991367E-01
   0.9734990210E-01
   0.9734989105E-01
   0.9734988051E-01
   0.9734987044E-01
   0.9734986079E-01
   0.9734985160E-01
   0.9734984283E-01
   0.9734983445E-01
   0.9734982643E-01
   0.9734981875E-01
   0.9734981141E-01
   0.9734980438E-01
   0.9734979765E-01
   0.9734979120E-01
   0.9734978503E-01
   0.9734977911E-01
   0.9734977344E-01
   0.9734976800E-01
   0.9734976279E-01
   0.9734975780E-01
   0.9734975300E-01
   0.9734974840E-01
   0.9734974399E-01
   0.9734973975E-01
   0.9734973569E-01
   0.9734973178E-01
   0.9734972803E-01
   0.9734972442E-01
   0.9734972096E-01
   0.9734971762E-01
   0.9734971442E-01
   0.9734971134E-01
   0.9734970837E-01
   0.9734970552E-01
   0.9734970278E-01
   0.9734970014E-01
   0.9734969759E-01
   0.9734969515E-01
   0.9734969279E-01
   0.9734969052E-01
   0.9734968833E-01
   0.9734968622E-01
   0.9734968418E-01
   0.9734968222E-01
   0.9734968033E-01
   0.9734967851E-01
   0.9734967675E-01
   0.9734967506E-01
   0.9734967342E-01
   0.9734967184E-01
   0.9734967032E-01
   0.9734966884E-01
   0.9734966742E-01
   0.9734966605E-01
   0.9734966473E-01
   0.9734966345E-01
   0.9734966221E-01
   0.9734966101E-01
   0.9734965986E-01
   0.9734965874E-01
   0.9734965766E-01
   0.9734965662E-01
   0.9734965561E-01
   0.9734965464E-01
   0.9734965370E-01
   0.9734965278E-01
   0.9734965190E-01
   0.9734965105E-01
   0.9734965022E-01
   0.9734964942E-01
   0.9734964865E-01
   0.9734964790E-01
   0.9734964718E-01
   0.9734964648E-01
   0.9734964580E-01
   0.9734964514E-01
   0.9734964450E-01
   0.9734964389E-01
   0.9734964329E-01
   0.9734964271E-01
   0.9734964215E-01
   0.9734964161E-01
   0.9734964108E-01
   0.9734964057E-01
   0.9734964008E-01
   0.9734963960E-01
   0.9734963914E-01
   0.9734963869E-01
   0.9734963826E-01
   0.9734963783E-01
   0.9734963743E-01
   0.9734963703E-01
   0.9734963664E-01
   0.9734963627E-01
   0.9734963591E-01
   0.9734963556E-01
   0.9734963522E-01
   0.9734963489E-01
   0.9734963457E-01
   0.9734963426E-01
   0.9734963396E-01
   0.9734963367E-01
   0.9734963339E-01
   0.9734963311E-01
   0.9734963285E-01
   0.9734963259E-01
   0.9734963234E-01
   0.9734963210E-01
   0.9734963186E-01
   0.9734963163E-01
   0.9734963141E-01
   0.9734963120E-01
   0.9734963099E-01
   0.9734963079E-01
   0.9734963059E-01
   0.9734963040E-01
   0.9734963021E-01
   0.9734963003E-01
   0.9734962986E-01
   0.9734962969E-01
   0.9734962952E-01
   0.9734962936E-01
   0.9734962921E-01
   0.9734962906E-01
   0.9734962891E-01
   0.9734962877E-01
   0.9734962863E-01
   0.9734962850E-01
   0.9734962837E-01
   0.9734962825E-01
   0.9734962812E-01
   0.9734962800E-01
   0.9734962789E-01
   0.9734962778E-01
   0.9734962767E-01
   0.9734962756E-01
   0.9734962746E-01
   0.9734962736E-01
   0.9734962727E-01
   0.9734962717E-01
   0.9734962708E-01
   0.9734962699E-01
   0.9734962691E-01
   0.9734962682E-01
   0.9734962674E-01
   0.9734962666E-01
   0.9734962659E-01
   0.9734962651E-01
   0.9734962644E-01
   0.9734962637E-01
   0.9734962630E-01
   0.9734962624E-01
   0.9734962617E-01
   0.9734962611E-01
   0.9734962605E-01
   0.9734962599E-01
   0.9734962594E-01
   0.9734962588E-01
   0.9734962583E-01
   0.9734962577E-01
   0.9734962572E-01
   0.9734962567E-01
   0.9734962563E-01
   0.9734962558E-01
   0.9734962553E-01
   0.9734962549E-01
   0.9734962545E-01
   0.9734962541E-01
   0.9734962537E-01
   0.9734962533E-01
   0.9734962529E-01
   0.9734962525E-01
   0.9734962522E-01
   0.9734962518E-01
   0.9734962515E-01
   0.9734962511E-01
   0.9734962508E-01
   0.9734962505E-01
   0.9734962502E-01
   0.9734962499E-01
   0.9734962496E-01
   0.9734962494E-01
   0.9734962491E-01
   0.9734962488E-01
   0.9734962486E-01
   0.9734962483E-01
   0.9734962481E-01
   0.9734962479E-01
   0.9734962476E-01
   0.9734962474E-01
   0.9734962472E-01
   0.9734962470E-01
