1 4076 !  dim ndata
time    0.0 
1533 
9 0.29034115541297034
10 0.3104053719343369
11 0.3258173183974099
12 0.3088546152482391
25 0.22684816838250116
26 0.16434816838250116
27 0.21989267353000463
28 0.20369633676500226
45 0.5
46 0.5
47 0.5
48 0.5
53 0.40625
54 0.46875
55 0.4375
56 0.4375
77 0.5
78 0.5
79 0.5
80 0.5
81 0.15653801247361349
82 0.09490204989445389
83 0.12528801247361349
84 0.12557602494722692
89 0.12174479166666669
90 0.09049479166666669
91 0.14322916666666669
92 0.11848958333333331
97 0.031538012473613486
98 0.09403801247361349
99 0.06365204989445389
100 0.06307602494722692
109 0.23505136622277173
110 0.2835160262496461
111 0.2468746214609916
112 0.2551473379778031
141 0.5
142 0.5
143 0.5
144 0.5
209 0.08528645833333331
210 0.10091145833333331
211 0.13802083333333331
212 0.10807291666666669
257 0.03125
258 0.0625
259 0.09375
260 0.0625
349 0.5
350 0.5
351 0.5
352 0.5
353 0.38229727703835215
354 0.37332736025458535
355 0.41315902493717527
356 0.3895945540767043
365 0.18378046864713088
366 0.18051989713743
367 0.146396162618059
368 0.17023217613420666
369 0.010416666666666685
370 0.010416666666666685
371 0.041666666666666685
372 0.020833333333333315
373 0.010547499493920254
374 0.04218999797568096
375 0.010547499493920254
376 0.021094998987840452
377 0.057291666666666685
378 0.026041666666666685
379 0.07291666666666669
380 0.052083333333333315
381 0.46862058263294104
382 0.40612058263294104
383 0.43698233053176416
384 0.4372411652658821
385 0.15067629338250116
386 0.17216066838250116
387 0.20622079853000463
388 0.17635258676500226
437 0.11822023996246717
438 0.1545215848498686
439 0.15532961496246717
440 0.14269047992493428
533 0.28125
534 0.3125
535 0.34375
536 0.3125
537 0.29270835947098905
538 0.2949744607521455
539 0.24650980072527112
540 0.2780642069828019
541 0.10147210416777724
542 0.0918724006623845
543 0.07663989914414521
544 0.08999480132476895
545 0.18985394577609166
546 0.16555259342962292
547 0.13885095204761422
548 0.16475249708444295
601 0.07090665011684566
602 0.10844543159425424
603 0.10364006054869129
604 0.09433071408659705
625 0.5
626 0.5
627 0.5
628 0.5
629 0.11865005296965747
630 0.14535169435166617
631 0.10905034946426473
632 0.12435069892852946
633 0.5
634 0.5
635 0.5
636 0.5
637 0.35262344428831094
638 0.36159336107207773
639 0.33034336107207773
640 0.3481867221441556
641 0.25114267353000463
642 0.2893481683825011
643 0.2580981683825011
644 0.2661963367650023
645 0.3627639076097725
646 0.3528391702379209
647 0.33025144428243214
648 0.34861817404337514
649 0.38312184588981946
650 0.36976805120245804
651 0.3349894865939613
652 0.3626264612287463
657 0.21478817659192057
658 0.17947159911983052
659 0.17866356900723196
660 0.19097444823966098
661 0.22515444935403467
662 0.19109431920653114
663 0.2264108966786212
664 0.21421988841306233
709 0.061027458093780684
710 0.09376086852562632
711 0.06892866350199428
712 0.0745723300404671
713 0.09175628891652221
714 0.030476214365566523
715 0.060624782911310404
716 0.0609524287311331
717 0.026172499493920254
718 0.05781499797568096
719 0.07304749949392025
720 0.05234499898784045
721 0.04220255692531644
722 0.05010376233353003
723 0.018461263851769327
724 0.0369225277035386
725 0.007913764357849074
726 0.007913764357849074
727 0.03165505743139624
728 0.015827528715698147
729 0.040198091394325175
730 0.010049522848581294
731 0.010049522848581294
732 0.020099045697162587
733 0.21065638469707082
734 0.25463074839210387
735 0.23708479494223483
736 0.23412397601046986
737 0.19392976717040006
738 0.14292677344192262
739 0.18185587900685657
740 0.17290413987305975
741 0.028340455874834303
742 0.08962053042578999
743 0.05208174894838141
744 0.05668091174966855
745 0.13911852555670795
746 0.15140934889202562
747 0.17650283158577973
748 0.15567690201150447
749 0.259680247936141
750 0.22222899965628246
751 0.2594784668651057
752 0.2471292381525097
753 0.3714002211545352
754 0.41661046982544603
755 0.41205057130748857
756 0.4000204207624899
757 0.1893062826065628
758 0.16421279991280874
759 0.19033232963984031
760 0.1812838040530706
761 0.2645141934964864
762 0.2820748206161885
763 0.22380237370692702
764 0.25679712927320064
765 0.07298537608759187
766 0.02965740309710757
767 0.07530163939794604
768 0.0593148061942152
769 0.5
770 0.5
771 0.5
772 0.5
773 0.13233293692651404
774 0.16645667144588505
775 0.12752756588095115
776 0.14210572475111682
777 0.24617690169663292
778 0.20546508190707352
779 0.20872565341677435
780 0.2201225456734936
781 0.26145679261691945
782 0.2993546447301606
783 0.29966228746941603
784 0.28682457493883196
785 0.2263302846617985
786 0.21425639649825506
787 0.2725288434075165
788 0.23770517485585668
789 0.4351787619942874
790 0.42637939617615916
791 0.38654773149356914
792 0.416035296554672
793 0.3198241468256593
794 0.31951650408640386
795 0.3421042300418925
796 0.3271482936513186
797 0.21079602876499076
798 0.22261928400321063
799 0.18649467641852202
800 0.2066366630622411
801 0.2870382955541906
802 0.2491404434409495
803 0.25039689076553606
804 0.262191876586892
805 0.3229751561874047
806 0.3068680162363079
807 0.2893073891166059
808 0.3063835205134394
809 0.32876567837482795
810 0.34487281832592476
811 0.3768980376706862
812 0.35017884479047956
813 0.29521197404783994
814 0.3304863559612441
815 0.3288797411186387
816 0.3181926903759076
817 0.4428137995676825
818 0.4762135401234815
819 0.43825390104972506
820 0.452427080246963
821 0.3191965065806327
822 0.28392212466722866
823 0.28372034359619336
824 0.2956129916146848
825 0.4065844849703685
826 0.39635273931957127
827 0.36432751997480983
828 0.38908824808824993
829 0.35145586640204673
830 0.29729400073306544
831 0.3096015749420672
832 0.3194504806923931
833 0.47128299206723
834 0.42309160734267637
835 0.4333233529934736
836 0.4425659841344599
837 0.4076167984689405
838 0.4329692969104456
839 0.3942630037815792
840 0.4116163663869885
841 0.5
842 0.5
843 0.5
844 0.5
845 0.21969366633448567
846 0.18506623396110689
847 0.19326525608932155
848 0.19934171879497137
849 0.40423882259878585
850 0.4417019006716919
851 0.42910845598713676
852 0.42501639308587136
853 0.4554670125922681
854 0.48886675314806693
855 0.48886675314806693
856 0.477733506296134
857 0.4098405582019815
858 0.3646303095310708
859 0.3849709248136306
860 0.38648059751556096
861 0.39644495013631653
862 0.3541879851407579
863 0.35579459998336327
864 0.36880917842014593
865 0.48734678697541456
866 0.4493871479016581
867 0.48734678697541456
868 0.474693573950829
869 0.31970073392239406
870 0.3544792985308908
871 0.3219668352035504
872 0.3320489558856118
873 0.45348435671441745
874 0.4281318582729122
875 0.476323242997466
876 0.45264648599493185
877 0.21000193060785266
878 0.18447835892840886
879 0.1508234838831764
880 0.181767924473146
881 0.4178767460145858
882 0.4320069447376369
883 0.3930749226262895
884 0.41431953779283737
885 0.2993279106378477
886 0.353489776306829
887 0.3177372145611962
888 0.3235183005019576
889 0.49306456804291876
890 0.49306456804291876
891 0.47225827217167493
892 0.4861291360858374
893 0.42520978622404126
894 0.376578755723323
895 0.38650349309517473
896 0.3960973450141797
897 0.4894539159662744
898 0.45781566386509753
899 0.4894539159662744
900 0.4789078319325487
901 0.5
902 0.5
903 0.5
904 0.5
1045 0.11203695451393109
1046 0.12633223985969605
1047 0.1599871149049285
1048 0.13278543642618518
1057 0.06782015350256038
1058 0.05464074905781996
1059 0.02449218051207608
1060 0.0489843610241521
1061 0.11627992154528005
1062 0.08514841554006819
1063 0.12857074488059772
1064 0.10999969398864867
1065 0.5
1066 0.5
1067 0.5
1068 0.5
1069 0.48611111111111116
1070 0.4444444444444444
1071 0.48611111111111116
1072 0.4722222222222223
1073 0.20139329731794703
1074 0.18709824426826333
1075 0.221725676641642
1076 0.20340573940928408
1077 0.2645819242783941
1078 0.22060756058336106
1079 0.27688949848739586
1080 0.25402632778305034
1081 0.3444229111530762
1082 0.32901096469000335
1083 0.36476352643563603
1084 0.34606580075957194
1085 0.25732771328235604
1086 0.2932829706555734
1087 0.27321875413420693
1088 0.27460981269071205
1089 0.12258671102710728
1090 0.07916438168657769
1091 0.09234378613131816
1092 0.09803162628166767
1093 0.2144572965781646
1094 0.23998086825760834
1095 0.2707392344821994
1096 0.2417257997726574
1097 0.014442657663494785
1098 0.05777063065397908
1099 0.014442657663494785
1100 0.028885315326989514
1101 0.11946589804628777
1102 0.1615332996194247
1103 0.17582835266910846
1104 0.152275850111607
1109 0.5
1110 0.5
1111 0.5
1112 0.5
1113 0.293834608188246
1114 0.25787935081502866
1115 0.27542530426489764
1116 0.2757130877560575
1117 0.21823278839302357
1118 0.2385651677167186
1119 0.25445620856856943
1120 0.23708472155943722
1121 0.210087265907422
1122 0.21111331294069946
1123 0.24733673311624532
1124 0.2228457706547889
1125 0.11552440582050522
1126 0.17188686044332585
1127 0.14576733071629433
1128 0.14439286566004178
1129 0.10376676425248643
1130 0.14351790251526914
1131 0.10145050094213232
1132 0.11624505590329598
1133 0.08083882228331912
1134 0.03519458598248065
1135 0.09513410762908409
1136 0.07038917196496125
1141 0.03022415686585528
1142 0.06095710581681757
1143 0.09016367851245871
1144 0.0604483137317105
1149 0.36757133084971394
1150 0.3257170393897345
1151 0.3617558585237347
1152 0.35168140958772764
1153 0.12052223881960361
1154 0.16847239921060114
1155 0.16027337708238637
1156 0.1497560050375304
1157 0.015214745433612842
1158 0.06085898173445131
1159 0.015214745433612842
1160 0.030429490867225628
1161 0.315720516130793
1162 0.32758523781394777
1163 0.3517593352647932
1164 0.3316883630698446
1169 0.128830796279591
1170 0.16444459570219444
1171 0.13058250437228125
1172 0.14128596545135558
1181 0.37203954943889206
1182 0.34786545198804664
1183 0.39684137282718834
1184 0.37224879141804224
1185 0.010244316316987467
1186 0.04097726526794976
1187 0.010244316316987467
1188 0.02048863263397488
1189 0.27887009603131063
1190 0.2109306527288019
1191 0.2129734897535987
1192 0.2342580795045704
1193 0.42567816105019796
1194 0.3925616112648298
1195 0.38674613893885046
1196 0.40166197041795937
1197 0.5
1198 0.5
1199 0.5
1200 0.5
1201 0.4923870379056505
1202 0.4923870379056505
1203 0.469548151622602
1204 0.48477407581130105
1205 0.45020270177074806
1206 0.4590020675888763
1207 0.48184095387192494
1208 0.46368190774384976
1209 0.5
1210 0.5
1211 0.5
1212 0.5
1213 0.5
1214 0.5
1215 0.5
1216 0.5
1269 0.28662793548796606
1270 0.24400484758022029
1271 0.21868849218545727
1272 0.2497737584178812
1273 0.21007100270274615
1274 0.15089255597807005
1275 0.18475464730798324
1276 0.18190606866293318
1277 0.491615725280406
1278 0.491615725280406
1279 0.46646290112162403
1280 0.48323145056081207
1281 0.4595274691645428
1282 0.48468029332332474
1283 0.4638739974520809
1284 0.4693605866466495
1285 0.4485315806351867
1286 0.46112502531974187
1287 0.4819313211909857
1288 0.4638626423819714
1289 0.44010434451649283
1290 0.44445087280403095
1291 0.4069877947311249
1292 0.43051433735054945
1293 0.5
1294 0.5
1295 0.5
1296 0.5
1297 0.5
1298 0.5
1299 0.5
1300 0.5
1301 0.5
1314 0.5
1317 0.5
1318 0.5
1319 0.5
1320 0.5
1321 0.5
1322 0.5
1323 0.5
1324 0.5
1325 0.5
1326 0.5
1327 0.5
1328 0.5
1333 0.5
1334 0.5
1335 0.5
1336 0.5
1337 0.5
1338 0.5
1339 0.5
1340 0.5
1350 0.5
1351 0.5
1352 0.5
1357 0.42790580104947273
1358 0.4144136253330324
1359 0.4494507871541509
1360 0.43059007117888526
1361 0.5
1362 0.5
1363 0.5
1364 0.5
1365 0.26269642145333816
1366 0.305319509361084
1367 0.2934547876779292
1368 0.28715690616411715
1373 0.42939372487590444
1374 0.413990013912782
1375 0.46867674775773727
1376 0.43735349551547464
1377 0.36069480040130963
1378 0.3685080665563544
1379 0.3099659354501939
1380 0.3463896008026194
1381 0.10780790827107295
1382 0.1095596163637631
1383 0.08035304366812196
1384 0.09924018943431934
1445 0.03010061699158456
1446 0.06221465441242496
1447 0.08828843054549779
1448 0.06020123398316907
1449 0.010704679140280116
1450 0.04281871656112052
1451 0.010704679140280116
1452 0.021409358280560287
1461 0.5
1462 0.5
1463 0.5
1464 0.5
1465 0.5
1466 0.5
1467 0.5
1468 0.5
1469 0.5
1470 0.5
1471 0.5
1472 0.5
1473 0.5
1474 0.5
1475 0.5
1476 0.5
1477 0.5
1478 0.5
1479 0.5
1480 0.5
1481 0.5
1482 0.5
1483 0.5
1484 0.5
1493 0.5
1494 0.5
1495 0.5
1496 0.5
1497 0.5
1498 0.5
1499 0.5
1500 0.5
1501 0.5
1502 0.5
1503 0.5
1504 0.5
1505 0.5
1506 0.5
1507 0.5
1508 0.5
1509 0.5
1510 0.5
1511 0.5
1512 0.5
1513 0.5
1514 0.5
1516 0.5
1517 0.5
1518 0.5
1519 0.5
1520 0.5
1521 0.5
1522 0.5
1523 0.5
1524 0.5
1525 0.5
1526 0.5
1527 0.5
1528 0.5
1529 0.5
1530 0.5
1531 0.5
1532 0.5
1533 0.5
1534 0.5
1535 0.5
1536 0.5
1537 0.5
1538 0.5
1539 0.5
1540 0.5
1549 0.21875
1550 0.1875
1551 0.15625
1552 0.1875
1553 0.1551006169915845
1554 0.11953843054549779
1555 0.09346465441242496
1556 0.12270123398316907
1557 0.17641290515376445
1558 0.14079910573116106
1559 0.17845574217856136
1560 0.16522258435449566
1561 0.029640254168291857
1562 0.08782806772220503
1563 0.060373203119254204
1564 0.059280508336583715
1581 0.268223348825292
1582 0.29319327005543316
1583 0.22729666377772123
1584 0.2629044275528155
1585 0.4869056590393891
1586 0.44762263615755626
1587 0.4869056590393891
1588 0.4738113180787781
1589 0.5
1590 0.5
1591 0.5
1592 0.5
1593 0.5
1594 0.5
1595 0.5
1596 0.5
1606 0.5
1607 0.5
1608 0.5
1617 0.5
1618 0.5
1619 0.5
1620 0.5
1621 0.5
1622 0.5
1623 0.5
1624 0.5
1625 0.5
1626 0.5
1627 0.5
1628 0.5
1629 0.5
1630 0.5
1631 0.5
1632 0.5
1633 0.5
1634 0.5
1635 0.5
1636 0.5
1637 0.5
1638 0.5
1639 0.5
1640 0.5
1641 0.5
1642 0.5
1643 0.5
1644 0.5
1645 0.5
1646 0.5
1647 0.5
1648 0.5
1649 0.5
1650 0.5
1651 0.5
1652 0.5
1653 0.5
1654 0.5
1655 0.5
1656 0.5
1657 0.5
1658 0.5
1659 0.5
1660 0.5
1661 0.5
1662 0.5
1663 0.5
1664 0.5
1665 0.5
1666 0.5
1667 0.5
1668 0.5
1669 0.5
1670 0.5
1671 0.5
1672 0.5
1673 0.5
1674 0.5
1675 0.5
1676 0.5
1677 0.5
1678 0.5
1679 0.5
1680 0.5
1681 0.5
1682 0.5
1683 0.5
1684 0.5
1685 0.5
1686 0.5
1687 0.5
1688 0.5
1689 0.5
1690 0.5
1691 0.5
1692 0.5
1693 0.5
1694 0.5
1695 0.5
1696 0.5
1697 0.5
1698 0.5
1699 0.5
1700 0.5
1701 0.5
1702 0.5
1703 0.5
1704 0.5
1705 0.5
1706 0.5
1707 0.5
1708 0.5
1709 0.5
1710 0.5
1711 0.5
1712 0.5
1713 0.5
1714 0.5
1715 0.5
1716 0.5
1717 0.1961786978873159
1718 0.16370714592005187
1719 0.15115728116684557
1720 0.17034770832473778
1729 0.255278180065179
1730 0.21225704501629478
1731 0.24350704501629478
1732 0.2370140900325895
1733 0.1407819014056555
1734 0.17634408785174222
1735 0.17843853785305575
1736 0.16518817570348449
1761 0.20253852835006597
1762 0.24555966339895008
1763 0.20463297835137945
1764 0.21757705670013183
1765 0.4721020511897773
1766 0.49302551279744433
1767 0.49302551279744433
1768 0.48605102559488866
1769 0.286528180065179
1770 0.2747570450162947
1771 0.3372570450162947
1772 0.29951409003258955
1777 0.43923836143796224
1778 0.47852138431979496
1779 0.45336856016101323
1780 0.45704276863959015
1781 0.38457036600579053
1782 0.39997407696891296
1783 0.35099815612977137
1784 0.3785141997014917
1785 0.3013796208765357
1786 0.35992175198269616
1787 0.3263495421066769
1788 0.32921697165530295
1789 0.40969217946411096
1790 0.47219217946411096
1791 0.45126871785644396
1792 0.44438435892822203
1793 0.4747966015157926
1794 0.42010986767083736
1795 0.4538731399081256
1796 0.4495932030315851
1797 0.39146326818245925
1798 0.43303980657479224
1799 0.399276534337504
1800 0.4079265363649185
1805 0.5
1806 0.5
1807 0.5
1808 0.5
1825 0.5
1826 0.5
1827 0.5
1828 0.5
1829 0.5
1830 0.5
1831 0.5
1832 0.5
1833 0.5
1834 0.5
1835 0.5
1836 0.5
1837 0.5
1838 0.5
1839 0.5
1840 0.5
1841 0.5
1842 0.5
1843 0.5
1844 0.5
1845 0.5
1846 0.5
1847 0.5
1848 0.5
1849 0.5
1850 0.5
1851 0.5
1852 0.5
1853 0.5
1854 0.5
1855 0.5
1856 0.5
1857 0.5
1858 0.5
1859 0.5
1860 0.5
1861 0.5
1862 0.5
1863 0.5
1864 0.5
1865 0.5
1866 0.5
1867 0.5
1868 0.5
1869 0.5
1870 0.5
1871 0.5
1872 0.5
1873 0.5
1874 0.5
1875 0.5
1876 0.5
1877 0.4015376984126984
1878 0.4186507936507937
1879 0.4640376984126984
1880 0.42807539682539697
1881 0.5
1882 0.5
1883 0.5
1884 0.5
1885 0.5
1886 0.5
1887 0.5
1888 0.5
1889 0.5
1890 0.5
1891 0.5
1892 0.5
1893 0.5
1894 0.5
1895 0.5
1896 0.5
1897 0.5
1898 0.5
1899 0.5
1900 0.5
1901 0.2175433887614533
1902 0.24796373361724178
1903 0.2772532101900247
1904 0.2475867775229066
1905 0.5
1906 0.5
1907 0.5
1908 0.5
1909 0.5
1910 0.5
1911 0.5
1912 0.5
1913 0.5
1914 0.5
1915 0.5
1916 0.5
1917 0.5
1918 0.5
1919 0.5
1920 0.5
1921 0.5
1922 0.5
1923 0.5
1924 0.5
1925 0.5
1926 0.5
1927 0.5
1928 0.5
1929 0.5
1930 0.5
1931 0.5
1932 0.5
1933 0.5
1934 0.5
1935 0.5
1936 0.5
1937 0.5
1938 0.5
1939 0.5
1940 0.5
1941 0.5
1942 0.5
1943 0.5
1944 0.5
1945 0.5
1946 0.5
1947 0.5
1948 0.5
1949 0.5
1950 0.5
1951 0.5
1952 0.5
1953 0.5
1954 0.5
1955 0.5
1956 0.5
1957 0.059556820835133806
1958 0.014889205208783451
1959 0.014889205208783451
1960 0.029778410417566903
1961 0.5
1962 0.5
1963 0.5
1964 0.5
1965 0.5
1966 0.5
1967 0.5
1968 0.5
1969 0.5
1970 0.5
1971 0.5
1972 0.5
1973 0.5
1974 0.5
1975 0.5
1976 0.5
1977 0.5
1978 0.5
1979 0.5
1980 0.5
1981 0.5
1982 0.5
1983 0.5
1984 0.5
2001 0.5
2002 0.5
2003 0.5
2004 0.5
2013 0.5
2014 0.5
2015 0.5
2016 0.5
2017 0.5
2018 0.5
2019 0.5
2020 0.5
2021 0.5
2022 0.5
2023 0.5
2024 0.5
2025 0.5
2026 0.5
2027 0.5
2028 0.5
2029 0.5
2030 0.5
2031 0.5
2032 0.5
2033 0.4758859285138526
2034 0.4939714821284633
2035 0.4939714821284633
2036 0.4879429642569264
2037 0.5
2038 0.5
2039 0.5
2040 0.5
2041 0.5
2042 0.5
2043 0.5
2044 0.5
2053 0.5
2054 0.5
2056 0.5
2069 0.5
2070 0.5
2072 0.5
2074 0.5
2075 0.5
2076 0.5
2101 0.5
2102 0.5
2103 0.5
2104 0.5
2113 0.4592927631578947
2114 0.4898231907894737
2115 0.4898231907894737
2116 0.47964638157894757
2117 0.4735552042685829
2118 0.49338880106714567
2119 0.49338880106714567
2120 0.48677760213429155
2121 0.4340796019900497
2122 0.47310323383084585
2123 0.4314365671641791
2124 0.4462064676616917
2125 0.47775811376943267
2126 0.461913865334141
2127 0.42687670351302254
2128 0.45551622753886534
2129 0.5
2130 0.5
2131 0.5
2132 0.5
2134 0.5
2135 0.5
2136 0.5
2137 0.5
2138 0.5
2139 0.5
2140 0.5
2141 0.5
2142 0.5
2143 0.5
2144 0.5
2145 0.45121084830938574
2146 0.44946280512543324
2147 0.4151047581091587
2148 0.4385928038479925
2153 0.07784032042754485
2154 0.04670703986928859
2155 0.024909472059366777
2156 0.04981894411873333
2157 0.4869921227197347
2158 0.4869921227197347
2159 0.44796849087893875
2160 0.4739842454394694
2161 0.3864707341269842
2162 0.36935763888888906
2163 0.33531746031746046
2164 0.3637152777777779
2165 0.3980654761904763
2166 0.39434523809523814
2167 0.345982142857143
2168 0.3794642857142858
2266 0.5
2267 0.5
2268 0.5
2325 0.5
2327 0.5
2328 0.5
2337 0.42559523809523814
2338 0.4293154761904763
2339 0.470982142857143
2340 0.4419642857142858
2353 0.33942267827529027
2354 0.365464344941957
2355 0.3941490464344941
2356 0.3663453565505803
2357 0.4074170357162685
2358 0.4444296560229686
2359 0.4337328251899526
2360 0.4285265056430634
2361 0.34281994047619047
2362 0.28031994047619047
2363 0.30877976190476186
2364 0.3106398809523807
2365 0.23100579563102097
2366 0.21978830150878692
2367 0.18524067664631727
2368 0.21201159126204172
2369 0.48487103174603186
2370 0.439484126984127
2371 0.48487103174603186
2372 0.4697420634920635
2377 0.33543542513016544
2378 0.3732719171799772
2379 0.3362126223081825
2380 0.3483066548727749
2381 0.29808654352335817
2382 0.2687970669505748
2383 0.30087672209478655
2384 0.2892534441895733
2385 0.3481032338308456
2386 0.4028296019900497
2387 0.4001865671641791
2388 0.3837064676616915
2389 0.4129359682545042
2390 0.38425126676196686
2391 0.41457036555533033
2392 0.40391920019060046
2497 0.42198131044759335
2498 0.4423322930724245
2499 0.4728627207040037
2500 0.4457254414080072
2501 0.3892886513157894
2502 0.4156044407894737
2503 0.37191611842105243
2504 0.3922697368421051
2505 0.31063816150001955
2506 0.260360907531189
2507 0.3251373138062419
2508 0.29871212761248334
2509 0.387059524483093
2510 0.418309524483093
2511 0.39198809793237177
2512 0.3991190489661858
2513 0.2531996687013962
2514 0.2356969505266442
2515 0.28527932384560795
2516 0.25805864769121634
2517 0.3276909722222223
2518 0.37605406746031744
2519 0.3249007936507935
2520 0.3428819444444444
2521 0.07202731035033971
2522 0.13445378672539943
2523 0.09489735816676848
2524 0.10045948508083602
2525 0.3144655798422271
2526 0.2943206527022424
2527 0.34050724650889386
2528 0.31643115968445445
2529 0.24518970272810514
2530 0.2157522565491261
2531 0.19356581993130906
2532 0.21816925973617995
2533 0.21781994047619047
2534 0.27752976190476186
2535 0.24906994047619047
2536 0.2481398809523807
2537 0.23967519319471986
2538 0.26911263937369867
2539 0.28925756651368384
2540 0.26601513302736746
2545 0.16796388660377737
2546 0.11888150223012772
2547 0.15843793078875912
2548 0.14842777320755474
2549 0.05618768871727853
2550 0.025096389041796785
2551 0.06929425649170695
2552 0.050192778083594014
2553 0.2291910167630571
2554 0.18924471609225013
2555 0.21168829858830485
2556 0.21004134381453743
2557 0.1654982172630468
2558 0.13420502144624336
2559 0.1879417997591013
2560 0.16254834615613056
2565 0.2734206973965405
2566 0.25109813041429097
2567 0.2993749194083204
2568 0.2746312490730507
2569 0.21875
2570 0.15625
2571 0.1875
2572 0.1875
2573 0.013368142497052204
2574 0.05347256998820815
2575 0.013368142497052204
2576 0.026736284994104187
2577 0.3903814731020614
2578 0.40387364881850174
2579 0.35332217823026646
2580 0.3825257667169428
2581 0.41759270973909124
2582 0.3972417271142603
2583 0.3739043873706702
2584 0.39624627474134044
2585 0.49471858385490264
2586 0.49471858385490264
2587 0.478874335419611
2588 0.4894371677098055
2589 0.4448662711349429
2590 0.46641125723962107
2591 0.4822555056749127
2592 0.46451101134982564
2593 0.4355054126989486
2594 0.43713980999977475
2595 0.47452904453974476
2596 0.4490580890794895
2597 0.347713203871292
2598 0.3982646744595275
2599 0.36794557566616404
2600 0.3713078179989946
2601 0.29625708432617404
2602 0.32221130633795414
2603 0.3424436781328255
2604 0.32030402293231774
2605 0.3107292285489691
2606 0.3115064257269857
2607 0.2744471308551908
2608 0.298894261710382
2609 0.24343382419785553
2610 0.2937110781666863
2611 0.2574289804729084
2612 0.2648579609458166
2613 0.3778459022227125
2614 0.3400094101729003
2615 0.35450856247912266
2616 0.3574546249582451
2617 0.009035288281917131
2618 0.036141153127667636
2619 0.009035288281917131
2620 0.018070576563833818
2621 0.31933719958102036
2622 0.2545607933059675
2623 0.28743770459913454
2624 0.28711189916204094
2817 0.45268156422504036
2818 0.46337839505805634
2819 0.48321199185661956
2820 0.4664239837132387
2821 0.4021845369456074
2822 0.4365425839618824
2823 0.39952996365518234
2824 0.4127523615208908
2825 0.3640927121990203
2826 0.34672017930428356
2827 0.31482068432239774
2828 0.34187785860856734
2829 0.324559524483093
2830 0.324559524483093
2831 0.36073809793237177
2832 0.3366190489661858
2833 0.11222961382981289
2834 0.07335205167108705
2835 0.09189545545111799
2836 0.09249237365067287
2841 0.08093823104939801
2842 0.02800738268121994
2843 0.05909868235670146
2844 0.056014765362439434
2845 0.25861393358318696
2846 0.2956732284549819
2847 0.2473964394609529
2848 0.2672278671663737
2849 0.13429073673898917
2850 0.16584107843403006
2851 0.18802751505184712
2852 0.16271977674162197
2853 0.1537858362393607
2854 0.11350251362605168
2855 0.14853952719143848
2856 0.13860929235228348
2857 0.09461681947661038
2858 0.13374727300075073
2859 0.09871025943536371
2860 0.10902478397090842
2861 0.2192560575909932
2862 0.17349093860628995
2863 0.17278934934867607
2864 0.18851211518198663
2865 0.24756132912701534
2866 0.19593744633021903
2867 0.225238762144766
2868 0.22291251253400013
2869 0.17173440666739026
2870 0.20628203152985947
2871 0.1769807157153125
2872 0.1849990513041877
2877 0.2298460451608768
2878 0.1833793369185599
2879 0.21585088888582393
2880 0.2096920903217534
2881 0.1876294555825242
2882 0.2213828789435739
2883 0.1667659016925207
2884 0.1919260787395396
2885 0.22791925536526914
2886 0.21277104781822698
2887 0.2607961666584362
2888 0.23382882328064425
2893 0.13514653760719764
2894 0.11481237922850274
2895 0.16501974678062603
2896 0.13832622120544236
2897 0.13720819763934178
2898 0.07478172126428251
2899 0.10591500182253877
2900 0.10596830690872072
2901 0.007265855936640753
2902 0.007265855936640753
2903 0.029063423746562345
2904 0.014531711873281283
2905 0.06820519247151147
2906 0.07229863243026524
2907 0.02810076498035552
2908 0.056201529960710594
2909 0.08725907904444097
2910 0.14064896943217842
2911 0.10909862773713752
2912 0.11233555873791912
2913 0.08446664560862582
2914 0.038817376982844154
2915 0.10962023930559517
2916 0.07763475396568853
2917 0.26470918622760586
2918 0.3035029606733357
2919 0.28630053540192524
2920 0.2848375607676221
2921 0.10606196091253484
2922 0.14449082517906153
2923 0.1451924144366752
2924 0.1319150668427571
2925 0.24296667152373264
2926 0.26455802069805223
2927 0.2165329018578428
2928 0.2413525313598759
2929 0.015216422875260704
2930 0.06086569150104215
2931 0.015216422875260704
2932 0.030432845750521187
2933 0.02240343077896889
2934 0.04950929562471984
2935 0.06250785827012528
2936 0.044806861557938005
2937 0.14157245136489682
2938 0.16662622522005077
2939 0.11641885766792748
2940 0.14153917808429184
2941 0.3099216610855724
2942 0.3271240863569833
2943 0.35919368896219517
2944 0.3320798121349171
2945 0.23159087548725377
2946 0.2284614417572446
2947 0.17697389823620058
2948 0.21234207182689957
2949 0.2999015974043344
2950 0.26210638961733834
2951 0.2999015974043344
2952 0.28730319480866906
2953 0.16711949710423446
2954 0.21860704062527847
2955 0.19217327095938863
2956 0.1926332695629671
2957 0.27367806354778534
2958 0.30652887603259704
2959 0.309342404263506
2960 0.29651644794796295
2965 0.10917472102078984
2966 0.038371858698039274
2967 0.08268457246940497
2968 0.0767437173960781
2969 0.033172447836985475
2970 0.09567244783698547
2971 0.07018979134794168
2972 0.06634489567397073
2973 0.1644849307376679
2974 0.2269849307376679
2975 0.2204397229506716
2976 0.20396986147533558
2977 0.01477090459045538
2978 0.05908361836182152
2979 0.01477090459045538
2980 0.02954180918091076
2981 0.21431568196564466
2982 0.18752730596539546
2983 0.1733223505848056
2984 0.1917217795052819
3049 0.41720958006083486
3050 0.4747810066115561
3051 0.4566954529969456
3052 0.4495620132231124
3057 0.48958333333333326
3058 0.48958333333333326
3059 0.45833333333333326
3060 0.47916666666666674
3069 0.467526686397046
3070 0.4692747295809985
3071 0.487360283195609
3072 0.47472056639121774
3073 0.43863157172533307
3074 0.4025254815251056
3075 0.39914569878922257
3076 0.41343425067988715
3077 0.3272537272279139
3078 0.325233075169298
3079 0.361411648618577
3080 0.3379661503385962
3081 0.23726685557365812
3082 0.20351343221260865
3083 0.23030180821285762
3084 0.22369403199970805
3085 0.28125
3086 0.34375
3087 0.3125
3088 0.3125
3089 0.3711547645990383
3090 0.3349761911497595
3091 0.3662261911497595
3092 0.35745238229951926
3093 0.41282143126570503
3094 0.43914285781642626
3095 0.47039285781642626
3096 0.4407857156328525
3097 0.34043984595630117
3098 0.37459776734696426
3099 0.3779775500828475
3100 0.364338387795371
3101 0.3444329534126658
3102 0.3791571293083036
3103 0.3765025560178781
3104 0.3666975462462825
3105 0.2525032201614781
3106 0.29231908000708984
3107 0.25946826752227836
3108 0.268096855896949
3109 0.2894849307376679
3110 0.2516897229506716
3111 0.2582349307376679
3112 0.2664698614753356
3113 0.30057514809053987
3114 0.3025958001491553
3115 0.26277994030354357
3116 0.2886502961810795
3117 0.11164015416846707
3118 0.1607225385421167
3119 0.1294725385421167
3120 0.13394507708423364
3121 0.22488514120271152
3122 0.19446479634692326
3123 0.184938840531905
3124 0.20142959269384675
3125 0.03572253854211671
3126 0.08039015416846707
3127 0.09822253854211671
3128 0.07144507708423364
3129 0.043952628955345796
3130 0.06682267677177456
3131 0.022155061145424204
3132 0.044310122290848186
3137 0.010363766558493692
3138 0.04145506623397499
3139 0.010363766558493692
3140 0.020727533116987606
3141 0.1377379757927557
3142 0.08434808540501826
3143 0.09745465317944668
3144 0.10651357145907348
3145 0.20195314602739
3146 0.15693172930691968
3147 0.18680493848034807
3148 0.181896604604886
3149 0.08868562218935305
3150 0.07568705954394761
3151 0.12711448645587953
3152 0.09716238939639332
3153 0.09724321980952833
3154 0.08994784954911839
3155 0.13039196687032661
3156 0.10586101207632415
3161 0.06412736260506335
3162 0.07142273286547329
3163 0.027110019094107374
3164 0.05422003818821497
3165 0.1605937469817118
3166 0.1397301930917081
3167 0.11324004454032344
3168 0.13785466153791437
3169 0.012339114503651993
3170 0.049356458014608195
3171 0.012339114503651993
3172 0.02467822900730421
3173 0.16360021184722062
3174 0.1486387510150562
3175 0.2045935432280599
3176 0.17227750203011216
3177 0.11545957737679413
3178 0.14860832443759286
3179 0.16281327981818272
3180 0.14229372721085665
3181 0.12149293478104028
3182 0.13645439561320494
3183 0.09601027829199626
3184 0.11798586956208035
3377 0.261684648142845
3378 0.29734898885856587
3379 0.258555214412836
3380 0.2725296171380822
3385 0.36752941902959635
3386 0.33280524313395876
3387 0.32999171490304957
3388 0.34344212568886845
3397 0.06990097978295928
3398 0.05135757600292834
3399 0.02425171115717739
3400 0.048503422314355005
3405 0.08431339271505434
3406 0.12319095487377996
3407 0.13574081962698625
3408 0.114415055738607
time 1e+30
