           1        8279  ! dim data
time   0.000000E+00
        2178
         672   8.3630305783438538E-005
         731   1.2544545867515782E-004
         732   2.5089091735031559E-004
         738   1.2544545867515782E-004
         795   1.2544545867515782E-004
         796   2.5089091735031559E-004
         797   2.5089091735031559E-004
         798   2.5089091735031559E-004
         804   1.2544545867515782E-004
         859   1.2544545867515782E-004
         860   2.5089091735031559E-004
         861   2.5089091735031559E-004
         862   2.5089091735031559E-004
         863   2.5089091735031559E-004
         864   2.5089091735031559E-004
         870   1.2544545867515782E-004
         923   1.1108588975995867E-004
         924   2.3563158749740899E-004
         925   2.3563158749740899E-004
         926   2.3563158749740899E-004
         927   2.1046774243299176E-004
         928   2.4662525207072561E-004
         929   2.4662525207072561E-004
         930   2.4662525207072561E-004
         936   1.5670298418292043E-004
         991   9.7626081782467032E-005
         992   2.0781221060471822E-004
         993   2.2037225764450240E-004
         994   2.2037225764450240E-004
         995   2.5933251655309183E-004
         996   2.7032618112640845E-004
         997   2.4235958679113563E-004
         998   2.4235958679113563E-004
         999   2.2461291203390679E-004
        1000   2.2348370047803562E-004
        1006   1.2005058183969667E-004
        1064   9.7626081782467032E-005
        1065   1.9525216356493404E-004
        1066   2.0781221060471865E-004
        1067   2.2037225764450240E-004
        1068   2.5933251655309183E-004
        1069   2.9829277546168133E-004
        1071   2.7032618112640845E-004
        1072   2.4235958679113563E-004
        1073   2.2461291203390679E-004
        1074   2.0686623727667795E-004
        1075   2.2348370047803551E-004
        1076   2.4010116367939331E-004
        1081   1.2005058183969667E-004
        1142   9.7626081782467032E-005
        1143   1.9525216356493404E-004
        1144   1.9525216356493491E-004
        1145   2.0781221060471865E-004
        1146   2.5933251655309189E-004
        1147   2.9829277546168133E-004
        1148   2.9829277546168133E-004
        1151   2.7032618112640845E-004
        1152   2.2461291203390679E-004
        1153   2.0686623727667795E-004
        1154   2.0686623727667806E-004
        1155   2.2348370047803551E-004
        1156   2.4010116367939287E-004
        1157   2.4010116367939331E-004
        1160   1.2005058183969667E-004
        1225   1.2520120098036448E-004
        1226   2.0254306662686081E-004
        1227   2.0254306662686116E-004
        1228   2.0254306662686116E-004
        1229   2.2040494149891664E-004
        1230   2.4356864420324397E-004
        1231   2.4356864420324372E-004
        1232   2.4356864420324416E-004
        1233   1.7829779805015027E-004
        1234   1.7829779805015027E-004
        1235   1.7829779805015027E-004
        1236   2.6394691372482495E-004
        1237   2.0684799322879242E-004
        1238   2.0684799322879242E-004
        1239   2.0684799322879272E-004
        1240   1.4890559279643462E-004
        1241   2.3986878516051071E-004
        1242   2.3986878516051084E-004
        1243   2.3986878516051098E-004
        1244   1.9715602464804411E-004
        1245   1.6924989449407929E-004
        1246   1.6924989449407929E-004
        1247   1.6924989449407929E-004
        1248   1.7789516058766712E-004
        1249   1.3118744208100093E-004
        1301   1.7306053631423266E-004
        1310   2.7797752115862645E-004
        1311   2.0983396968878755E-004
        1312   2.0983396968878745E-004
        1313   2.0983396968878726E-004
        1314   1.9933924131679688E-004
        1315   1.8884451294480634E-004
        1316   1.8884451294480688E-004
        1317   1.8827092480781210E-004
        1318   2.2024431034687071E-004
        1319   3.6443558726892216E-004
        1320   3.5659559610030055E-004
        1321   3.5659559610030055E-004
        1322   3.5159928878362138E-004
        1323   2.2981051660191581E-004
        1324   2.0682974918090729E-004
        1325   2.0682974918090750E-004
        1326   2.2323307791126835E-004
        1327   2.3963640664162911E-004
        1328   2.3963640664162911E-004
        1329   2.9311969405428534E-004
        1330   2.7579448036119076E-004
        1331   3.3849978898815858E-004
        1332   3.3849978898815858E-004
        1333   3.5538768371285118E-004
        1334   3.7227557843754367E-004
        1335   2.2431243174892354E-004
        1336   2.1308917173422300E-004
        1339   1.1776784588181204E-004
        1389   1.7306053631423266E-004
        1390   3.4612107262846532E-004
        1398   2.7797752115862591E-004
        1399   2.0983396968878726E-004
        1400   2.0983396968878709E-004
        1401   2.0983396968878715E-004
        1402   1.9933924131679650E-004
        1403   1.8884451294480664E-004
        1404   1.8827092480781213E-004
        1405   1.8769733667081716E-004
        1406   2.2024431034687063E-004
        1407   2.5279128402292436E-004
        1408   3.6443558726892216E-004
        1409   3.5659559610030055E-004
        1410   3.5159928878362128E-004
        1411   3.4660298146694179E-004
        1412   2.2981051660191622E-004
        1413   2.0682974918090783E-004
        1414   2.2323307791126886E-004
        1415   2.3963640664162968E-004
        1416   2.9311969405428561E-004
        1417   3.7227557843754367E-004
        1418   2.7579448036119076E-004
        1419   3.3849978898815858E-004
        1420   3.5538768371285118E-004
        1421   3.7227557843754367E-004
        1422   3.5745397796332044E-004
        1423   2.1308917173422300E-004
        1424   2.2431243174892354E-004
        1425   2.3553569176362407E-004
        1426   2.1308917173422300E-004
        1427   2.2292420291807958E-004
        1432   1.1776784588181204E-004
        1480   1.7306053631423266E-004
        1481   3.4612107262846532E-004
        1482   3.4612107262846446E-004
        1489   2.7797752115862558E-004
        1490   2.0983396968878701E-004
        1491   2.0983396968878709E-004
        1492   2.0983396968878709E-004
        1493   1.9933924131679661E-004
        1494   1.8827092480781191E-004
        1495   1.8769733667081705E-004
        1496   1.8769733667081716E-004
        1497   2.2024431034687073E-004
        1498   2.5279128402292420E-004
        1499   2.5279128402292447E-004
        1500   3.6443558726892173E-004
        1501   3.5159928878362079E-004
        1502   3.4660298146694168E-004
        1503   3.4660298146694179E-004
        1504   2.2981051660191586E-004
        1505   2.2323307791126867E-004
        1506   2.9311969405428599E-004
        1507   3.5745397796331995E-004
        1508   3.4263237748909716E-004
        1509   2.7579448036119092E-004
        1510   3.5538768371285096E-004
        1511   3.5745397796332028E-004
        1512   3.4263237748909705E-004
        1513   3.4263237748909662E-004
        1514   2.2292420291808001E-004
        1515   2.3275923410193605E-004
        1516   2.2431243174892335E-004
        1517   2.3553569176362407E-004
        1518   2.3553569176362407E-004
        1519   2.2292420291807931E-004
        1520   2.3275923410193594E-004
        1521   2.3275923410193605E-004
        1528   1.1776784588181204E-004
        1574   1.9245115954228271E-004
        1575   3.4629488134547265E-004
        1576   3.4629488134547254E-004
        1577   3.4629488134547244E-004
        1583   2.7395530956590751E-004
        1584   2.3547562954258046E-004
        1585   2.3547562954258084E-004
        1586   2.3547562954258036E-004
        1587   1.9696257743742396E-004
        1588   2.6098984629728788E-004
        1589   2.6098984629728799E-004
        1590   2.6098984629728799E-004
        1591   2.1807748388452948E-004
        1592   2.2610142739441937E-004
        1593   2.2610142739441932E-004
        1594   2.2610142739441989E-004
        1595   3.3063687641417190E-004
        1596   3.1422224150514326E-004
        1597   3.1422224150514364E-004
        1598   3.1422224150514440E-004
        1599   3.0894375260776349E-004
        1600   3.1325280046845284E-004
        1601   3.1325280046845251E-004
        1602   3.1325280046845197E-004
        1603   3.2290168274212824E-004
        1604   2.7285257481685370E-004
        1605   2.7285257481685348E-004
        1606   2.7285257481685337E-004
        1607   1.9589171260862043E-004
        1608   2.3392020382956755E-004
        1609   2.3392020382956633E-004
        1610   2.3392020382956738E-004
        1611   1.9715618311808491E-004
        1612   2.5642038486734133E-004
        1613   2.5642038486734160E-004
        1614   2.5642038486734176E-004
        1615   2.2850357861980259E-004
        1616   2.2850357861980270E-004
        1617   2.2850357861980291E-004
        1618   1.7406089587792086E-004
        1627   1.5130434875680132E-004
        1668   1.2207031250000000E-004
        1672   2.3105859728137564E-004
        1673   2.8222262981261563E-004
        1674   3.4646869006247944E-004
        1675   3.4646869006247976E-004
        1676   3.0841277799651496E-004
        1683   2.6573707766346181E-004
        1684   2.6111728939637422E-004
        1685   2.6111728939637394E-004
        1686   2.9769982266006589E-004
        1687   3.3428235592375866E-004
        1688   3.3428235592375866E-004
        1689   3.3428235592375974E-004
        1690   2.6684696334483739E-004
        1691   1.9941157076591395E-004
        1692   1.9941157076591506E-004
        1693   2.6298029639541587E-004
        1694   2.8285736249557654E-004
        1695   2.8184150154334490E-004
        1696   2.8184150154334517E-004
        1697   3.0419526178413115E-004
        1698   2.8387322344780846E-004
        1699   2.8387322344780770E-004
        1700   2.4355142401583508E-004
        1701   1.9749266140306200E-004
        1702   2.1907697285090497E-004
        1703   2.0307277214461037E-004
        1704   2.0307277214461024E-004
        1705   1.7280752506547659E-004
        1706   1.7288595128510284E-004
        1707   2.3508117355719742E-004
        1708   2.3508117355719758E-004
        1709   2.0587596606307280E-004
        1710   2.5077650055436356E-004
        1711   2.7730507797105831E-004
        1712   2.7730507797105847E-004
        1713   2.4340577432004803E-004
        1714   2.2424792313766802E-004
        1715   2.2424792313766812E-004
        1716   1.9992710451972149E-004
        1717   1.7613852223536086E-004
        1726   9.2739426068543830E-005
        1730   1.8547885213708717E-004
        1767   2.4414062499999997E-004
        1770   1.2207031250000000E-004
        1773   2.3105859728137564E-004
        1774   2.1797656956275125E-004
        1775   2.8222262981261530E-004
        1776   3.4646869006247917E-004
        1777   3.0841277799651464E-004
        1778   2.7035686593054984E-004
        1787   2.6573707766346208E-004
        1788   2.6111728939637465E-004
        1789   2.9769982266006622E-004
        1790   3.3428235592375882E-004
        1791   3.3428235592375887E-004
        1792   3.3428235592375941E-004
        1793   2.6684696334483641E-004
        1794   1.9941157076591422E-004
        1795   2.6298029639541549E-004
        1796   3.2654902202491578E-004
        1797   2.8285736249557698E-004
        1798   2.8184150154334506E-004
        1799   3.0419526178413029E-004
        1800   2.8387322344780802E-004
        1801   2.4355142401583495E-004
        1802   2.0322962458386250E-004
        1803   1.8547885213708674E-004
        1804   1.9749266140306178E-004
        1805   2.0950647066903742E-004
        1806   2.1907697285090429E-004
        1807   2.0307277214461045E-004
        1808   1.7280752506547648E-004
        1809   1.4254227798634310E-004
        1810   1.7288595128510262E-004
        1811   2.3508117355719682E-004
        1812   2.0587596606307283E-004
        1813   1.7667075856894738E-004
        1814   2.5077650055436215E-004
        1815   2.7730507797105744E-004
        1816   2.4340577432004786E-004
        1817   2.2424792313766682E-004
        1818   1.9992710451972076E-004
        1819   1.7560628590177518E-004
        1820   1.7613852223536154E-004
        1829   9.2739426068543830E-005
        1832   1.8547885213708717E-004
        1833   1.7714363608996824E-004
        1873   2.4414062499999997E-004
        1874   2.4414062499999997E-004
        1876   1.2207031250000000E-004
        1878   2.3105859728137586E-004
        1879   2.1797656956275123E-004
        1880   2.1797656956275123E-004
        1881   2.8222262981261509E-004
        1882   3.0841277799651453E-004
        1883   2.7035686593054984E-004
        1884   2.7035686593054989E-004
        1895   2.6573707766346230E-004
        1896   2.9769982266006736E-004
        1897   3.3428235592375903E-004
        1898   3.3428235592375871E-004
        1899   3.3428235592375909E-004
        1900   2.6684696334483652E-004
        1901   2.6298029639541511E-004
        1902   3.2654902202491632E-004
        1903   3.2654902202491643E-004
        1904   2.8285736249557703E-004
        1905   3.0419526178413105E-004
        1906   2.4355142401583498E-004
        1907   2.0322962458386239E-004
        1908   2.0322962458386239E-004
        1909   1.7714363608996840E-004
        1910   1.6880842004284903E-004
        1911   1.9749266140306200E-004
        1912   2.0950647066903745E-004
        1913   2.0950647066903807E-004
        1914   2.1907697285090339E-004
        1915   1.7280752506547678E-004
        1916   1.4254227798634315E-004
        1917   1.4254227798634321E-004
        1918   1.7288595128510303E-004
        1919   2.0587596606307232E-004
        1920   1.7667075856894762E-004
        1921   1.7667075856894738E-004
        1922   2.5077650055436280E-004
        1923   2.4340577432004778E-004
        1924   1.9992710451972168E-004
        1925   1.7560628590177561E-004
        1926   1.7560628590177513E-004
        1927   1.7613852223536080E-004
        1936   9.2739426068543830E-005
        1938   1.7714363608996862E-004
        1939   1.6880842004284914E-004
        1940   1.6880842004284849E-004
        1987   1.3346564082885394E-004
        1988   2.0380258440494891E-004
        1989   2.0380258440494921E-004
        1990   2.0380258440494921E-004
        1991   6.7934194801649736E-005
        1992   1.9659433808161294E-004
        1993   1.9659433808161264E-004
        1994   1.9659433808161237E-004
        1995   2.5929520884369715E-004
        1996   2.6519216817057895E-004
        1997   2.6519216817057889E-004
        1998   2.6519216817057906E-004
        2011   4.1037381671493294E-004
        2012   3.2830202706767296E-004
        2013   3.2830202706767329E-004
        2014   3.2830202706767367E-004
        2015   2.3443205193969654E-004
        2016   2.7528834336845861E-004
        2017   2.7528834336845861E-004
        2018   2.7528834336845861E-004
        2019   2.9112972093463284E-004
        2020   2.0322962458386288E-004
        2021   2.0322962458386231E-004
        2022   2.0322962458386266E-004
        2023   1.5347933343398375E-004
        2024   1.6880842004284935E-004
        2025   1.6880842004284887E-004
        2026   1.6880842004284911E-004
        2027   1.9889015419055774E-004
        2028   1.9889015419055853E-004
        2029   1.9889015419055904E-004
        2030   1.9153174579056352E-004
        2031   1.4254227798634272E-004
        2032   1.4254227798634285E-004
        2033   1.4254227798634304E-004
        2034   1.6072074173473569E-004
        2035   2.1297598653444394E-004
        2036   2.1297598653444361E-004
        2037   2.1297598653444407E-004
        2038   2.4372062420504359E-004
        2039   1.8124305819027309E-004
        2040   1.8124305819027263E-004
        2041   1.8124305819027263E-004
        2042   2.1702111533820407E-004
        2051   1.0024904859478218E-004
        2052   2.0800771971580251E-004
        2053   1.5758021747569573E-004
        2054   2.0800771971580230E-004
        2055   2.0800771971580208E-004
        2107   1.6933832520518602E-004
        2108   1.6346454380989847E-004
        2109   1.6346454380989847E-004
        2110   8.1732271904949236E-005
        2111   1.7521210660047406E-004
        2112   1.7521210660047406E-004
        2113   2.3047082854789889E-004
        2114   2.7287851045296603E-004
        2115   2.6002747041060795E-004
        2116   2.6002747041060784E-004
        2117   3.0878031834598898E-004
        2130   3.3992743224647853E-004
        2131   3.2232169821158705E-004
        2132   3.2232169821158727E-004
        2133   3.2232169821158765E-004
        2134   2.7317468146179422E-004
        2135   2.2402766471200046E-004
        2136   2.2402766471200057E-004
        2137   2.2402766471200052E-004
        2138   2.1362864464793185E-004
        2139   2.0322962458386315E-004
        2140   2.0322962458386231E-004
        2141   1.6980997360893158E-004
        2142   1.7854112887746414E-004
        2143   1.6880842004284949E-004
        2144   1.6880842004284946E-004
        2145   1.5715481067659644E-004
        2146   1.8827383771207934E-004
        2147   1.8827383771207975E-004
        2148   1.9438907853597389E-004
        2149   1.9591174624314183E-004
        2150   1.4254227798634253E-004
        2151   1.4254227798634234E-004
        2152   1.3946630031017124E-004
        2153   1.3639032263400061E-004
        2154   2.4928121449994142E-004
        2155   2.4928121449994099E-004
        2156   2.8328722654761152E-004
        2157   1.9369207491931953E-004
        2158   1.8687983047877059E-004
        2159   1.8687983047877062E-004
        2160   1.9163759723163837E-004
        2161   2.5684430128989391E-004
        2162   1.4550120131034359E-004
        2163   1.8032872268986075E-004
        2171   1.2360350969437776E-004
        2172   2.4720701938875551E-004
        2173   2.3118163172906680E-004
        2174   2.4720701938875551E-004
        2231   3.5753316628137034E-004
        2232   1.6933832520518624E-004
        2233   1.6346454380989847E-004
        2234   8.1732271904949236E-005
        2235   1.7521210660047406E-004
        2236   2.3047082854789884E-004
        2237   2.8572955049532356E-004
        2238   2.7287851045296565E-004
        2239   2.6002747041060752E-004
        2240   3.0878031834598898E-004
        2253   3.3992743224647907E-004
        2254   3.2232169821158759E-004
        2255   3.2232169821158803E-004
        2256   3.2232169821158803E-004
        2257   2.7317468146179416E-004
        2258   2.2402766471200068E-004
        2259   2.2402766471200090E-004
        2260   2.2402766471200057E-004
        2261   2.1362864464793182E-004
        2262   2.0322962458386241E-004
        2263   1.6980997360893107E-004
        2264   1.3639032263400034E-004
        2265   1.7854112887746469E-004
        2266   1.6880842004284930E-004
        2267   1.5715481067659663E-004
        2268   1.4550120131034397E-004
        2269   1.8827383771207934E-004
        2270   1.9438907853597381E-004
        2271   2.0050431935986828E-004
        2272   1.9591174624314226E-004
        2273   1.4254227798634234E-004
        2274   1.3946630031017100E-004
        2275   1.3639032263399985E-004
        2276   1.3639032263400061E-004
        2277   2.4928121449994175E-004
        2278   2.8328722654761130E-004
        2279   3.1729323859528178E-004
        2280   1.9369207491931950E-004
        2281   1.8687983047877053E-004
        2282   1.9163759723163853E-004
        2283   1.9639536398450565E-004
        2284   2.5684430128989364E-004
        2285   1.9894262898984547E-004
        2286   1.4550120131034394E-004
        2287   1.8032872268986167E-004
        2288   2.1515624406937900E-004
        2295   1.2360350969437776E-004
        2296   2.4720701938875551E-004
        2297   2.3118163172906723E-004
        2359   3.5753316628137132E-004
        2360   3.5753316628137110E-004
        2361   1.6933832520518624E-004
        2362   8.1732271904949236E-005
        2363   2.3047082854789884E-004
        2364   2.8572955049532356E-004
        2365   2.8572955049532356E-004
        2366   2.7287851045296554E-004
        2367   3.0878031834598920E-004
        2380   3.3992743224647956E-004
        2381   3.2232169821158781E-004
        2382   3.2232169821158759E-004
        2383   3.2232169821158759E-004
        2384   2.7317468146179416E-004
        2385   2.2402766471200038E-004
        2386   2.2402766471200076E-004
        2387   2.2402766471200073E-004
        2388   2.1362864464793171E-004
        2389   1.6980997360893109E-004
        2390   1.3639032263399985E-004
        2391   1.3639032263400034E-004
        2392   1.7854112887746395E-004
        2393   1.5715481067659663E-004
        2394   1.9894262898984585E-004
        2395   2.5238405666934736E-004
        2396   1.9438907853597368E-004
        2397   2.0050431935986839E-004
        2398   2.0050431935986831E-004
        2399   1.9591174624314172E-004
        2400   1.3946630031017130E-004
        2401   1.3639032263400102E-004
        2402   1.3639032263399985E-004
        2403   1.3639032263400012E-004
        2404   2.8328722654761136E-004
        2405   3.1729323859528178E-004
        2406   3.1729323859528178E-004
        2407   1.9369207491931950E-004
        2408   1.9163759723163853E-004
        2409   1.9639536398450609E-004
        2410   1.9639536398450601E-004
        2411   2.5684430128989434E-004
        2412   2.5238405666934752E-004
        2413   2.5238405666934736E-004
        2414   1.9894262898984585E-004
        2415   1.8032872268986097E-004
        2416   2.1515624406937770E-004
        2417   2.1515624406937770E-004
        2423   1.2360350969437776E-004
        2424   2.3118163172906636E-004
        2489   3.2230413340438604E-004
        2490   3.2230413340438588E-004
        2491   3.2230413340438588E-004
        2492   1.5521746952833584E-004
        2493   2.9631408337982127E-004
        2494   2.9631408337982127E-004
        2495   2.9631408337982127E-004
        2496   2.9149440524690401E-004
        2509   2.7792042248891199E-004
        2510   3.3341102393056915E-004
        2511   3.3341102393056899E-004
        2512   3.3341102393056861E-004
        2513   2.8690801024002465E-004
        2514   2.5413832532771247E-004
        2515   2.5413832532771317E-004
        2516   2.5413832532771382E-004
        2517   1.6563992250058542E-004
        2518   1.4116662988211126E-004
        2519   1.4116662988211142E-004
        2520   1.4116662988211245E-004
        2521   2.3650622780776851E-004
        2522   2.5238405666934768E-004
        2523   2.5238405666934730E-004
        2524   2.5238405666934752E-004
        2525   2.0584289722132146E-004
        2526   2.0584289722132059E-004
        2527   2.0584289722132081E-004
        2528   2.2701793353891003E-004
        2529   1.7650713582892302E-004
        2530   1.5430285962188939E-004
        2531   1.7650713582892280E-004
        2532   1.7650713582892255E-004
        2533   3.0863491854466639E-004
        2534   3.0863491854466639E-004
        2535   3.0863491854466634E-004
        2536   2.2712922946372340E-004
        2537   2.5251066087140801E-004
        2538   2.5251066087140757E-004
        2539   2.5251066087140893E-004
        2540   2.4995341984120442E-004
        2541   1.6412965018854287E-004
        2542   2.0902267589478291E-004
        2543   2.0902267589478188E-004
        2544   2.0902267589478188E-004
        2545   2.1752183663758894E-004
        2546   2.2964843453468817E-004
        2547   2.2964843453468817E-004
        2548   2.2964843453468817E-004
        2553   1.5844075224302198E-004
        2623   3.2158366039548186E-004
        2624   2.8707510052740088E-004
        2625   2.8707510052740056E-004
        2626   2.6938881401490102E-004
        2627   1.5344930813215949E-004
        2628   3.0689861626431898E-004
        2629   3.0689861626431898E-004
        2630   2.7930057188336023E-004
        2642   3.5029628495655645E-004
        2643   3.4450034964955066E-004
        2644   3.4450034964955060E-004
        2645   3.1437466779648773E-004
        2646   2.8424898594342501E-004
        2647   2.8424898594342631E-004
        2648   2.1509596153682499E-004
        2649   3.5609222026356294E-004
        2650   1.4594293713022320E-004
        2651   1.4594293713022334E-004
        2652   2.1820628171974330E-004
        2653   1.5717424633617007E-004
        2654   2.3178276587606118E-004
        2655   2.5238405666934795E-004
        2656   2.5238405666934747E-004
        2657   2.0156868622764077E-004
        2658   2.1118147508277440E-004
        2659   2.1118147508277299E-004
        2660   2.3518495260044058E-004
        2661   2.5830027375894839E-004
        2662   2.1662394902384520E-004
        2663   2.5354678766655384E-004
        2664   2.1662394902384474E-004
        2665   2.9997659849405106E-004
        2666   2.9997659849405101E-004
        2667   2.5435118738290313E-004
        2668   1.8871468010753603E-004
        2669   2.8390719393820991E-004
        2670   3.0862595775830971E-004
        2671   3.0862595775830960E-004
        2672   2.3866477085081388E-004
        2673   1.6462823600331105E-004
        2674   1.6566129512021640E-004
        2675   1.6566129512021640E-004
        2676   2.2397444638823320E-004
        2677   2.6321411132812500E-004
        2678   2.4414062499999997E-004
        2679   2.4414062499999997E-004
        2680   2.4414062499999997E-004
        2684   1.2207031250000000E-004
        2760   3.2158366039548229E-004
        2761   2.8707510052740126E-004
        2762   2.6938881401490113E-004
        2763   2.5170252750240148E-004
        2764   1.5344930813215949E-004
        2765   3.0689861626431898E-004
        2766   2.7930057188336023E-004
        2777   3.5609222026356294E-004
        2778   3.5029628495655688E-004
        2779   3.4450034964955120E-004
        2780   3.1437466779648811E-004
        2781   2.8424898594342550E-004
        2782   2.1509596153682504E-004
        2783   3.5609222026356294E-004
        2784   3.2505069622536275E-004
        2785   1.4594293713022317E-004
        2786   2.1820628171974186E-004
        2787   2.9046962630926130E-004
        2788   1.6359517688640431E-004
        2789   1.5717424633616945E-004
        2790   1.5075331578593402E-004
        2791   2.3178276587606063E-004
        2792   2.5238405666934741E-004
        2793   2.0156868622764074E-004
        2794   2.1118147508277418E-004
        2795   2.3518495260044006E-004
        2796   2.5918843011810860E-004
        2797   2.5830027375894806E-004
        2798   2.1662394902384474E-004
        2799   2.5354678766655329E-004
        2800   2.9997659849405106E-004
        2801   2.5435118738290351E-004
        2802   2.0872577627175553E-004
        2803   1.8871468010753605E-004
        2804   1.6870358394331588E-004
        2805   2.8390719393820953E-004
        2806   3.0862595775830938E-004
        2807   2.3866477085081238E-004
        2808   1.6462823600331034E-004
        2809   1.6566129512021640E-004
        2810   2.2397444638823320E-004
        2811   2.8228759765624995E-004
        2812   2.6321411132812500E-004
        2813   2.4414062499999997E-004
        2814   2.4414062499999997E-004
        2815   2.4414062499999997E-004
        2818   1.2207031250000000E-004
        2901   3.2158366039548186E-004
        2902   2.6938881401490080E-004
        2903   2.5170252750240105E-004
        2904   2.5170252750240148E-004
        2905   1.5344930813215949E-004
        2906   2.7930057188336023E-004
        2916   3.2505069622536188E-004
        2917   2.9400917218716234E-004
        2918   3.5029628495655748E-004
        2919   3.1437466779648849E-004
        2920   2.1509596153682423E-004
        2921   3.2505069622536302E-004
        2922   2.9400917218716266E-004
        2923   2.9400917218716353E-004
        2924   2.1820628171974164E-004
        2925   2.9046962630926022E-004
        2926   2.9046962630926098E-004
        2927   1.6359517688640431E-004
        2928   1.6359517688640431E-004
        2929   1.5717424633616893E-004
        2930   1.5075331578593348E-004
        2931   1.5075331578593402E-004
        2932   2.3178276587606042E-004
        2933   2.0156868622764077E-004
        2934   2.3518495260044052E-004
        2935   2.5918843011810740E-004
        2936   2.5918843011810914E-004
        2937   2.5830027375894785E-004
        2938   2.5354678766655297E-004
        2939   2.5435118738290313E-004
        2940   2.0872577627175531E-004
        2941   2.0872577627175553E-004
        2942   1.8871468010753559E-004
        2943   1.6870358394331541E-004
        2944   1.6870358394331541E-004
        2945   2.8390719393820937E-004
        2946   2.3866477085081211E-004
        2947   1.6462823600331034E-004
        2948   2.2397444638823320E-004
        2949   2.8228759765624995E-004
        2950   2.8228759765624995E-004
        2951   2.6321411132812500E-004
        2952   2.4414062499999997E-004
        2953   2.4414062499999997E-004
        2954   2.4414062499999997E-004
        2956   1.2207031250000000E-004
        3049   2.6081887863971530E-004
        3050   2.2410448312144184E-004
        3051   2.2410448312144273E-004
        3052   2.2410448312144273E-004
        3053   1.2585126375120074E-004
        3062   2.3676849240222467E-004
        3063   2.3676849240222573E-004
        3064   2.3676849240222614E-004
        3065   3.9417416589146670E-004
        3066   2.9141962246684571E-004
        3067   1.8944309563970199E-004
        3068   2.9141962246684696E-004
        3069   2.9141962246684636E-004
        3070   3.2571062871417203E-004
        3071   3.2571062871417290E-004
        3072   3.2571062871417344E-004
        3073   1.6192798192928920E-004
        3074   1.6192798192928920E-004
        3075   1.6192798192928920E-004
        3076   1.3687426549671987E-004
        3077   1.6388799492181278E-004
        3078   1.6388799492181330E-004
        3079   1.6388799492181349E-004
        3080   2.2503779086673474E-004
        3081   2.7944261180233001E-004
        3082   2.7944261180232953E-004
        3083   2.7944261180233012E-004
        3084   3.1927979553492293E-004
        3085   2.3296277848893512E-004
        3086   2.3296277848893510E-004
        3087   2.3296277848893520E-004
        3088   1.7517927980145230E-004
        3089   1.8677473794452985E-004
        3090   1.8677473794452985E-004
        3091   1.8677473794452960E-004
        3092   2.7601310859842818E-004
        3093   2.0825820275848883E-004
        3094   2.7084350585937495E-004
        3095   2.7084350585937495E-004
        3096   2.7084350585937495E-004
        3097   2.1235148111979163E-004
        3098   2.4414062499999997E-004
        3099   2.4414062499999997E-004
        3100   2.4414062499999997E-004
        3101   8.1380208333333329E-005
        3198   1.8801712567888566E-004
        3199   1.9650643874048393E-004
        3200   1.9650643874048393E-004
        3201   9.8253219370241979E-005
        3209   1.7952781261728820E-004
        3210   1.7952781261728820E-004
        3211   1.7103849955569074E-004
        3212   1.8714575814361483E-004
        3213   3.2489085193280641E-004
        3214   2.8883007274652892E-004
        3215   2.5028620126983333E-004
        3216   2.8883007274652979E-004
        3217   3.6095163111908444E-004
        3218   3.6095163111908574E-004
        3219   3.2134152120225795E-004
        3220   1.8930286641278133E-004
        3221   1.6026078697217424E-004
        3222   1.6026078697217424E-004
        3223   1.6493721312514485E-004
        3224   1.7331815666790385E-004
        3225   1.7702267405769216E-004
        3226   1.7702267405769219E-004
        3227   2.3835973377212208E-004
        3228   2.9969679348655132E-004
        3229   2.9969679348655095E-004
        3230   2.5526103215635620E-004
        3231   2.0750899716926946E-004
        3232   2.6946559599577339E-004
        3233   2.5719978070611483E-004
        3234   2.5719978070611483E-004
        3235   2.3440021332395058E-004
        3236   2.0822326894376534E-004
        3237   2.0484589194574428E-004
        3238   2.0484589194574428E-004
        3239   2.0451930772906070E-004
        3240   2.3887217995794413E-004
        3241   2.5939941406249995E-004
        3242   2.5939941406249995E-004
        3243   2.5177001953125000E-004
        3244   2.4414062499999997E-004
        3245   2.4414062499999997E-004
        3246   1.2207031250000000E-004
        3345   1.8801712567888609E-004
        3346   1.9650643874048393E-004
        3347   9.8253219370241979E-005
        3354   1.7952781261728820E-004
        3355   1.7103849955569031E-004
        3356   1.6254918649409239E-004
        3357   1.8714575814361440E-004
        3358   2.1174232979313638E-004
        3359   3.2489085193280662E-004
        3360   2.8883007274652892E-004
        3361   2.5028620126983279E-004
        3362   3.6095163111908503E-004
        3363   3.2134152120225816E-004
        3364   2.8173141128543151E-004
        3365   1.8930286641278163E-004
        3366   2.1834494585338857E-004
        3367   1.6026078697217443E-004
        3368   1.6493721312514550E-004
        3369   1.6961363927811606E-004
        3370   1.7331815666790393E-004
        3371   1.7702267405769230E-004
        3372   2.3835973377212162E-004
        3373   2.9969679348655132E-004
        3374   2.5526103215635647E-004
        3375   2.1082527082616132E-004
        3376   2.0750899716926867E-004
        3377   2.0419272351237779E-004
        3378   2.6946559599577442E-004
        3379   2.5719978070611483E-004
        3380   2.3440021332395123E-004
        3381   2.1160064594178638E-004
        3382   2.0822326894376534E-004
        3383   2.0484589194574428E-004
        3384   2.0451930772906118E-004
        3385   2.3887217995794413E-004
        3386   2.5939941406249995E-004
        3387   2.5177001953125000E-004
        3388   2.4414062499999997E-004
        3389   1.2207031250000000E-004
        3490   1.8801712567888609E-004
        3491   9.8253219370241979E-005
        3497   1.7103849955569031E-004
        3498   1.6254918649409239E-004
        3499   1.6254918649409239E-004
        3500   1.8714575814361440E-004
        3501   2.1174232979313636E-004
        3502   2.1174232979313636E-004
        3503   3.2489085193280662E-004
        3504   2.5028620126983262E-004
        3505   3.2134152120225903E-004
        3506   2.8173141128543243E-004
        3507   2.8173141128543243E-004
        3508   1.8930286641278150E-004
        3509   2.1834494585338887E-004
        3510   2.1834494585338859E-004
        3511   1.6493721312514485E-004
        3512   1.6961363927811606E-004
        3513   1.6961363927811682E-004
        3514   1.7331815666790461E-004
        3515   2.3835973377212211E-004
        3516   2.5526103215635680E-004
        3517   2.1082527082616121E-004
        3518   2.1082527082616118E-004
        3519   2.0750899716926911E-004
        3520   2.0419272351237676E-004
        3521   2.0419272351237779E-004
        3522   2.6946559599577257E-004
        3523   2.3440021332395123E-004
        3524   2.1160064594178709E-004
        3525   2.1160064594178638E-004
        3526   2.0822326894376515E-004
        3527   2.0451930772906072E-004
        3528   2.3887217995794413E-004
        3529   2.5177001953125000E-004
        3530   1.2207031250000000E-004
        3561  -1.1819506448412602E-004
        3562  -1.7729259672618903E-004
        3563  -1.7729259672618903E-004
        3564  -1.7729259672618903E-004
        3565  -1.7729259672618903E-004
        3566  -1.7729259672618903E-004
        3567  -1.7729259672618903E-004
        3568  -1.6193577311566921E-004
        3605  -1.5775488797949605E-004
        3633   8.9763906308644101E-005
        3638   8.1274593247046209E-005
        3639   8.1274593247046209E-005
        3640   8.1274593247046209E-005
        3641   1.0587116489656819E-004
        3642   2.3633890144265793E-004
        3643   2.3633890144265747E-004
        3644   2.3633890144265790E-004
        3645   2.7217630909724954E-004
        3646   2.5529917391628340E-004
        3647   2.5529917391628308E-004
        3648   2.5529917391628188E-004
        3649   2.0771098282014677E-004
        3650   2.4524588208049415E-004
        3651   2.4524588208049421E-004
        3652   2.4524588208049410E-004
        3653   2.2002295396260211E-004
        3654   2.2002295396260230E-004
        3655   2.2002295396260322E-004
        3656   2.4050486072109753E-004
        3657   1.8359047312414714E-004
        3658   1.8359047312414698E-004
        3659   1.8359047312414665E-004
        3660   1.5657322801334968E-004
        3661   1.8217736075452521E-004
        3662   1.8217736075452556E-004
        3663   1.8217736075452578E-004
        3664   2.5455894771502511E-004
        3665   2.3149793874387611E-004
        3666   2.3149793874387487E-004
        3667   2.3149793874387506E-004
        3668   2.0429214221939326E-004
        3669   1.6567196720391464E-004
        3702  -3.5458519345237828E-004
        3703  -3.5458519345237801E-004
        3704  -2.9597206721229918E-004
        3705  -3.5458519345237801E-004
        3706  -3.1050424727182288E-004
        3707  -3.5458519345237893E-004
        3708  -3.5458519345237893E-004
        3709  -3.1941385766546057E-004
        3710  -3.0851472262081818E-004
        3711  -1.6639346168154700E-004
        3747  -3.2552083333333028E-004
        3748  -1.6276041666666514E-004
        3783   1.3046773654609017E-004
        3784   2.6093547309217948E-004
        3785   2.6093547309217861E-004
        3786   2.4490120481965614E-004
        3787   2.2886693654713286E-004
        3788   2.2886693654713313E-004
        3789   2.6271330840542747E-004
        3790   2.1294985325480013E-004
        3791   2.1380712808505563E-004
        3792   2.7214681830759960E-004
        3793   2.7214681830759960E-004
        3794   1.3607340915379983E-004
        3795   2.7043226864708882E-004
        3796   2.7043226864708963E-004
        3797   2.1475755562796239E-004
        3798   1.5771925901548374E-004
        3799   1.5635567542213345E-004
        3800   1.5635567542213294E-004
        3801   1.8212968787244288E-004
        3802   1.8403284915971416E-004
        3803   1.6016199799667413E-004
        3804   1.6016199799667440E-004
        3805   1.7685918018524403E-004
        3806   2.7397745590484318E-004
        3807   2.5139523154596341E-004
        3808   2.5139523154596341E-004
        3809   2.2247579695988857E-004
        3842  -3.5458519345237948E-004
        3843  -3.5458519345237975E-004
        3844  -2.9597206721230064E-004
        3845  -2.6642330109126889E-004
        3846  -3.1050424727182397E-004
        3847  -3.5458519345237980E-004
        3848  -3.1941385766546046E-004
        3849  -2.8424252187854210E-004
        3850  -3.0851472262081737E-004
        3851  -3.3278692336309308E-004
        3852  -3.2552083333333201E-004
        3853  -1.6639346168154700E-004
        3888  -2.6144910214552064E-004
        3889  -3.2552083333333028E-004
        3890  -1.6276041666666514E-004
        3926   1.3046773654609017E-004
        3927   2.6093547309217948E-004
        3928   2.4490120481965576E-004
        3929   2.2886693654713315E-004
        3930   2.6271330840542780E-004
        3931   2.9655968026372215E-004
        3932   2.1294985325480005E-004
        3933   1.5546743786251169E-004
        3934   2.1380712808505560E-004
        3935   2.7214681830759960E-004
        3936   1.3607340915379983E-004
        3937   2.7043226864708963E-004
        3938   2.1475755562796217E-004
        3939   1.5908284260883438E-004
        3940   1.5771925901548334E-004
        3941   1.5635567542213378E-004
        3942   1.8212968787244434E-004
        3943   2.0790370032275555E-004
        3944   1.8403284915971495E-004
        3945   1.6016199799667456E-004
        3946   1.7685918018524370E-004
        3947   1.9355636237381336E-004
        3948   2.7397745590484275E-004
        3949   2.5139523154596341E-004
        3950   2.2247579695988819E-004
        3983  -2.9597206721230075E-004
        3984  -3.5458519345237980E-004
        3985  -3.1050424727182429E-004
        3986  -2.6642330109126895E-004
        3987  -2.6642330109126830E-004
        3988  -3.1941385766546046E-004
        3989  -2.8424252187854107E-004
        3990  -2.8424252187854145E-004
        3991  -3.0851472262081705E-004
        3992  -3.3278692336309221E-004
        3993  -3.3278692336309308E-004
        3994  -2.6144910214552129E-004
        3995  -1.9737737095771083E-004
        3996  -1.6639346168154700E-004
        4030  -1.9737737095771086E-004
        4031  -1.9737737095771040E-004
        4032  -2.6144910214551999E-004
        4033  -1.6276041666666514E-004
        4070   1.3046773654609017E-004
        4071   2.4490120481965647E-004
        4072   2.6271330840542780E-004
        4073   2.9655968026372215E-004
        4074   2.9655968026372215E-004
        4075   2.1294985325480046E-004
        4076   1.5546743786251169E-004
        4077   1.5546743786251199E-004
        4078   2.1380712808505582E-004
        4079   1.3607340915379983E-004
        4080   2.1475755562796217E-004
        4081   1.5908284260883417E-004
        4082   1.5908284260883362E-004
        4083   1.5771925901548410E-004
        4084   1.8212968787244445E-004
        4085   2.0790370032275444E-004
        4086   2.0790370032275335E-004
        4087   1.8403284915971362E-004
        4088   1.7685918018524354E-004
        4089   1.9355636237381320E-004
        4090   1.9355636237381320E-004
        4091   2.7397745590484275E-004
        4092   2.2247579695988806E-004
        4125  -2.2730209397580422E-004
        4126  -2.9064360119047478E-004
        4127  -3.1680152529761787E-004
        4128  -2.9064360119047434E-004
        4129  -2.9064360119047391E-004
        4130  -3.0517578124999881E-004
        4131  -3.0517578124999772E-004
        4132  -3.0517578124999794E-004
        4133  -2.7709403619863114E-004
        4134  -3.0270987326738713E-004
        4135  -3.0270987326738659E-004
        4136  -3.0270987326738692E-004
        4137  -2.2850226407027203E-004
        4138  -2.2850226407027262E-004
        4139  -2.2850226407027203E-004
        4140  -1.3978828614434196E-004
        4173  -2.5224182220965258E-004
        4174  -2.5112474735696416E-004
        4175  -2.5112474735696356E-004
        4176  -2.5112474735696308E-004
        4177  -1.3796172134120942E-004
        4213   1.3106034831717264E-004
        4214   1.4827984013186107E-004
        4215   1.4827984013186107E-004
        4216   1.4827984013186107E-004
        4217   1.5544113190409496E-004
        4218   1.6486819462276092E-004
        4219   1.6486819462276220E-004
        4220   1.6486819462276220E-004
        4221   1.0031386792552067E-004
        4222   1.6623906676598027E-004
        4223   1.6623906676598027E-004
        4224   1.6623906676598114E-004
        4225   2.0974534338796011E-004
        4226   2.6911153136122297E-004
        4227   2.6911153136122330E-004
        4228   2.6911153136122324E-004
        4229   2.1367718971568929E-004
        4230   1.8599258073006501E-004
        4231   1.8599258073006547E-004
        4232   1.8599258073006455E-004
        4233   1.5332334554496902E-004
        4266  -2.8724552923625740E-004
        4267  -3.1486390128968017E-004
        4268  -3.2048647095556831E-004
        4269  -3.1486390128967947E-004
        4270  -3.2610904062145454E-004
        4271  -3.2610904062145503E-004
        4272  -2.6144739099723914E-004
        4273  -2.2339645407850911E-004
        4274  -2.6131999497783898E-004
        4275  -2.7263282317168178E-004
        4276  -2.7263282317168015E-004
        4277  -2.5297139675147803E-004
        4278  -2.5962715718283387E-004
        4279  -2.5962715718283387E-004
        4280  -2.9649623788608782E-004
        4281  -2.5923974197536453E-004
        4282  -1.1665498516563838E-004
        4312  -2.0910448138590420E-004
        4313  -2.3309479741041861E-004
        4314  -2.6898346058331832E-004
        4315  -3.0487212375621651E-004
        4316  -3.0487212375621651E-004
        4317  -1.5243606187810826E-004
        4355   2.8086727552545447E-004
        4356   1.7383212115306855E-004
        4357   1.7426895138301229E-004
        4358   1.7426895138301229E-004
        4359   8.7134475691506147E-005
        4360   1.7339529092312621E-004
        4361   1.7339529092312640E-004
        4362   2.0240523978717228E-004
        4363   3.3031936239969270E-004
        4364   3.3031936239969351E-004
        4365   2.7100613925729131E-004
        4366   1.9506085760060250E-004
        4367   1.7842879908631752E-004
        4368   1.7842879908631665E-004
        4369   8.9214399543157893E-005
        4402  -2.8724552923625735E-004
        4403  -3.1486390128968023E-004
        4404  -3.2048647095556695E-004
        4405  -3.2610904062145579E-004
        4406  -2.6144739099723962E-004
        4407  -1.9678574137302235E-004
        4408  -2.2339645407850868E-004
        4409  -2.5000716678399564E-004
        4410  -2.6131999497783909E-004
        4411  -2.7263282317168097E-004
        4412  -2.5297139675147716E-004
        4413  -2.3330997033127587E-004
        4414  -2.5962715718283458E-004
        4415  -2.9649623788608875E-004
        4416  -3.3336531858934308E-004
        4417  -2.5923974197536399E-004
        4418  -1.8511416536138724E-004
        4419  -1.1665498516563838E-004
        4446  -2.0910448138590431E-004
        4447  -2.3309479741041861E-004
        4448  -1.9336562458829005E-004
        4449  -2.3309479741041720E-004
        4450  -2.6898346058331680E-004
        4451  -3.0487212375621651E-004
        4452  -1.5243606187810826E-004
        4488   2.8086727552545398E-004
        4489   2.3141518865121586E-004
        4490   1.7383212115306990E-004
        4491   1.7426895138301229E-004
        4492   8.7134475691506147E-005
        4493   1.7339529092312672E-004
        4494   2.0240523978717063E-004
        4495   3.3031936239969286E-004
        4496   2.7100613925729050E-004
        4497   2.1169291611488838E-004
        4498   1.9506085760060294E-004
        4499   1.7842879908631665E-004
        4500   8.9214399543157893E-005
        4533  -2.8724552923625865E-004
        4534  -3.2048647095556885E-004
        4535  -2.6144739099723924E-004
        4536  -1.9678574137302202E-004
        4537  -1.9678574137302186E-004
        4538  -2.2339645407850822E-004
        4539  -2.5000716678399483E-004
        4540  -2.5000716678399564E-004
        4541  -2.6131999497783844E-004
        4542  -2.5297139675147803E-004
        4543  -2.3330997033127500E-004
        4544  -2.3330997033127587E-004
        4545  -2.9649623788608950E-004
        4546  -3.3336531858934400E-004
        4547  -3.3336531858934367E-004
        4548  -2.5923974197536497E-004
        4549  -1.8511416536138599E-004
        4550  -1.8511416536138735E-004
        4551  -1.1665498516563838E-004
        4575  -2.0910448138590452E-004
        4576  -1.9336562458829173E-004
        4577  -1.5363645176616353E-004
        4578  -1.5363645176616280E-004
        4579  -1.5363645176616291E-004
        4580  -1.9336562458829005E-004
        4581  -2.6898346058331680E-004
        4582  -1.5243606187810826E-004
        4616   2.8086727552545393E-004
        4617   2.3141518865121429E-004
        4618   2.3141518865121466E-004
        4619   1.7383212115307042E-004
        4620   8.7134475691506147E-005
        4621   2.0240523978717084E-004
        4622   2.7100613925729083E-004
        4623   2.1169291611488841E-004
        4624   2.1169291611488841E-004
        4625   1.9506085760060253E-004
        4626   8.9214399543157893E-005
        4659  -3.9540988032566685E-004
        4660  -2.1753307029199033E-004
        4661  -2.1753307029199033E-004
        4662  -2.1753307029199017E-004
        4663  -1.8663871863750328E-004
        4664  -2.2897052694310699E-004
        4665  -2.2897052694310734E-004
        4666  -2.2897052694310690E-004
        4667  -2.4099745544715003E-004
        4668  -2.3718020648907004E-004
        4669  -2.3718020648906961E-004
        4670  -2.3718020648906999E-004
        4671  -3.5343609220180093E-004
        4672  -3.5343609220180082E-004
        4673  -3.5343609220180088E-004
        4674  -2.1934703981390188E-004
        4675  -1.9086996162410622E-004
        4676  -1.9086996162410554E-004
        4677  -1.9086996162410625E-004
        4678  -1.3722102667650015E-004
        4699  -1.8645556367963086E-004
        4700  -1.5363645176616323E-004
        4701  -1.5363645176616312E-004
        4702  -1.5363645176616345E-004
        4703  -9.4653334632798024E-005
        4704  -1.3870982133343870E-004
        4705  -1.3870982133343932E-004
        4706  -1.3870982133343992E-004
        4707  -1.3589776063891891E-004
        4739   2.1129585937444711E-004
        4740   2.3929451659582932E-004
        4741   2.3929451659582954E-004
        4742   2.3929451659582908E-004
        4743   1.3770887924963336E-004
        4744   2.2943338032766592E-004
        4745   2.2943338032766638E-004
        4746   2.2943338032766638E-004
        4747   1.0621592662360808E-004
        4780  -2.4105044264686453E-004
        4781  -3.5171386184334964E-004
        4782  -2.8410062854170005E-004
        4783  -2.3828039921095873E-004
        4784  -2.3828039921095840E-004
        4785  -2.3255275828289157E-004
        4786  -2.1737950222852271E-004
        4787  -2.0793388710221942E-004
        4788  -2.0793388710221812E-004
        4789  -2.2449216487454145E-004
        4790  -2.4105044264686421E-004
        4791  -2.4105044264686413E-004
        4792  -2.9500809486386251E-004
        4793  -3.7350686581425808E-004
        4794  -3.7350686581425841E-004
        4795  -3.0048849852292592E-004
        4796  -2.1204794455920956E-004
        4797  -1.9662575788682510E-004
        4798  -1.9662575788682515E-004
        4799  -1.9662575788682542E-004
        4800  -1.7448287354043007E-004
        4819  -1.7513110482649427E-004
        4820  -1.5363645176616310E-004
        4821  -1.5363645176616342E-004
        4822  -1.4525018256495353E-004
        4823  -1.3032355213222940E-004
        4824  -1.2378319090071522E-004
        4825  -1.2378319090071695E-004
        4826  -6.1891595450358489E-005
        4857   2.4717384454044403E-004
        4858   2.4717384454044436E-004
        4859   2.4717384454044436E-004
        4860   1.2358692227022218E-004
        4861   2.4717384454044436E-004
        4862   2.4717384454044436E-004
        4863   1.2358692227022218E-004
        4898  -2.4105044264686445E-004
        4899  -2.4105044264686480E-004
        4900  -3.5171386184334926E-004
        4901  -3.2992085787244136E-004
        4902  -2.8410062854169999E-004
        4903  -2.3828039921095829E-004
        4904  -2.3255275828289149E-004
        4905  -2.2682511735482586E-004
        4906  -2.1737950222852317E-004
        4907  -2.0793388710221850E-004
        4908  -2.2449216487454145E-004
        4909  -2.4105044264686421E-004
        4910  -2.9500809486386305E-004
        4911  -3.4896574708086095E-004
        4912  -3.7350686581425841E-004
        4913  -3.0048849852292597E-004
        4914  -2.2747013123159315E-004
        4915  -1.9662575788682634E-004
        4916  -2.1204794455920921E-004
        4917  -1.9662575788682499E-004
        4918  -1.9662575788682537E-004
        4919  -1.7448287354043007E-004
        4936  -1.7513110482649490E-004
        4937  -1.5363645176616310E-004
        4938  -1.4525018256495264E-004
        4939  -1.3686391336374302E-004
        4940  -1.3032355213222940E-004
        4941  -1.2378319090071695E-004
        4942  -6.1891595450358489E-005
        4972   2.4717384454044436E-004
        4973   2.4717384454044436E-004
        4974   1.2358692227022218E-004
        4975   2.4717384454044436E-004
        4976   1.2358692227022218E-004
        5013  -2.4105044264686388E-004
        5014  -2.4105044264686480E-004
        5015  -2.4105044264686480E-004
        5016  -3.5171386184335089E-004
        5017  -3.2992085787244169E-004
        5018  -3.2992085787244158E-004
        5019  -2.8410062854169994E-004
        5020  -2.3255275828289260E-004
        5021  -2.2682511735482670E-004
        5022  -2.2682511735482586E-004
        5023  -2.1737950222852192E-004
        5024  -2.2449216487454126E-004
        5025  -2.9500809486386240E-004
        5026  -3.4896574708086182E-004
        5027  -3.4896574708086095E-004
        5028  -3.0048849852292592E-004
        5029  -2.2747013123159315E-004
        5030  -2.2747013123159353E-004
        5031  -1.9662575788682634E-004
        5032  -1.9662575788682583E-004
        5033  -2.1204794455920951E-004
        5034  -1.9662575788682521E-004
        5035  -1.7448287354043007E-004
        5050  -1.7513110482649463E-004
        5051  -1.4525018256495321E-004
        5052  -1.3686391336374302E-004
        5053  -1.3686391336374245E-004
        5054  -1.3032355213222967E-004
        5055  -6.1891595450358489E-005
        5084   2.4717384454044436E-004
        5085   1.2358692227022218E-004
        5086   1.2358692227022218E-004
        5125  -2.8733406272543204E-004
        5126  -2.8097587002696246E-004
        5127  -2.8097587002696311E-004
        5128  -2.8097587002696327E-004
        5129  -2.6465919750736597E-004
        5130  -3.0707374055290149E-004
        5131  -3.0707374055290155E-004
        5132  -3.0707374055290230E-004
        5133  -2.8217654134044115E-004
        5134  -2.6114575589705709E-004
        5135  -2.6114575589705600E-004
        5136  -2.6114575589705568E-004
        5137  -2.5801854521828620E-004
        5138  -3.4896574708086128E-004
        5139  -3.4896574708086095E-004
        5140  -3.4896574708086041E-004
        5141  -2.1887291445795383E-004
        5142  -2.1887291445795492E-004
        5143  -2.1887291445795546E-004
        5144  -1.9804258657246318E-004
        5145  -1.9804258657246315E-004
        5146  -1.9804258657246264E-004
        5147  -2.3553412431671510E-004
        5148  -1.1632191569362004E-004
        5161  -2.6269443537880988E-004
        5162  -2.2743945255685006E-004
        5163  -2.2743945255685003E-004
        5164  -2.2743945255684946E-004
        5165  -1.3619684364768697E-004
        5193   8.2391281513481449E-005
        5234  -1.8641535344626926E-004
        5235  -2.8601822328547201E-004
        5236  -2.7198599844857163E-004
        5237  -3.2090129740706020E-004
        5238  -3.2090129740706031E-004
        5239  -2.8841771488326068E-004
        5240  -2.2339081622079176E-004
        5241  -2.8422662323336064E-004
        5242  -2.8422662323336232E-004
        5243  -3.0128323958256441E-004
        5244  -3.0690312518552652E-004
        5245  -2.9546639443928698E-004
        5246  -2.9546639443928704E-004
        5247  -2.7570026339937418E-004
        5248  -3.4896574708086014E-004
        5249  -3.4896574708086014E-004
        5250  -1.7448287354043007E-004
        5251  -2.1027569768431616E-004
        5252  -2.1027569768431701E-004
        5253  -1.9874770197237000E-004
        5254  -2.1485523950144078E-004
        5255  -1.9945941525809994E-004
        5256  -1.9945941525809991E-004
        5257  -1.9749384747515350E-004
        5258  -1.9137399297631567E-004
        5271  -2.8578304112403415E-004
        5272  -3.2966500512662160E-004
        5273  -3.1801499174995650E-004
        5274  -3.1801499174995650E-004
        5275  -2.7826697881083294E-004
        5276  -1.1925948293585384E-004
        5343  -1.8641535344626956E-004
        5344  -1.6255500920822334E-004
        5345  -2.8601822328547103E-004
        5346  -2.2307069949008192E-004
        5347  -2.7198599844857049E-004
        5348  -3.2090129740705906E-004
        5349  -2.8841771488326030E-004
        5350  -2.5593413235946088E-004
        5351  -2.2339081622079211E-004
        5352  -2.8422662323336232E-004
        5353  -3.0128323958256441E-004
        5354  -3.1833985593176649E-004
        5355  -3.0690312518552614E-004
        5356  -2.9546639443928661E-004
        5357  -2.7570026339937439E-004
        5358  -3.4896574708086014E-004
        5359  -1.7448287354043007E-004
        5361  -2.1027569768431611E-004
        5362  -1.9874770197236900E-004
        5363  -1.8721970626042246E-004
        5364  -2.3025106374478259E-004
        5365  -2.1485523950144175E-004
        5366  -1.9945941525809991E-004
        5367  -1.9749384747515472E-004
        5368  -1.9552827969220837E-004
        5369  -1.9137399297631627E-004
        5381  -2.8578304112403420E-004
        5382  -3.4131501850328665E-004
        5383  -3.2966500512662155E-004
        5384  -3.1801499174995650E-004
        5385  -2.7826697881083381E-004
        5386  -2.3851896587170936E-004
        5387  -1.1925948293585384E-004
        5452  -1.8641535344626889E-004
        5453  -1.6255500920822299E-004
        5454  -1.6255500920822315E-004
        5455  -2.8601822328547125E-004
        5456  -2.2307069949008238E-004
        5457  -2.2307069949008260E-004
        5458  -2.7198599844857114E-004
        5459  -2.8841771488326084E-004
        5460  -2.5593413235946132E-004
        5461  -2.5593413235946132E-004
        5462  -2.2339081622079274E-004
        5463  -3.0128323958256441E-004
        5464  -3.1833985593176649E-004
        5465  -3.1833985593176682E-004
        5466  -3.0690312518552614E-004
        5467  -2.7570026339937401E-004
        5468  -1.7448287354043007E-004
        5471  -1.9874770197236865E-004
        5472  -1.8721970626042148E-004
        5473  -1.8721970626042148E-004
        5474  -2.3025106374478357E-004
        5475  -2.3025106374478357E-004
        5476  -2.1485523950144164E-004
        5477  -1.9749384747515497E-004
        5478  -1.9552827969220897E-004
        5479  -1.9552827969220894E-004
        5480  -1.9137399297631573E-004
        5491  -2.8578304112403512E-004
        5492  -3.4131501850328671E-004
        5493  -3.4131501850328671E-004
        5494  -3.2966500512662155E-004
        5495  -2.7826697881083289E-004
        5496  -2.3851896587171110E-004
        5497  -2.3851896587170942E-004
        5498  -1.1925948293585384E-004
        5561  -1.5452552153539433E-004
        5562  -1.7305318361896235E-004
        5563  -1.7305318361896310E-004
        5564  -1.7305318361896243E-004
        5565  -1.2372165751432627E-004
        5566  -1.9668209900254799E-004
        5567  -1.9668209900254726E-004
        5568  -1.9668209900254813E-004
        5569  -1.9194318397074733E-004
        5570  -2.1869680420616238E-004
        5571  -2.1869680420616192E-004
        5572  -2.1869680420616235E-004
        5573  -2.7205754316017225E-004
        5574  -2.8542099424191996E-004
        5575  -2.8542099424191990E-004
        5576  -2.8542099424192028E-004
        5577  -2.4725491525214878E-004
        5581  -1.8538553214506246E-004
        5582  -1.8538553214506154E-004
        5583  -1.8538553214506110E-004
        5584  -2.7814915962471790E-004
        5585  -2.7814915962471790E-004
        5586  -2.7814915962471833E-004
        5587  -2.1288887828406638E-004
        5588  -2.6078776759843095E-004
        5589  -2.6078776759843063E-004
        5590  -2.6078776759843117E-004
        5591  -2.4144658125795670E-004
        5601  -3.2031430547067196E-004
        5602  -3.4131501850328665E-004
        5603  -3.4131501850328665E-004
        5604  -3.4131501850328725E-004
        5605  -2.8750992686742865E-004
        5606  -2.1762671815097519E-004
        5607  -2.1762671815097693E-004
        5608  -2.1762671815097432E-004
        5609  -9.8367235215119628E-005
        5670  -1.8355135802970265E-004
        5671  -1.8355135802970260E-004
        5672  -1.8355135802970260E-004
        5673  -2.0225873833578569E-004
        5675  -8.5146749257507465E-005
        5676  -1.7029349851501320E-004
        5677  -1.7029349851501146E-004
        5678  -1.7587648728393764E-004
        5679  -1.8145947605286244E-004
        5680  -1.8145947605286244E-004
        5681  -1.8064348811515246E-004
        5682  -2.1558514000295266E-004
        5683  -2.3135314695805554E-004
        5684  -2.5250213255207374E-004
        5685  -2.5250213255207369E-004
        5686  -2.1616481636475824E-004
        5690  -1.8355135802970222E-004
        5691  -1.8355135802970124E-004
        5692  -2.1635842285755216E-004
        5693  -3.3371525381706486E-004
        5694  -3.2604725550465226E-004
        5695  -3.2604725550465226E-004
        5696  -3.2604725550465274E-004
        5697  -3.2604725550465280E-004
        5698  -3.2604725550465280E-004
        5699  -3.1660732794000333E-004
        5700  -2.7816644403037849E-004
        5711  -3.4147873828400976E-004
        5712  -3.4144462147091362E-004
        5713  -3.4131501850328725E-004
        5714  -3.4131501850328839E-004
        5715  -3.1523805732469070E-004
        5716  -2.4294778328816583E-004
        5717  -1.9673447043024183E-004
        5718  -1.9673447043024180E-004
        5719  -1.7584222270950503E-004
        5720  -7.7474987494385414E-005
        5779  -1.8355135802970238E-004
        5780  -1.8355135802970233E-004
        5781  -2.0225873833578634E-004
        5782  -2.2096611864186943E-004
        5785  -8.5146749257507465E-005
        5786  -1.7029349851501320E-004
        5787  -1.7587648728393664E-004
        5788  -1.8145947605286184E-004
        5789  -1.8064348811515159E-004
        5790  -2.1558514000295315E-004
        5791  -1.7982750017744248E-004
        5792  -2.1020416136403747E-004
        5793  -2.3135314695805627E-004
        5794  -2.5250213255207429E-004
        5795  -2.1616481636475824E-004
        5799  -1.8355135802970195E-004
        5800  -2.1635842285755213E-004
        5801  -2.4916548768540300E-004
        5802  -3.4138325212948017E-004
        5803  -3.3371525381706578E-004
        5804  -3.2604725550465226E-004
        5805  -3.2604725550465253E-004
        5806  -3.2604725550465280E-004
        5807  -3.1660732794000333E-004
        5808  -3.0716740037535386E-004
        5809  -2.7816644403037849E-004
        5821  -3.4157422443854103E-004
        5822  -3.4147873828401133E-004
        5823  -3.4144462147091460E-004
        5824  -3.4131501850328898E-004
        5825  -3.1523805732469070E-004
        5826  -2.8916109614609246E-004
        5827  -2.4294778328816673E-004
        5828  -1.9673447043024270E-004
        5829  -1.7584222270950592E-004
        5830  -1.5494997498877080E-004
        5831  -7.7474987494385414E-005
        5888  -1.8355135802970208E-004
        5889  -2.0225873833578574E-004
        5890  -2.2096611864186997E-004
        5891  -2.2096611864187013E-004
        5895  -8.5146749257507465E-005
        5896  -1.7587648728393799E-004
        5897  -1.8064348811515170E-004
        5898  -2.1558514000295385E-004
        5899  -1.7982750017744173E-004
        5900  -2.1020416136403799E-004
        5901  -1.7982750017744286E-004
        5902  -2.1020416136403855E-004
        5903  -2.3135314695805676E-004
        5904  -2.1616481636475848E-004
        5908  -2.1635842285755341E-004
        5909  -2.4916548768540424E-004
        5910  -2.4916548768540424E-004
        5911  -3.4138325212948022E-004
        5912  -3.4138325212948109E-004
        5913  -3.3371525381706741E-004
        5914  -3.2604725550465302E-004
        5915  -3.1660732794000409E-004
        5916  -3.0716740037535386E-004
        5917  -3.0716740037535386E-004
        5918  -2.7816644403037984E-004
        5931  -3.4157422443854222E-004
        5932  -3.4157422443854227E-004
        5933  -3.4147873828400998E-004
        5934  -3.4144462147091552E-004
        5935  -3.1523805732469129E-004
        5936  -2.8916109614609246E-004
        5937  -2.8916109614609246E-004
        5938  -2.4294778328816870E-004
        5939  -1.7584222270950763E-004
        5940  -1.5494997498877080E-004
        5941  -1.5494997498877080E-004
        5942  -7.7474987494385414E-005
        5997  -2.1238044740027413E-004
        5998  -2.2374726985183938E-004
        5999  -2.2374726985184058E-004
        6000  -2.2374726985184017E-004
        6005  -1.2908020891000277E-004
        6006  -1.8803776047051214E-004
        6007  -2.1136413944606878E-004
        6008  -2.0766778585361699E-004
        6009  -2.1136413944606981E-004
        6010  -2.0766778585361786E-004
        6011  -2.1136413944607062E-004
        6012  -2.0766778585361751E-004
        6013  -1.8176099719190774E-004
        6017  -2.2984271431928142E-004
        6018  -2.2984271431928142E-004
        6019  -2.2984271431928142E-004
        6020  -3.0424622358495371E-004
        6021  -3.0424622358495468E-004
        6022  -3.0424622358495631E-004
        6023  -3.3607123414013758E-004
        6024  -2.6187167634682826E-004
        6025  -2.6187167634682772E-004
        6026  -2.6187167634682842E-004
        6027  -2.4820345478195402E-004
        6041  -2.9298249725668001E-004
        6042  -2.9298249725667980E-004
        6043  -2.9298249725667828E-004
        6044  -2.6081956799924006E-004
        6045  -2.9416667388240664E-004
        6046  -2.8916109614609420E-004
        6047  -2.8916109614609300E-004
        6048  -2.8916109614609360E-004
        6049  -2.2670119145032407E-004
        6050  -1.5153582814511624E-004
        6051  -1.5153582814511447E-004
        6052  -1.5153582814511363E-004
        6053  -7.4060840650728207E-005
        6106  -2.1852418100748244E-004
        6107  -2.2652842106180940E-004
        6108  -2.2652842106180970E-004
        6109  -2.4596243623698318E-004
        6114  -1.2145038935734810E-004
        6115  -2.3526393087767652E-004
        6116  -2.4290077871469618E-004
        6117  -2.0513141034319681E-004
        6118  -2.4290077871469792E-004
        6119  -2.0513141034319676E-004
        6120  -2.2401609452894707E-004
        6124  -2.1051994095315615E-004
        6125  -2.1051994095315615E-004
        6126  -2.4449167679781522E-004
        6127  -2.2217085565440342E-004
        6128  -2.6710919504043039E-004
        6129  -2.6710919504043012E-004
        6130  -2.4960314450418611E-004
        6131  -2.2433652314312165E-004
        6132  -2.1657595231830141E-004
        6133  -2.1657595231830136E-004
        6134  -2.2195224351766280E-004
        6135  -2.5289597367974951E-004
        6148  -2.5189430403020787E-004
        6149  -2.4439077007481694E-004
        6150  -2.4439077007481623E-004
        6151  -2.1880911005930706E-004
        6152  -1.8522998315608914E-004
        6153  -2.7427946706584769E-004
        6154  -2.8916109614609528E-004
        6155  -2.8916109614609414E-004
        6156  -2.8561996291768285E-004
        6157  -2.1510025549536656E-004
        6158  -1.4812168130145988E-004
        6159  -1.4812168130145902E-004
        6160  -1.4470753445780009E-004
        6161  -7.0646693807071014E-005
        6210  -2.1852418100748257E-004
        6211  -2.2652842106181035E-004
        6212  -2.4596243623698270E-004
        6213  -2.6539645141215569E-004
        6218  -1.2145038935734810E-004
        6219  -2.3526393087767563E-004
        6220  -2.4290077871469618E-004
        6221  -2.0513141034319654E-004
        6222  -2.2401609452894652E-004
        6226  -2.1051994095315596E-004
        6227  -2.4449167679781527E-004
        6228  -2.7846341264247434E-004
        6229  -1.7723251626837686E-004
        6230  -2.2217085565440421E-004
        6231  -2.6710919504043234E-004
        6232  -2.4960314450418584E-004
        6233  -2.3209709396794119E-004
        6234  -2.2433652314312030E-004
        6235  -2.1657595231830060E-004
        6236  -2.2195224351766063E-004
        6237  -2.2732853471702321E-004
        6238  -2.5289597367974945E-004
        6250  -2.5939783798559863E-004
        6251  -2.5189430403020749E-004
        6252  -2.4439077007481688E-004
        6253  -2.1880911005930852E-004
        6254  -1.9322745004380002E-004
        6255  -1.8522998315608841E-004
        6256  -2.7427946706584736E-004
        6257  -2.8916109614609588E-004
        6258  -2.8561996291768404E-004
        6259  -2.8207882968927204E-004
        6260  -2.1510025549536512E-004
        6261  -1.4812168130145902E-004
        6262  -1.4470753445780269E-004
        6263  -1.4129338761414376E-004
        6264  -7.0646693807071014E-005
        6309  -2.1852418100748382E-004
        6310  -2.4596243623698302E-004
        6311  -2.6539645141215488E-004
        6312  -2.6539645141215488E-004
        6317  -1.2145038935734810E-004
        6318  -2.3526393087767533E-004
        6319  -2.2401609452894598E-004
        6323  -2.4449167679781593E-004
        6324  -2.7846341264247570E-004
        6325  -2.7846341264247570E-004
        6326  -1.7723251626837683E-004
        6327  -1.7723251626837623E-004
        6328  -2.2217085565440532E-004
        6329  -2.4960314450418698E-004
        6330  -2.3209709396794116E-004
        6331  -2.3209709396794135E-004
        6332  -2.2433652314312081E-004
        6333  -2.2195224351766161E-004
        6334  -2.5289597367975021E-004
        6335  -2.2732853471702180E-004
        6336  -2.2732853471702321E-004
        6347  -2.5939783798559955E-004
        6348  -2.5939783798560129E-004
        6349  -2.5189430403020890E-004
        6350  -2.1880911005930787E-004
        6351  -1.9322745004379964E-004
        6352  -1.9322745004379964E-004
        6353  -1.8522998315608855E-004
        6354  -2.7427946706584736E-004
        6355  -2.8561996291768513E-004
        6356  -2.8207882968927378E-004
        6357  -2.8207882968927264E-004
        6358  -2.1510025549536426E-004
        6359  -1.4470753445780095E-004
        6360  -1.4129338761414550E-004
        6361  -1.4129338761414376E-004
        6362  -7.0646693807071014E-005
        6403  -2.5263606053407952E-004
        6404  -2.8935614559340549E-004
        6405  -2.8935614559340528E-004
        6406  -2.8935614559340528E-004
        6411  -1.7112408004078377E-004
        6415  -2.5002785500134972E-004
        6416  -2.5002785500135004E-004
        6417  -2.5002785500135004E-004
        6418  -2.1514293689700169E-004
        6419  -2.1514293689699963E-004
        6420  -2.1514293689700023E-004
        6421  -2.4243918301169253E-004
        6422  -2.3011420132744293E-004
        6423  -2.3011420132744263E-004
        6424  -2.3011420132744307E-004
        6425  -1.8831859638311773E-004
        6426  -2.2655361166275560E-004
        6427  -2.3627049377834169E-004
        6428  -2.2655361166275563E-004
        6429  -2.2655361166275414E-004
        6439  -2.2633155963270365E-004
        6440  -2.2633155963270424E-004
        6441  -2.2633155963270430E-004
        6442  -2.0761591037156836E-004
        6443  -1.8550670744476420E-004
        6444  -1.8550670744476420E-004
        6445  -1.8550670744476420E-004
        6446  -1.7572544103485989E-004
        6447  -2.2655021845297701E-004
        6448  -2.2386036906765576E-004
        6449  -2.2386036906765576E-004
        6450  -2.2386036906765520E-004
        6451  -1.6239126499007170E-004
        6452  -1.8925258525183424E-004
        6453  -1.8925258525183511E-004
        6454  -1.8925258525183449E-004
        6455  -1.3770676672205303E-004
        6492  -2.6745406856743995E-004
        6493  -3.1331583977465573E-004
        6494  -3.1331583977465573E-004
        6495  -1.5665791988732789E-004
        6503  -2.2159229736022436E-004
        6504  -2.2159229736022436E-004
        6505  -2.1667843323382532E-004
        6506  -2.5305335752562569E-004
        6507  -2.5305335752562374E-004
        6508  -2.5305335752562374E-004
        6509  -2.3223001467091722E-004
        6510  -2.7503249205322822E-004
        6511  -2.6257146763388872E-004
        6512  -2.2813130868694630E-004
        6513  -2.2813130868694500E-004
        6514  -2.2695499864771587E-004
        6515  -2.2577868860848647E-004
        6516  -2.3923707442144877E-004
        6517  -2.2577868860848799E-004
        6527  -1.8151081922542918E-004
        6528  -1.9326528127980712E-004
        6529  -1.9326528127980652E-004
        6530  -1.8544671963973219E-004
        6531  -1.7770706142269349E-004
        6532  -1.7778596484572878E-004
        6533  -1.7778596484572878E-004
        6534  -2.1541966118567720E-004
        6535  -2.5305335752562411E-004
        6536  -1.6975635717104981E-004
        6537  -1.6769913280854378E-004
        6538  -1.6564190844603615E-004
        6539  -1.6564190844603615E-004
        6540  -2.0142684566778045E-004
        6541  -2.3721178288952448E-004
        6542  -2.3721178288952497E-004
        6543  -2.2040329385908887E-004
        6544  -2.2386771491432521E-004
        6545  -1.2207031249999930E-004
        6582  -2.6745406856744006E-004
        6583  -3.1331583977465573E-004
        6584  -1.5665791988732789E-004
        6591  -2.2159229736022436E-004
        6592  -2.1667843323382532E-004
        6593  -2.1176456910742633E-004
        6594  -2.5305335752562379E-004
        6595  -2.5305335752562363E-004
        6596  -2.5305335752562303E-004
        6597  -2.3223001467091722E-004
        6598  -2.7503249205322757E-004
        6599  -2.5269546023440808E-004
        6600  -2.9701162658083064E-004
        6601  -2.6257146763388877E-004
        6602  -2.2813130868694706E-004
        6603  -2.2695499864771625E-004
        6604  -2.2577868860848799E-004
        6605  -2.3923707442144869E-004
        6615  -1.8151081922542869E-004
        6616  -1.9326528127980733E-004
        6617  -1.8544671963973257E-004
        6618  -1.7762815799965821E-004
        6619  -1.7770706142269349E-004
        6620  -1.7778596484572837E-004
        6621  -2.1541966118567582E-004
        6622  -2.5305335752562411E-004
        6623  -2.1486596180076152E-004
        6624  -1.6975635717105054E-004
        6625  -1.6975635717105181E-004
        6626  -1.6975635717105054E-004
        6627  -1.6769913280854318E-004
        6628  -1.6564190844603518E-004
        6629  -2.0142684566778034E-004
        6630  -2.3721178288952470E-004
        6631  -2.2040329385908909E-004
        6632  -2.0359480482865267E-004
        6633  -2.2386771491432521E-004
        6634  -2.4414062499999856E-004
        6635  -1.2207031249999930E-004
        6672  -2.6745406856744006E-004
        6673  -1.5665791988732789E-004
        6679  -2.1667843323382532E-004
        6680  -2.1176456910742633E-004
        6681  -2.1176456910742633E-004
        6682  -1.7667856607589915E-004
        6683  -2.5305335752562357E-004
        6684  -2.1486596180076112E-004
        6685  -2.3223001467091722E-004
        6686  -2.7503249205322703E-004
        6687  -2.5269546023440808E-004
        6688  -2.9701162658083064E-004
        6689  -2.5269546023440733E-004
        6690  -2.9701162658083064E-004
        6691  -2.6257146763388872E-004
        6692  -2.2695499864771766E-004
        6693  -2.3923707442144809E-004
        6703  -1.8151081922542902E-004
        6704  -1.8544671963973143E-004
        6705  -1.7762815799965762E-004
        6706  -1.7762815799965821E-004
        6707  -1.7770706142269347E-004
        6708  -2.1541966118567628E-004
        6709  -2.1486596180076252E-004
        6710  -1.7667856607590047E-004
        6711  -1.7667856607589961E-004
        6712  -1.6975635717105179E-004
        6713  -1.6975635717105214E-004
        6714  -1.6975635717105192E-004
        6715  -1.6975635717105214E-004
        6716  -1.6975635717105179E-004
        6717  -1.6769913280854351E-004
        6718  -2.0142684566777980E-004
        6719  -2.2040329385908844E-004
        6720  -2.0359480482865354E-004
        6721  -2.0359480482865273E-004
        6722  -2.2386771491432521E-004
        6723  -2.4414062499999856E-004
        6724  -2.4414062499999856E-004
        6725  -1.2207031249999930E-004
        6762  -1.2444545104038440E-004
        6767  -1.0588228455371317E-004
        6768  -1.0588228455371317E-004
        6769  -1.0588228455371317E-004
        6770  -1.9284586229564266E-004
        6771  -1.9284586229564477E-004
        6772  -1.9284586229564510E-004
        6773  -1.3684915674679193E-004
        6774  -3.2241012963101428E-004
        6775  -3.0466518568666269E-004
        6776  -3.3769090355601958E-004
        6777  -3.0466518568666241E-004
        6778  -3.3769090355601785E-004
        6779  -3.0466518568666214E-004
        6780  -3.3769090355601888E-004
        6781  -2.8977036263013329E-004
        6791  -1.9720813246422821E-004
        6792  -2.3704470578140148E-004
        6793  -2.3704470578140316E-004
        6794  -2.3704470578140356E-004
        6795  -2.2574405611709665E-004
        6796  -2.2476780138421044E-004
        6797  -2.2476780138421033E-004
        6798  -2.2476780138420833E-004
        6799  -1.8420962437592258E-004
        6800  -1.7306887238585552E-004
        6801  -1.7306887238585487E-004
        6802  -1.7306887238585460E-004
        6803  -1.1127355953843776E-004
        6804  -1.6349753441108342E-004
        6805  -1.6349753441108461E-004
        6806  -1.6349753441108518E-004
        6807  -2.5650543970618848E-004
        6808  -2.0359480482865240E-004
        6809  -2.0359480482865354E-004
        6810  -2.0359480482865240E-004
        6811  -1.4924514327621679E-004
        6812  -2.4414062499999856E-004
        6813  -2.4414062499999856E-004
        6814  -2.4414062499999856E-004
        6815  -8.1380208333332854E-005
        6860  -2.1526918162773653E-004
        6861  -2.0901315851538810E-004
        6862  -2.0901315851538940E-004
        6863  -2.8814684477344610E-004
        6864  -1.7831745556945862E-004
        6865  -3.7282535578135514E-004
        6866  -3.5663491113891718E-004
        6867  -3.7837018053120581E-004
        6868  -3.5663491113891718E-004
        6869  -3.7837018053120619E-004
        6870  -3.6750254583506261E-004
        6880  -2.2335449248586387E-004
        6881  -1.6075180622945995E-004
        6882  -2.3642132058190266E-004
        6883  -2.9646125356314697E-004
        6884  -2.9646125356314811E-004
        6885  -2.8465914512783443E-004
        6886  -2.7285703669251903E-004
        6887  -2.7285703669251810E-004
        6888  -2.4902040846208021E-004
        6889  -1.7638138760065931E-004
        6890  -1.7638138760065934E-004
        6891  -1.7032314420423002E-004
        6892  -1.5723871165111689E-004
        6893  -1.5723871165111721E-004
        6894  -1.9473831145108158E-004
        6895  -2.1791635803984898E-004
        6896  -2.0359480482865354E-004
        6897  -2.0359480482865267E-004
        6898  -2.2386771491432521E-004
        6899  -2.4414062499999856E-004
        6900  -2.4414062499999856E-004
        6901  -1.2207031249999930E-004
        6943  -2.2152520474008624E-004
        6946  -2.1526918162773811E-004
        6947  -2.0901315851538940E-004
        6948  -2.8814684477344567E-004
        6949  -3.6728053103150321E-004
        6950  -1.7831745556945862E-004
        6951  -3.7282535578135449E-004
        6952  -3.5663491113891718E-004
        6953  -3.7837018053120511E-004
        6954  -3.6750254583506174E-004
        6965  -2.2335449248586301E-004
        6966  -2.2518378023164286E-004
        6967  -1.6075180622946095E-004
        6968  -1.6426490080780274E-004
        6969  -2.3642132058190264E-004
        6970  -2.9646125356314811E-004
        6971  -2.8465914512783313E-004
        6972  -2.7285703669251903E-004
        6973  -2.4902040846208064E-004
        6974  -1.7638138760065931E-004
        6975  -1.7032314420423056E-004
        6976  -1.5723871165111721E-004
        6977  -1.9473831145108152E-004
        6978  -2.3223791125104537E-004
        6979  -2.1791635803984985E-004
        6980  -2.0359480482865267E-004
        6981  -2.2386771491432521E-004
        6982  -2.4414062499999856E-004
        6983  -1.2207031249999930E-004
        7023  -2.2152520474008792E-004
        7024  -2.2152520474008877E-004
        7028  -2.1526918162773962E-004
        7029  -2.8814684477344621E-004
        7030  -3.6728053103150354E-004
        7031  -3.6728053103150527E-004
        7032  -1.7831745556945862E-004
        7033  -3.7282535578135535E-004
        7034  -3.6750254583506109E-004
        7046  -2.2335449248586436E-004
        7047  -2.2518378023164305E-004
        7048  -2.2518378023164356E-004
        7049  -1.6075180622946128E-004
        7050  -1.6426490080780344E-004
        7051  -1.6426490080780247E-004
        7052  -2.3642132058190402E-004
        7053  -2.8465914512783427E-004
        7054  -2.4902040846208135E-004
        7055  -1.7032314420423129E-004
        7056  -1.9473831145108253E-004
        7057  -2.3223791125104578E-004
        7058  -2.3223791125104575E-004
        7059  -2.1791635803984933E-004
        7060  -2.2386771491432521E-004
        7061  -1.2207031249999930E-004
        7091  -2.1689844234363062E-004
        7100  -2.1689844234363062E-004
        7101  -2.1689844234362994E-004
        7106  -2.6411847987389716E-004
        7107  -3.5673680368514851E-004
        7108  -3.5673680368515003E-004
        7109  -3.5673680368515073E-004
        7110  -2.4141311650673734E-004
        7123  -1.9422249578199033E-004
        7124  -2.5139366063887155E-004
        7125  -2.5139366063887161E-004
        7126  -2.5139366063887128E-004
        7127  -1.3951557490494054E-004
        7128  -1.6426490080780339E-004
        7129  -1.6426490080780277E-004
        7130  -1.6426490080780390E-004
        7131  -3.1343403733937066E-004
        7132  -1.7566246808145851E-004
        7133  -1.7566246808145813E-004
        7134  -1.7566246808145851E-004
        7135  -1.3317672766526104E-004
        7164  -2.2051122433705477E-004
        7165  -2.1227167994717247E-004
        7173  -2.1227167994717123E-004
        7174  -2.2034945430880404E-004
        7179  -2.8731015250461645E-004
        7180  -3.4619307633879597E-004
        7181  -3.4619307633879597E-004
        7182  -1.7309653816939799E-004
        7194  -2.5317715488651935E-004
        7195  -2.7760354104609960E-004
        7196  -2.7760354104609954E-004
        7197  -2.9059548216631950E-004
        7198  -1.4167596285983710E-004
        7199  -1.6426490080780290E-004
        7200  -1.6426490080780312E-004
        7201  -2.3392616204717117E-004
        7202  -1.1908702491187085E-004
        7203  -1.1908702491187085E-004
        7204  -5.9543512455935423E-005
        7234  -2.2051122433705458E-004
        7235  -2.2875076872693641E-004
        7236  -2.1227167994717123E-004
        7243  -2.2034945430880339E-004
        7244  -2.2842722867043790E-004
        7249  -2.8731015250461753E-004
        7250  -3.4619307633879597E-004
        7251  -1.7309653816939799E-004
        7262  -2.5317715488651832E-004
        7263  -2.7760354104609873E-004
        7264  -2.9059548216631869E-004
        7265  -3.0358742328653703E-004
        7266  -1.4167596285983710E-004
        7267  -1.6426490080780290E-004
        7268  -2.3392616204716976E-004
        7269  -1.1908702491187085E-004
        7270  -5.9543512455935423E-005
        7301  -2.2051122433705379E-004
        7302  -2.2875076872693625E-004
        7303  -2.2875076872693647E-004
        7304  -2.2034945430880409E-004
        7310  -2.2842722867043793E-004
        7311  -2.2842722867043915E-004
        7316  -2.8731015250461753E-004
        7317  -1.7309653816939799E-004
        7327  -2.5317715488651712E-004
        7328  -2.9059548216631750E-004
        7329  -3.0358742328653703E-004
        7330  -3.0358742328653703E-004
        7331  -1.4167596285983710E-004
        7332  -2.3392616204717003E-004
        7333  -5.9543512455935423E-005
        7365  -2.0797427828387106E-004
        7366  -2.5897438245313885E-004
        7367  -2.5897438245314015E-004
        7368  -2.5897438245314032E-004
        7369  -2.5881261242489034E-004
        7374  -2.5881261242489132E-004
        7375  -2.5881261242489132E-004
        7380  -1.4396971686476314E-004
        7389  -1.8318995487315247E-004
        7390  -1.5179371164326851E-004
        7391  -1.5179371164326851E-004
        7392  -1.5179371164326851E-004
        7393  -9.7823224834368518E-005
        7426  -2.8919799617934246E-004
        7427  -2.8919799617934359E-004
        7428  -2.8919799617934359E-004
        7429  -1.4459899808967182E-004
        7430  -2.8919799617934359E-004
        7435  -2.8919799617934359E-004
        7436  -1.4459899808967182E-004
        7486  -2.8919799617934359E-004
        7487  -2.8919799617934359E-004
        7488  -1.4459899808967182E-004
        7489  -2.8919799617934359E-004
        7494  -1.4459899808967182E-004
        7544  -2.8919799617934359E-004
        7545  -1.4459899808967182E-004
        7546  -1.4459899808967182E-004
        7600  -9.6399332059781212E-005
time   1.000000E+30
