1 4076 !  dim ndata
time    0.0 
4076 
1 1e-05
2 1e-05
3 1e-05
4 1e-05
5 1e-05
6 1e-05
7 1e-05
8 1e-05
9 1e-05
10 1e-05
11 1e-05
12 1e-05
13 1e-05
14 1e-05
15 1e-05
16 1e-05
17 1e-05
18 1e-05
19 1e-05
20 1e-05
21 1e-05
22 1e-05
23 1e-05
24 1e-05
25 1e-05
26 1e-05
27 1e-05
28 1e-05
29 1e-05
30 1e-05
31 1e-05
32 1e-05
33 1e-05
34 1e-05
35 1e-05
36 1e-05
37 1e-05
38 1e-05
39 1e-05
40 1e-05
41 1e-05
42 1e-05
43 1e-05
44 1e-05
45 1e-05
46 1e-05
47 1e-05
48 1e-05
49 1e-05
50 1e-05
51 1e-05
52 1e-05
53 1e-05
54 1e-05
55 1e-05
56 1e-05
57 1e-05
58 1e-05
59 1e-05
60 1e-05
61 1e-05
62 1e-05
63 1e-05
64 1e-05
65 1e-05
66 1e-05
67 1e-05
68 1e-05
69 1e-05
70 1e-05
71 1e-05
72 1e-05
73 1e-05
74 1e-05
75 1e-05
76 1e-05
77 1e-05
78 1e-05
79 1e-05
80 1e-05
81 1e-05
82 1e-05
83 1e-05
84 1e-05
85 1e-05
86 1e-05
87 1e-05
88 1e-05
89 1e-05
90 1e-05
91 1e-05
92 1e-05
93 1e-05
94 1e-05
95 1e-05
96 1e-05
97 1e-05
98 1e-05
99 1e-05
100 1e-05
101 1e-05
102 1e-05
103 1e-05
104 1e-05
105 1e-05
106 1e-05
107 1e-05
108 1e-05
109 1e-05
110 1e-05
111 1e-05
112 1e-05
113 1e-05
114 1e-05
115 1e-05
116 1e-05
117 1e-05
118 1e-05
119 1e-05
120 1e-05
121 1e-05
122 1e-05
123 1e-05
124 1e-05
125 1e-05
126 1e-05
127 1e-05
128 1e-05
129 1e-05
130 1e-05
131 1e-05
132 1e-05
133 1e-05
134 1e-05
135 1e-05
136 1e-05
137 1e-05
138 1e-05
139 1e-05
140 1e-05
141 1e-05
142 1e-05
143 1e-05
144 1e-05
145 1e-05
146 1e-05
147 1e-05
148 1e-05
149 1e-05
150 1e-05
151 1e-05
152 1e-05
153 1e-05
154 1e-05
155 1e-05
156 1e-05
157 1e-05
158 1e-05
159 1e-05
160 1e-05
161 1e-05
162 1e-05
163 1e-05
164 1e-05
165 1e-05
166 1e-05
167 1e-05
168 1e-05
169 1e-05
170 1e-05
171 1e-05
172 1e-05
173 1e-05
174 1e-05
175 1e-05
176 1e-05
177 1e-05
178 1e-05
179 1e-05
180 1e-05
181 1e-05
182 1e-05
183 1e-05
184 1e-05
185 1e-05
186 1e-05
187 1e-05
188 1e-05
189 1e-05
190 1e-05
191 1e-05
192 1e-05
193 1e-05
194 1e-05
195 1e-05
196 1e-05
197 1e-05
198 1e-05
199 1e-05
200 1e-05
201 1e-05
202 1e-05
203 1e-05
204 1e-05
205 1e-05
206 1e-05
207 1e-05
208 1e-05
209 1e-05
210 1e-05
211 1e-05
212 1e-05
213 1e-05
214 1e-05
215 1e-05
216 1e-05
217 1e-05
218 1e-05
219 1e-05
220 1e-05
221 1e-05
222 1e-05
223 1e-05
224 1e-05
225 1e-05
226 1e-05
227 1e-05
228 1e-05
229 1e-05
230 1e-05
231 1e-05
232 1e-05
233 1e-05
234 1e-05
235 1e-05
236 1e-05
237 1e-05
238 1e-05
239 1e-05
240 1e-05
241 1e-05
242 1e-05
243 1e-05
244 1e-05
245 1e-05
246 1e-05
247 1e-05
248 1e-05
249 1e-05
250 1e-05
251 1e-05
252 1e-05
253 1e-05
254 1e-05
255 1e-05
256 1e-05
257 1e-05
258 1e-05
259 1e-05
260 1e-05
261 1e-05
262 1e-05
263 1e-05
264 1e-05
265 1e-05
266 1e-05
267 1e-05
268 1e-05
269 1e-05
270 1e-05
271 1e-05
272 1e-05
273 1e-05
274 1e-05
275 1e-05
276 1e-05
277 1e-05
278 1e-05
279 1e-05
280 1e-05
281 1e-05
282 1e-05
283 1e-05
284 1e-05
285 1e-05
286 1e-05
287 1e-05
288 1e-05
289 1e-05
290 1e-05
291 1e-05
292 1e-05
293 1e-05
294 1e-05
295 1e-05
296 1e-05
297 1e-05
298 1e-05
299 1e-05
300 1e-05
301 1e-05
302 1e-05
303 1e-05
304 1e-05
305 1e-05
306 1e-05
307 1e-05
308 1e-05
309 1e-05
310 1e-05
311 1e-05
312 1e-05
313 1e-05
314 1e-05
315 1e-05
316 1e-05
317 1e-05
318 1e-05
319 1e-05
320 1e-05
321 1e-05
322 1e-05
323 1e-05
324 1e-05
325 1e-05
326 1e-05
327 1e-05
328 1e-05
329 1e-05
330 1e-05
331 1e-05
332 1e-05
333 1e-05
334 1e-05
335 1e-05
336 1e-05
337 1e-05
338 1e-05
339 1e-05
340 1e-05
341 1e-05
342 1e-05
343 1e-05
344 1e-05
345 1e-05
346 1e-05
347 1e-05
348 1e-05
349 1e-05
350 1e-05
351 1e-05
352 1e-05
353 1e-05
354 1e-05
355 1e-05
356 1e-05
357 1e-05
358 1e-05
359 1e-05
360 1e-05
361 1e-05
362 1e-05
363 1e-05
364 1e-05
365 1e-05
366 1e-05
367 1e-05
368 1e-05
369 1e-05
370 1e-05
371 1e-05
372 1e-05
373 1e-05
374 1e-05
375 1e-05
376 1e-05
377 1e-05
378 1e-05
379 1e-05
380 1e-05
381 1e-05
382 1e-05
383 1e-05
384 1e-05
385 1e-05
386 1e-05
387 1e-05
388 1e-05
389 1e-05
390 1e-05
391 1e-05
392 1e-05
393 1e-05
394 1e-05
395 1e-05
396 1e-05
397 1e-05
398 1e-05
399 1e-05
400 1e-05
401 1e-05
402 1e-05
403 1e-05
404 1e-05
405 1e-05
406 1e-05
407 1e-05
408 1e-05
409 1e-05
410 1e-05
411 1e-05
412 1e-05
413 1e-05
414 1e-05
415 1e-05
416 1e-05
417 1e-05
418 1e-05
419 1e-05
420 1e-05
421 1e-05
422 1e-05
423 1e-05
424 1e-05
425 1e-05
426 1e-05
427 1e-05
428 1e-05
429 1e-05
430 1e-05
431 1e-05
432 1e-05
433 1e-05
434 1e-05
435 1e-05
436 1e-05
437 1e-05
438 1e-05
439 1e-05
440 1e-05
441 1e-05
442 1e-05
443 1e-05
444 1e-05
445 1e-05
446 1e-05
447 1e-05
448 1e-05
449 1e-05
450 1e-05
451 1e-05
452 1e-05
453 1e-05
454 1e-05
455 1e-05
456 1e-05
457 1e-05
458 1e-05
459 1e-05
460 1e-05
461 1e-05
462 1e-05
463 1e-05
464 1e-05
465 1e-05
466 1e-05
467 1e-05
468 1e-05
469 1e-05
470 1e-05
471 1e-05
472 1e-05
473 1e-05
474 1e-05
475 1e-05
476 1e-05
477 1e-05
478 1e-05
479 1e-05
480 1e-05
481 1e-05
482 1e-05
483 1e-05
484 1e-05
485 1e-05
486 1e-05
487 1e-05
488 1e-05
489 1e-05
490 1e-05
491 1e-05
492 1e-05
493 1e-05
494 1e-05
495 1e-05
496 1e-05
497 1e-05
498 1e-05
499 1e-05
500 1e-05
501 1e-05
502 1e-05
503 1e-05
504 1e-05
505 1e-05
506 1e-05
507 1e-05
508 1e-05
509 1e-05
510 1e-05
511 1e-05
512 1e-05
513 1e-05
514 1e-05
515 1e-05
516 1e-05
517 1e-05
518 1e-05
519 1e-05
520 1e-05
521 1e-05
522 1e-05
523 1e-05
524 1e-05
525 1e-05
526 1e-05
527 1e-05
528 1e-05
529 1e-05
530 1e-05
531 1e-05
532 1e-05
533 1e-05
534 1e-05
535 1e-05
536 1e-05
537 1e-05
538 1e-05
539 1e-05
540 1e-05
541 1e-05
542 1e-05
543 1e-05
544 1e-05
545 1e-05
546 1e-05
547 1e-05
548 1e-05
549 1e-05
550 1e-05
551 1e-05
552 1e-05
553 1e-05
554 1e-05
555 1e-05
556 1e-05
557 1e-05
558 1e-05
559 1e-05
560 1e-05
561 1e-05
562 1e-05
563 1e-05
564 1e-05
565 1e-05
566 1e-05
567 1e-05
568 1e-05
569 1e-05
570 1e-05
571 1e-05
572 1e-05
573 1e-05
574 1e-05
575 1e-05
576 1e-05
577 1e-05
578 1e-05
579 1e-05
580 1e-05
581 1e-05
582 1e-05
583 1e-05
584 1e-05
585 1e-05
586 1e-05
587 1e-05
588 1e-05
589 1e-05
590 1e-05
591 1e-05
592 1e-05
593 1e-05
594 1e-05
595 1e-05
596 1e-05
597 1e-05
598 1e-05
599 1e-05
600 1e-05
601 1e-05
602 1e-05
603 1e-05
604 1e-05
605 1e-05
606 1e-05
607 1e-05
608 1e-05
609 1e-05
610 1e-05
611 1e-05
612 1e-05
613 1e-05
614 1e-05
615 1e-05
616 1e-05
617 1e-05
618 1e-05
619 1e-05
620 1e-05
621 1e-05
622 1e-05
623 1e-05
624 1e-05
625 1e-05
626 1e-05
627 1e-05
628 1e-05
629 1e-05
630 1e-05
631 1e-05
632 1e-05
633 1e-05
634 1e-05
635 1e-05
636 1e-05
637 1e-05
638 1e-05
639 1e-05
640 1e-05
641 1e-05
642 1e-05
643 1e-05
644 1e-05
645 1e-05
646 1e-05
647 1e-05
648 1e-05
649 1e-05
650 1e-05
651 1e-05
652 1e-05
653 1e-05
654 1e-05
655 1e-05
656 1e-05
657 1e-05
658 1e-05
659 1e-05
660 1e-05
661 1e-05
662 1e-05
663 1e-05
664 1e-05
665 1e-05
666 1e-05
667 1e-05
668 1e-05
669 1e-05
670 1e-05
671 1e-05
672 1e-05
673 1e-05
674 1e-05
675 1e-05
676 1e-05
677 1e-05
678 1e-05
679 1e-05
680 1e-05
681 1e-05
682 1e-05
683 1e-05
684 1e-05
685 1e-05
686 1e-05
687 1e-05
688 1e-05
689 1e-05
690 1e-05
691 1e-05
692 1e-05
693 1e-05
694 1e-05
695 1e-05
696 1e-05
697 1e-05
698 1e-05
699 1e-05
700 1e-05
701 1e-05
702 1e-05
703 1e-05
704 1e-05
705 1e-05
706 1e-05
707 1e-05
708 1e-05
709 1e-05
710 1e-05
711 1e-05
712 1e-05
713 1e-05
714 1e-05
715 1e-05
716 1e-05
717 1e-05
718 1e-05
719 1e-05
720 1e-05
721 1e-05
722 1e-05
723 1e-05
724 1e-05
725 1e-05
726 1e-05
727 1e-05
728 1e-05
729 1e-05
730 1e-05
731 1e-05
732 1e-05
733 1e-05
734 1e-05
735 1e-05
736 1e-05
737 1e-05
738 1e-05
739 1e-05
740 1e-05
741 1e-05
742 1e-05
743 1e-05
744 1e-05
745 1e-05
746 1e-05
747 1e-05
748 1e-05
749 1e-05
750 1e-05
751 1e-05
752 1e-05
753 1e-05
754 1e-05
755 1e-05
756 1e-05
757 1e-05
758 1e-05
759 1e-05
760 1e-05
761 1e-05
762 1e-05
763 1e-05
764 1e-05
765 1e-05
766 1e-05
767 1e-05
768 1e-05
769 1e-05
770 1e-05
771 1e-05
772 1e-05
773 1e-05
774 1e-05
775 1e-05
776 1e-05
777 1e-05
778 1e-05
779 1e-05
780 1e-05
781 1e-05
782 1e-05
783 1e-05
784 1e-05
785 1e-05
786 1e-05
787 1e-05
788 1e-05
789 1e-05
790 1e-05
791 1e-05
792 1e-05
793 1e-05
794 1e-05
795 1e-05
796 1e-05
797 1e-05
798 1e-05
799 1e-05
800 1e-05
801 1e-05
802 1e-05
803 1e-05
804 1e-05
805 1e-05
806 1e-05
807 1e-05
808 1e-05
809 1e-05
810 1e-05
811 1e-05
812 1e-05
813 1e-05
814 1e-05
815 1e-05
816 1e-05
817 1e-05
818 1e-05
819 1e-05
820 1e-05
821 1e-05
822 1e-05
823 1e-05
824 1e-05
825 1e-05
826 1e-05
827 1e-05
828 1e-05
829 1e-05
830 1e-05
831 1e-05
832 1e-05
833 1e-05
834 1e-05
835 1e-05
836 1e-05
837 1e-05
838 1e-05
839 1e-05
840 1e-05
841 1e-05
842 1e-05
843 1e-05
844 1e-05
845 1e-05
846 1e-05
847 1e-05
848 1e-05
849 1e-05
850 1e-05
851 1e-05
852 1e-05
853 1e-05
854 1e-05
855 1e-05
856 1e-05
857 1e-05
858 1e-05
859 1e-05
860 1e-05
861 1e-05
862 1e-05
863 1e-05
864 1e-05
865 1e-05
866 1e-05
867 1e-05
868 1e-05
869 1e-05
870 1e-05
871 1e-05
872 1e-05
873 1e-05
874 1e-05
875 1e-05
876 1e-05
877 1e-05
878 1e-05
879 1e-05
880 1e-05
881 1e-05
882 1e-05
883 1e-05
884 1e-05
885 1e-05
886 1e-05
887 1e-05
888 1e-05
889 1e-05
890 1e-05
891 1e-05
892 1e-05
893 1e-05
894 1e-05
895 1e-05
896 1e-05
897 1e-05
898 1e-05
899 1e-05
900 1e-05
901 1e-05
902 1e-05
903 1e-05
904 1e-05
905 1e-05
906 1e-05
907 1e-05
908 1e-05
909 1e-05
910 1e-05
911 1e-05
912 1e-05
913 1e-05
914 1e-05
915 1e-05
916 1e-05
917 1e-05
918 1e-05
919 1e-05
920 1e-05
921 1e-05
922 1e-05
923 1e-05
924 1e-05
925 1e-05
926 1e-05
927 1e-05
928 1e-05
929 1e-05
930 1e-05
931 1e-05
932 1e-05
933 1e-05
934 1e-05
935 1e-05
936 1e-05
937 1e-05
938 1e-05
939 1e-05
940 1e-05
941 1e-05
942 1e-05
943 1e-05
944 1e-05
945 1e-05
946 1e-05
947 1e-05
948 1e-05
949 1e-05
950 1e-05
951 1e-05
952 1e-05
953 1e-05
954 1e-05
955 1e-05
956 1e-05
957 1e-05
958 1e-05
959 1e-05
960 1e-05
961 1e-05
962 1e-05
963 1e-05
964 1e-05
965 1e-05
966 1e-05
967 1e-05
968 1e-05
969 1e-05
970 1e-05
971 1e-05
972 1e-05
973 1e-05
974 1e-05
975 1e-05
976 1e-05
977 1e-05
978 1e-05
979 1e-05
980 1e-05
981 1e-05
982 1e-05
983 1e-05
984 1e-05
985 1e-05
986 1e-05
987 1e-05
988 1e-05
989 1e-05
990 1e-05
991 1e-05
992 1e-05
993 1e-05
994 1e-05
995 1e-05
996 1e-05
997 1e-05
998 1e-05
999 1e-05
1000 1e-05
1001 1e-05
1002 1e-05
1003 1e-05
1004 1e-05
1005 1e-05
1006 1e-05
1007 1e-05
1008 1e-05
1009 1e-05
1010 1e-05
1011 1e-05
1012 1e-05
1013 1e-05
1014 1e-05
1015 1e-05
1016 1e-05
1017 1e-05
1018 1e-05
1019 1e-05
1020 1e-05
1021 1e-05
1022 1e-05
1023 1e-05
1024 1e-05
1025 1e-05
1026 1e-05
1027 1e-05
1028 1e-05
1029 1e-05
1030 1e-05
1031 1e-05
1032 1e-05
1033 1e-05
1034 1e-05
1035 1e-05
1036 1e-05
1037 1e-05
1038 1e-05
1039 1e-05
1040 1e-05
1041 1e-05
1042 1e-05
1043 1e-05
1044 1e-05
1045 1e-05
1046 1e-05
1047 1e-05
1048 1e-05
1049 1e-05
1050 1e-05
1051 1e-05
1052 1e-05
1053 1e-05
1054 1e-05
1055 1e-05
1056 1e-05
1057 1e-05
1058 1e-05
1059 1e-05
1060 1e-05
1061 1e-05
1062 1e-05
1063 1e-05
1064 1e-05
1065 1e-05
1066 1e-05
1067 1e-05
1068 1e-05
1069 1e-05
1070 1e-05
1071 1e-05
1072 1e-05
1073 1e-05
1074 1e-05
1075 1e-05
1076 1e-05
1077 1e-05
1078 1e-05
1079 1e-05
1080 1e-05
1081 1e-05
1082 1e-05
1083 1e-05
1084 1e-05
1085 1e-05
1086 1e-05
1087 1e-05
1088 1e-05
1089 1e-05
1090 1e-05
1091 1e-05
1092 1e-05
1093 1e-05
1094 1e-05
1095 1e-05
1096 1e-05
1097 1e-05
1098 1e-05
1099 1e-05
1100 1e-05
1101 1e-05
1102 1e-05
1103 1e-05
1104 1e-05
1105 1e-05
1106 1e-05
1107 1e-05
1108 1e-05
1109 1e-05
1110 1e-05
1111 1e-05
1112 1e-05
1113 1e-05
1114 1e-05
1115 1e-05
1116 1e-05
1117 1e-05
1118 1e-05
1119 1e-05
1120 1e-05
1121 1e-05
1122 1e-05
1123 1e-05
1124 1e-05
1125 1e-05
1126 1e-05
1127 1e-05
1128 1e-05
1129 1e-05
1130 1e-05
1131 1e-05
1132 1e-05
1133 1e-05
1134 1e-05
1135 1e-05
1136 1e-05
1137 1e-05
1138 1e-05
1139 1e-05
1140 1e-05
1141 1e-05
1142 1e-05
1143 1e-05
1144 1e-05
1145 1e-05
1146 1e-05
1147 1e-05
1148 1e-05
1149 1e-05
1150 1e-05
1151 1e-05
1152 1e-05
1153 1e-05
1154 1e-05
1155 1e-05
1156 1e-05
1157 1e-05
1158 1e-05
1159 1e-05
1160 1e-05
1161 1e-05
1162 1e-05
1163 1e-05
1164 1e-05
1165 1e-05
1166 1e-05
1167 1e-05
1168 1e-05
1169 1e-05
1170 1e-05
1171 1e-05
1172 1e-05
1173 1e-05
1174 1e-05
1175 1e-05
1176 1e-05
1177 1e-05
1178 1e-05
1179 1e-05
1180 1e-05
1181 1e-05
1182 1e-05
1183 1e-05
1184 1e-05
1185 1e-05
1186 1e-05
1187 1e-05
1188 1e-05
1189 1e-05
1190 1e-05
1191 1e-05
1192 1e-05
1193 1e-05
1194 1e-05
1195 1e-05
1196 1e-05
1197 1e-05
1198 1e-05
1199 1e-05
1200 1e-05
1201 1e-05
1202 1e-05
1203 1e-05
1204 1e-05
1205 1e-05
1206 1e-05
1207 1e-05
1208 1e-05
1209 1e-05
1210 1e-05
1211 1e-05
1212 1e-05
1213 1e-05
1214 1e-05
1215 1e-05
1216 1e-05
1217 1e-05
1218 1e-05
1219 1e-05
1220 1e-05
1221 1e-05
1222 1e-05
1223 1e-05
1224 1e-05
1225 1e-05
1226 1e-05
1227 1e-05
1228 1e-05
1229 1e-05
1230 1e-05
1231 1e-05
1232 1e-05
1233 1e-05
1234 1e-05
1235 1e-05
1236 1e-05
1237 1e-05
1238 1e-05
1239 1e-05
1240 1e-05
1241 1e-05
1242 1e-05
1243 1e-05
1244 1e-05
1245 1e-05
1246 1e-05
1247 1e-05
1248 1e-05
1249 1e-05
1250 1e-05
1251 1e-05
1252 1e-05
1253 1e-05
1254 1e-05
1255 1e-05
1256 1e-05
1257 1e-05
1258 1e-05
1259 1e-05
1260 1e-05
1261 1e-05
1262 1e-05
1263 1e-05
1264 1e-05
1265 1e-05
1266 1e-05
1267 1e-05
1268 1e-05
1269 1e-05
1270 1e-05
1271 1e-05
1272 1e-05
1273 1e-05
1274 1e-05
1275 1e-05
1276 1e-05
1277 1e-05
1278 1e-05
1279 1e-05
1280 1e-05
1281 1e-05
1282 1e-05
1283 1e-05
1284 1e-05
1285 1e-05
1286 1e-05
1287 1e-05
1288 1e-05
1289 1e-05
1290 1e-05
1291 1e-05
1292 1e-05
1293 1e-05
1294 1e-05
1295 1e-05
1296 1e-05
1297 1e-05
1298 1e-05
1299 1e-05
1300 1e-05
1301 1e-05
1302 1e-05
1303 1e-05
1304 1e-05
1305 1e-05
1306 1e-05
1307 1e-05
1308 1e-05
1309 1e-05
1310 1e-05
1311 1e-05
1312 1e-05
1313 1e-05
1314 1e-05
1315 1e-05
1316 1e-05
1317 1e-05
1318 1e-05
1319 1e-05
1320 1e-05
1321 1e-05
1322 1e-05
1323 1e-05
1324 1e-05
1325 1e-05
1326 1e-05
1327 1e-05
1328 1e-05
1329 1e-05
1330 1e-05
1331 1e-05
1332 1e-05
1333 1e-05
1334 1e-05
1335 1e-05
1336 1e-05
1337 1e-05
1338 1e-05
1339 1e-05
1340 1e-05
1341 1e-05
1342 1e-05
1343 1e-05
1344 1e-05
1345 1e-05
1346 1e-05
1347 1e-05
1348 1e-05
1349 1e-05
1350 1e-05
1351 1e-05
1352 1e-05
1353 1e-05
1354 1e-05
1355 1e-05
1356 1e-05
1357 1e-05
1358 1e-05
1359 1e-05
1360 1e-05
1361 1e-05
1362 1e-05
1363 1e-05
1364 1e-05
1365 1e-05
1366 1e-05
1367 1e-05
1368 1e-05
1369 1e-05
1370 1e-05
1371 1e-05
1372 1e-05
1373 1e-05
1374 1e-05
1375 1e-05
1376 1e-05
1377 1e-05
1378 1e-05
1379 1e-05
1380 1e-05
1381 1e-05
1382 1e-05
1383 1e-05
1384 1e-05
1385 1e-05
1386 1e-05
1387 1e-05
1388 1e-05
1389 1e-05
1390 1e-05
1391 1e-05
1392 1e-05
1393 1e-05
1394 1e-05
1395 1e-05
1396 1e-05
1397 1e-05
1398 1e-05
1399 1e-05
1400 1e-05
1401 1e-05
1402 1e-05
1403 1e-05
1404 1e-05
1405 1e-05
1406 1e-05
1407 1e-05
1408 1e-05
1409 1e-05
1410 1e-05
1411 1e-05
1412 1e-05
1413 1e-05
1414 1e-05
1415 1e-05
1416 1e-05
1417 1e-05
1418 1e-05
1419 1e-05
1420 1e-05
1421 1e-05
1422 1e-05
1423 1e-05
1424 1e-05
1425 1e-05
1426 1e-05
1427 1e-05
1428 1e-05
1429 1e-05
1430 1e-05
1431 1e-05
1432 1e-05
1433 1e-05
1434 1e-05
1435 1e-05
1436 1e-05
1437 1e-05
1438 1e-05
1439 1e-05
1440 1e-05
1441 1e-05
1442 1e-05
1443 1e-05
1444 1e-05
1445 1e-05
1446 1e-05
1447 1e-05
1448 1e-05
1449 1e-05
1450 1e-05
1451 1e-05
1452 1e-05
1453 1e-05
1454 1e-05
1455 1e-05
1456 1e-05
1457 1e-05
1458 1e-05
1459 1e-05
1460 1e-05
1461 1e-05
1462 1e-05
1463 1e-05
1464 1e-05
1465 1e-05
1466 1e-05
1467 1e-05
1468 1e-05
1469 1e-05
1470 1e-05
1471 1e-05
1472 1e-05
1473 1.0
1474 1e-05
1475 1.0
1476 1e-05
1477 1e-05
1478 1e-05
1479 1e-05
1480 1e-05
1481 1e-05
1482 1e-05
1483 1e-05
1484 1e-05
1485 1e-05
1486 1e-05
1487 1e-05
1488 1e-05
1489 1e-05
1490 1e-05
1491 1e-05
1492 1e-05
1493 1e-05
1494 1e-05
1495 1e-05
1496 1e-05
1497 1e-05
1498 1e-05
1499 1e-05
1500 1e-05
1501 1e-05
1502 1e-05
1503 1e-05
1504 1e-05
1505 1e-05
1506 1e-05
1507 1e-05
1508 1e-05
1509 1e-05
1510 1e-05
1511 1e-05
1512 1e-05
1513 1e-05
1514 1e-05
1515 1e-05
1516 1e-05
1517 1e-05
1518 1e-05
1519 1e-05
1520 1e-05
1521 1e-05
1522 1e-05
1523 1e-05
1524 1e-05
1525 1e-05
1526 1e-05
1527 1e-05
1528 1e-05
1529 1e-05
1530 1e-05
1531 1e-05
1532 1e-05
1533 1e-05
1534 1e-05
1535 1e-05
1536 1e-05
1537 1e-05
1538 1e-05
1539 1e-05
1540 1e-05
1541 1e-05
1542 1e-05
1543 1e-05
1544 1e-05
1545 1e-05
1546 1e-05
1547 1e-05
1548 1e-05
1549 1e-05
1550 1e-05
1551 1e-05
1552 1e-05
1553 1e-05
1554 1e-05
1555 1e-05
1556 1e-05
1557 1e-05
1558 1e-05
1559 1e-05
1560 1e-05
1561 1e-05
1562 1e-05
1563 1e-05
1564 1e-05
1565 1e-05
1566 1e-05
1567 1e-05
1568 1e-05
1569 1e-05
1570 1e-05
1571 1e-05
1572 1e-05
1573 1e-05
1574 1e-05
1575 1e-05
1576 1e-05
1577 1e-05
1578 1e-05
1579 1e-05
1580 1e-05
1581 1e-05
1582 1e-05
1583 1e-05
1584 1e-05
1585 1e-05
1586 1e-05
1587 1e-05
1588 1e-05
1589 1e-05
1590 1e-05
1591 1e-05
1592 1e-05
1593 1e-05
1594 1e-05
1595 1e-05
1596 1e-05
1597 1e-05
1598 1e-05
1599 1e-05
1600 1e-05
1601 1e-05
1602 1e-05
1603 1e-05
1604 1e-05
1605 1e-05
1606 1e-05
1607 1e-05
1608 1e-05
1609 1e-05
1610 1e-05
1611 1e-05
1612 1e-05
1613 1e-05
1614 1e-05
1615 1e-05
1616 1e-05
1617 1e-05
1618 1e-05
1619 1e-05
1620 1e-05
1621 1e-05
1622 1e-05
1623 1e-05
1624 1e-05
1625 1e-05
1626 1e-05
1627 1e-05
1628 1e-05
1629 1e-05
1630 1e-05
1631 1e-05
1632 1e-05
1633 1e-05
1634 1e-05
1635 1e-05
1636 1e-05
1637 1e-05
1638 1e-05
1639 1e-05
1640 1e-05
1641 1e-05
1642 1e-05
1643 1e-05
1644 1e-05
1645 1e-05
1646 1e-05
1647 1e-05
1648 1e-05
1649 1e-05
1650 1e-05
1651 1e-05
1652 1e-05
1653 1e-05
1654 1e-05
1655 1e-05
1656 1e-05
1657 1e-05
1658 1e-05
1659 1e-05
1660 1e-05
1661 1e-05
1662 1e-05
1663 1e-05
1664 1e-05
1665 1.0
1666 1.0
1667 1.0
1668 1.0
1669 1e-05
1670 1e-05
1671 1e-05
1672 1e-05
1673 1e-05
1674 1e-05
1675 1e-05
1676 1e-05
1677 1.0
1678 1.0
1679 1e-05
1680 1.0
1681 1e-05
1682 1e-05
1683 1e-05
1684 1e-05
1685 1e-05
1686 1e-05
1687 1e-05
1688 1e-05
1689 1e-05
1690 1e-05
1691 1e-05
1692 1e-05
1693 1e-05
1694 1e-05
1695 1e-05
1696 1e-05
1697 1e-05
1698 1.0
1699 1e-05
1700 1.0
1701 1e-05
1702 1e-05
1703 1e-05
1704 1e-05
1705 1e-05
1706 1e-05
1707 1e-05
1708 1e-05
1709 1.0
1710 1.0
1711 1.0
1712 1.0
1713 1e-05
1714 1e-05
1715 1e-05
1716 1e-05
1717 1e-05
1718 1e-05
1719 1e-05
1720 1e-05
1721 1e-05
1722 1e-05
1723 1e-05
1724 1e-05
1725 1e-05
1726 1e-05
1727 1e-05
1728 1e-05
1729 1e-05
1730 1e-05
1731 1e-05
1732 1e-05
1733 1e-05
1734 1e-05
1735 1e-05
1736 1e-05
1737 1e-05
1738 1e-05
1739 1e-05
1740 1e-05
1741 1e-05
1742 1e-05
1743 1e-05
1744 1e-05
1745 1e-05
1746 1e-05
1747 1e-05
1748 1e-05
1749 1e-05
1750 1e-05
1751 1e-05
1752 1e-05
1753 1e-05
1754 1e-05
1755 1e-05
1756 1e-05
1757 1e-05
1758 1e-05
1759 1e-05
1760 1e-05
1761 1e-05
1762 1e-05
1763 1e-05
1764 1e-05
1765 1e-05
1766 1e-05
1767 1e-05
1768 1e-05
1769 1e-05
1770 1e-05
1771 1e-05
1772 1e-05
1773 1e-05
1774 1e-05
1775 1e-05
1776 1e-05
1777 1e-05
1778 1e-05
1779 1e-05
1780 1e-05
1781 1e-05
1782 1e-05
1783 1e-05
1784 1e-05
1785 1e-05
1786 1e-05
1787 1e-05
1788 1e-05
1789 1e-05
1790 1e-05
1791 1e-05
1792 1e-05
1793 1e-05
1794 1e-05
1795 1e-05
1796 1e-05
1797 1e-05
1798 1e-05
1799 1e-05
1800 1e-05
1801 1e-05
1802 1e-05
1803 1e-05
1804 1e-05
1805 1e-05
1806 1e-05
1807 1e-05
1808 1e-05
1809 1e-05
1810 1e-05
1811 1e-05
1812 1e-05
1813 1e-05
1814 1e-05
1815 1e-05
1816 1e-05
1817 1e-05
1818 1e-05
1819 1e-05
1820 1e-05
1821 1e-05
1822 1e-05
1823 1e-05
1824 1e-05
1825 1e-05
1826 1e-05
1827 1e-05
1828 1e-05
1829 1e-05
1830 1e-05
1831 1e-05
1832 1e-05
1833 1e-05
1834 1e-05
1835 1e-05
1836 1e-05
1837 1e-05
1838 1e-05
1839 1e-05
1840 1e-05
1841 1e-05
1842 1.0
1843 1.0
1844 1.0
1845 1e-05
1846 1e-05
1847 1e-05
1848 1e-05
1849 1e-05
1850 1e-05
1851 1e-05
1852 1e-05
1853 1e-05
1854 1e-05
1855 1e-05
1856 1e-05
1857 1.0
1858 1e-05
1859 1.0
1860 1.0
1861 1e-05
1862 1e-05
1863 1e-05
1864 1e-05
1865 1e-05
1866 1.0
1867 1e-05
1868 1e-05
1869 1.0
1870 1.0
1871 1.0
1872 1.0
1873 1e-05
1874 1e-05
1875 1e-05
1876 1e-05
1877 1e-05
1878 1e-05
1879 1e-05
1880 1e-05
1881 1e-05
1882 1e-05
1883 1e-05
1884 1e-05
1885 1e-05
1886 1e-05
1887 1e-05
1888 1e-05
1889 1.0
1890 1.0
1891 1e-05
1892 1e-05
1893 1.0
1894 1.0
1895 1.0
1896 1.0
1897 1e-05
1898 1e-05
1899 1e-05
1900 1e-05
1901 1e-05
1902 1e-05
1903 1e-05
1904 1e-05
1905 1e-05
1906 1e-05
1907 1e-05
1908 1e-05
1909 1e-05
1910 1e-05
1911 1e-05
1912 1e-05
1913 1e-05
1914 1e-05
1915 1e-05
1916 1e-05
1917 1e-05
1918 1e-05
1919 1e-05
1920 1e-05
1921 1e-05
1922 1e-05
1923 1e-05
1924 1e-05
1925 1e-05
1926 1e-05
1927 1e-05
1928 1e-05
1929 1e-05
1930 1e-05
1931 1e-05
1932 1e-05
1933 1e-05
1934 1e-05
1935 1e-05
1936 1e-05
1937 1e-05
1938 1e-05
1939 1e-05
1940 1e-05
1941 1e-05
1942 1e-05
1943 1e-05
1944 1e-05
1945 1e-05
1946 1e-05
1947 1e-05
1948 1e-05
1949 1e-05
1950 1e-05
1951 1e-05
1952 1e-05
1953 1e-05
1954 1e-05
1955 1e-05
1956 1e-05
1957 1e-05
1958 1e-05
1959 1e-05
1960 1e-05
1961 1e-05
1962 1e-05
1963 1e-05
1964 1e-05
1965 1e-05
1966 1e-05
1967 1e-05
1968 1e-05
1969 1e-05
1970 1e-05
1971 1e-05
1972 1e-05
1973 1e-05
1974 1e-05
1975 1e-05
1976 1e-05
1977 1e-05
1978 1e-05
1979 1e-05
1980 1e-05
1981 1e-05
1982 1e-05
1983 1e-05
1984 1e-05
1985 1e-05
1986 1e-05
1987 1e-05
1988 1e-05
1989 1e-05
1990 1e-05
1991 1e-05
1992 1e-05
1993 1e-05
1994 1e-05
1995 1e-05
1996 1e-05
1997 1e-05
1998 1e-05
1999 1e-05
2000 1e-05
2001 1e-05
2002 1e-05
2003 1e-05
2004 1e-05
2005 1e-05
2006 1e-05
2007 1e-05
2008 1e-05
2009 1e-05
2010 1e-05
2011 1e-05
2012 1e-05
2013 1e-05
2014 1e-05
2015 1e-05
2016 1e-05
2017 1.0
2018 1.0
2019 1.0
2020 1.0
2021 1e-05
2022 1e-05
2023 1e-05
2024 1e-05
2025 1e-05
2026 1e-05
2027 1e-05
2028 1e-05
2029 1e-05
2030 1e-05
2031 1e-05
2032 1e-05
2033 1e-05
2034 1e-05
2035 1e-05
2036 1e-05
2037 1e-05
2038 1e-05
2039 1e-05
2040 1e-05
2041 1e-05
2042 1e-05
2043 1e-05
2044 1e-05
2045 1e-05
2046 1e-05
2047 1e-05
2048 1e-05
2049 1e-05
2050 1e-05
2051 1e-05
2052 1e-05
2053 1e-05
2054 1e-05
2055 1e-05
2056 1e-05
2057 1e-05
2058 1e-05
2059 1e-05
2060 1e-05
2061 1e-05
2062 1e-05
2063 1e-05
2064 1e-05
2065 1e-05
2066 1e-05
2067 1e-05
2068 1e-05
2069 1e-05
2070 1e-05
2071 1e-05
2072 1e-05
2073 1e-05
2074 1e-05
2075 1e-05
2076 1e-05
2077 1e-05
2078 1e-05
2079 1e-05
2080 1e-05
2081 1e-05
2082 1e-05
2083 1e-05
2084 1e-05
2085 1e-05
2086 1e-05
2087 1e-05
2088 1e-05
2089 1e-05
2090 1e-05
2091 1e-05
2092 1e-05
2093 1e-05
2094 1e-05
2095 1e-05
2096 1e-05
2097 1e-05
2098 1e-05
2099 1e-05
2100 1e-05
2101 1e-05
2102 1e-05
2103 1e-05
2104 1e-05
2105 1e-05
2106 1e-05
2107 1e-05
2108 1e-05
2109 1e-05
2110 1e-05
2111 1e-05
2112 1e-05
2113 1e-05
2114 1e-05
2115 1e-05
2116 1e-05
2117 1e-05
2118 1e-05
2119 1e-05
2120 1e-05
2121 1e-05
2122 1e-05
2123 1e-05
2124 1e-05
2125 1e-05
2126 1e-05
2127 1e-05
2128 1e-05
2129 1e-05
2130 1e-05
2131 1e-05
2132 1e-05
2133 1e-05
2134 1e-05
2135 1e-05
2136 1e-05
2137 1e-05
2138 1e-05
2139 1e-05
2140 1e-05
2141 1e-05
2142 1e-05
2143 1e-05
2144 1e-05
2145 1e-05
2146 1e-05
2147 1e-05
2148 1e-05
2149 1e-05
2150 1e-05
2151 1e-05
2152 1e-05
2153 1e-05
2154 1e-05
2155 1e-05
2156 1e-05
2157 1e-05
2158 1e-05
2159 1e-05
2160 1e-05
2161 1e-05
2162 1e-05
2163 1e-05
2164 1e-05
2165 1e-05
2166 1e-05
2167 1e-05
2168 1e-05
2169 1e-05
2170 1e-05
2171 1e-05
2172 1e-05
2173 1e-05
2174 1e-05
2175 1e-05
2176 1e-05
2177 1e-05
2178 1e-05
2179 1e-05
2180 1e-05
2181 1e-05
2182 1e-05
2183 1e-05
2184 1e-05
2185 1e-05
2186 1e-05
2187 1e-05
2188 1e-05
2189 1e-05
2190 1e-05
2191 1e-05
2192 1e-05
2193 1e-05
2194 1e-05
2195 1e-05
2196 1e-05
2197 1e-05
2198 1e-05
2199 1e-05
2200 1e-05
2201 1e-05
2202 1e-05
2203 1e-05
2204 1e-05
2205 1e-05
2206 1e-05
2207 1e-05
2208 1e-05
2209 1e-05
2210 1e-05
2211 1e-05
2212 1e-05
2213 1e-05
2214 1e-05
2215 1e-05
2216 1e-05
2217 1e-05
2218 1e-05
2219 1e-05
2220 1e-05
2221 1e-05
2222 1e-05
2223 1e-05
2224 1e-05
2225 1e-05
2226 1e-05
2227 1e-05
2228 1e-05
2229 1e-05
2230 1e-05
2231 1e-05
2232 1e-05
2233 1e-05
2234 1e-05
2235 1e-05
2236 1e-05
2237 1e-05
2238 1e-05
2239 1e-05
2240 1e-05
2241 1e-05
2242 1e-05
2243 1e-05
2244 1e-05
2245 1e-05
2246 1e-05
2247 1e-05
2248 1e-05
2249 1e-05
2250 1e-05
2251 1e-05
2252 1e-05
2253 1e-05
2254 1e-05
2255 1e-05
2256 1e-05
2257 1e-05
2258 1e-05
2259 1e-05
2260 1e-05
2261 1e-05
2262 1e-05
2263 1e-05
2264 1e-05
2265 1e-05
2266 1e-05
2267 1e-05
2268 1e-05
2269 1e-05
2270 1e-05
2271 1e-05
2272 1e-05
2273 1e-05
2274 1e-05
2275 1e-05
2276 1e-05
2277 1e-05
2278 1e-05
2279 1e-05
2280 1e-05
2281 1e-05
2282 1e-05
2283 1e-05
2284 1e-05
2285 1e-05
2286 1e-05
2287 1e-05
2288 1e-05
2289 1e-05
2290 1e-05
2291 1e-05
2292 1e-05
2293 1e-05
2294 1e-05
2295 1e-05
2296 1e-05
2297 1e-05
2298 1e-05
2299 1e-05
2300 1e-05
2301 1e-05
2302 1e-05
2303 1e-05
2304 1e-05
2305 1e-05
2306 1e-05
2307 1e-05
2308 1e-05
2309 1e-05
2310 1e-05
2311 1e-05
2312 1e-05
2313 1e-05
2314 1e-05
2315 1e-05
2316 1e-05
2317 1e-05
2318 1e-05
2319 1e-05
2320 1e-05
2321 1e-05
2322 1e-05
2323 1e-05
2324 1e-05
2325 1e-05
2326 1e-05
2327 1e-05
2328 1e-05
2329 1e-05
2330 1e-05
2331 1e-05
2332 1e-05
2333 1e-05
2334 1e-05
2335 1e-05
2336 1e-05
2337 1e-05
2338 1e-05
2339 1e-05
2340 1e-05
2341 1e-05
2342 1e-05
2343 1e-05
2344 1e-05
2345 1e-05
2346 1e-05
2347 1e-05
2348 1e-05
2349 1e-05
2350 1e-05
2351 1e-05
2352 1e-05
2353 1e-05
2354 1e-05
2355 1e-05
2356 1e-05
2357 1e-05
2358 1e-05
2359 1e-05
2360 1e-05
2361 1e-05
2362 1e-05
2363 1e-05
2364 1e-05
2365 1e-05
2366 1e-05
2367 1e-05
2368 1e-05
2369 1e-05
2370 1e-05
2371 1e-05
2372 1e-05
2373 1e-05
2374 1e-05
2375 1e-05
2376 1e-05
2377 1e-05
2378 1e-05
2379 1e-05
2380 1e-05
2381 1e-05
2382 1e-05
2383 1e-05
2384 1e-05
2385 1e-05
2386 1e-05
2387 1e-05
2388 1e-05
2389 1e-05
2390 1e-05
2391 1e-05
2392 1e-05
2393 1e-05
2394 1e-05
2395 1e-05
2396 1e-05
2397 1e-05
2398 1e-05
2399 1e-05
2400 1e-05
2401 1e-05
2402 1e-05
2403 1e-05
2404 1e-05
2405 1e-05
2406 1e-05
2407 1e-05
2408 1e-05
2409 1e-05
2410 1e-05
2411 1e-05
2412 1e-05
2413 1e-05
2414 1e-05
2415 1e-05
2416 1e-05
2417 1e-05
2418 1e-05
2419 1e-05
2420 1e-05
2421 1e-05
2422 1e-05
2423 1e-05
2424 1e-05
2425 1e-05
2426 1e-05
2427 1e-05
2428 1e-05
2429 1e-05
2430 1e-05
2431 1e-05
2432 1e-05
2433 1e-05
2434 1e-05
2435 1e-05
2436 1e-05
2437 1e-05
2438 1e-05
2439 1e-05
2440 1e-05
2441 1e-05
2442 1e-05
2443 1e-05
2444 1e-05
2445 1e-05
2446 1e-05
2447 1e-05
2448 1e-05
2449 1e-05
2450 1e-05
2451 1e-05
2452 1e-05
2453 1e-05
2454 1e-05
2455 1e-05
2456 1e-05
2457 1e-05
2458 1e-05
2459 1e-05
2460 1e-05
2461 1e-05
2462 1e-05
2463 1e-05
2464 1e-05
2465 1e-05
2466 1e-05
2467 1e-05
2468 1e-05
2469 1e-05
2470 1e-05
2471 1e-05
2472 1e-05
2473 1e-05
2474 1e-05
2475 1e-05
2476 1e-05
2477 1e-05
2478 1e-05
2479 1e-05
2480 1e-05
2481 1e-05
2482 1e-05
2483 1e-05
2484 1e-05
2485 1e-05
2486 1e-05
2487 1e-05
2488 1e-05
2489 1e-05
2490 1e-05
2491 1e-05
2492 1e-05
2493 1e-05
2494 1e-05
2495 1e-05
2496 1e-05
2497 1e-05
2498 1e-05
2499 1e-05
2500 1e-05
2501 1e-05
2502 1e-05
2503 1e-05
2504 1e-05
2505 1e-05
2506 1e-05
2507 1e-05
2508 1e-05
2509 1e-05
2510 1e-05
2511 1e-05
2512 1e-05
2513 1e-05
2514 1e-05
2515 1e-05
2516 1e-05
2517 1e-05
2518 1e-05
2519 1e-05
2520 1e-05
2521 1e-05
2522 1e-05
2523 1e-05
2524 1e-05
2525 1e-05
2526 1e-05
2527 1e-05
2528 1e-05
2529 1e-05
2530 1e-05
2531 1e-05
2532 1e-05
2533 1e-05
2534 1e-05
2535 1e-05
2536 1e-05
2537 1e-05
2538 1e-05
2539 1e-05
2540 1e-05
2541 1e-05
2542 1e-05
2543 1e-05
2544 1e-05
2545 1e-05
2546 1e-05
2547 1e-05
2548 1e-05
2549 1e-05
2550 1e-05
2551 1e-05
2552 1e-05
2553 1e-05
2554 1e-05
2555 1e-05
2556 1e-05
2557 1e-05
2558 1e-05
2559 1e-05
2560 1e-05
2561 1e-05
2562 1e-05
2563 1e-05
2564 1e-05
2565 1e-05
2566 1e-05
2567 1e-05
2568 1e-05
2569 1e-05
2570 1e-05
2571 1e-05
2572 1e-05
2573 1e-05
2574 1e-05
2575 1e-05
2576 1e-05
2577 1e-05
2578 1e-05
2579 1e-05
2580 1e-05
2581 1e-05
2582 1e-05
2583 1e-05
2584 1e-05
2585 1e-05
2586 1e-05
2587 1e-05
2588 1e-05
2589 1e-05
2590 1e-05
2591 1e-05
2592 1e-05
2593 1e-05
2594 1e-05
2595 1e-05
2596 1e-05
2597 1e-05
2598 1e-05
2599 1e-05
2600 1e-05
2601 1e-05
2602 1e-05
2603 1e-05
2604 1e-05
2605 1e-05
2606 1e-05
2607 1e-05
2608 1e-05
2609 1e-05
2610 1e-05
2611 1e-05
2612 1e-05
2613 1e-05
2614 1e-05
2615 1e-05
2616 1e-05
2617 1e-05
2618 1e-05
2619 1e-05
2620 1e-05
2621 1e-05
2622 1e-05
2623 1e-05
2624 1e-05
2625 1e-05
2626 1e-05
2627 1e-05
2628 1e-05
2629 1e-05
2630 1e-05
2631 1e-05
2632 1e-05
2633 1e-05
2634 1e-05
2635 1e-05
2636 1e-05
2637 1e-05
2638 1e-05
2639 1e-05
2640 1e-05
2641 1e-05
2642 1e-05
2643 1e-05
2644 1e-05
2645 1e-05
2646 1e-05
2647 1e-05
2648 1e-05
2649 1e-05
2650 1e-05
2651 1e-05
2652 1e-05
2653 1e-05
2654 1e-05
2655 1e-05
2656 1e-05
2657 1e-05
2658 1e-05
2659 1e-05
2660 1e-05
2661 1e-05
2662 1e-05
2663 1e-05
2664 1e-05
2665 1e-05
2666 1e-05
2667 1e-05
2668 1e-05
2669 1e-05
2670 1e-05
2671 1e-05
2672 1e-05
2673 1e-05
2674 1e-05
2675 1e-05
2676 1e-05
2677 1e-05
2678 1e-05
2679 1e-05
2680 1e-05
2681 1e-05
2682 1e-05
2683 1e-05
2684 1e-05
2685 1e-05
2686 1e-05
2687 1e-05
2688 1e-05
2689 1e-05
2690 1e-05
2691 1e-05
2692 1e-05
2693 1e-05
2694 1e-05
2695 1e-05
2696 1e-05
2697 1e-05
2698 1e-05
2699 1e-05
2700 1e-05
2701 1e-05
2702 1e-05
2703 1e-05
2704 1e-05
2705 1e-05
2706 1e-05
2707 1e-05
2708 1e-05
2709 1e-05
2710 1e-05
2711 1e-05
2712 1e-05
2713 1e-05
2714 1e-05
2715 1e-05
2716 1e-05
2717 1e-05
2718 1e-05
2719 1e-05
2720 1e-05
2721 1e-05
2722 1e-05
2723 1e-05
2724 1e-05
2725 1e-05
2726 1e-05
2727 1e-05
2728 1e-05
2729 1e-05
2730 1e-05
2731 1e-05
2732 1e-05
2733 1e-05
2734 1e-05
2735 1e-05
2736 1e-05
2737 1e-05
2738 1e-05
2739 1e-05
2740 1e-05
2741 1e-05
2742 1e-05
2743 1e-05
2744 1e-05
2745 1e-05
2746 1e-05
2747 1e-05
2748 1e-05
2749 1e-05
2750 1e-05
2751 1e-05
2752 1e-05
2753 1e-05
2754 1e-05
2755 1e-05
2756 1e-05
2757 1e-05
2758 1e-05
2759 1e-05
2760 1e-05
2761 1e-05
2762 1e-05
2763 1e-05
2764 1e-05
2765 1e-05
2766 1e-05
2767 1e-05
2768 1e-05
2769 1e-05
2770 1e-05
2771 1e-05
2772 1e-05
2773 1e-05
2774 1e-05
2775 1e-05
2776 1e-05
2777 1e-05
2778 1e-05
2779 1e-05
2780 1e-05
2781 1e-05
2782 1e-05
2783 1e-05
2784 1e-05
2785 1e-05
2786 1e-05
2787 1e-05
2788 1e-05
2789 1e-05
2790 1e-05
2791 1e-05
2792 1e-05
2793 1e-05
2794 1e-05
2795 1e-05
2796 1e-05
2797 1e-05
2798 1e-05
2799 1e-05
2800 1e-05
2801 1e-05
2802 1e-05
2803 1e-05
2804 1e-05
2805 1e-05
2806 1e-05
2807 1e-05
2808 1e-05
2809 1e-05
2810 1e-05
2811 1e-05
2812 1e-05
2813 1e-05
2814 1e-05
2815 1e-05
2816 1e-05
2817 1e-05
2818 1e-05
2819 1e-05
2820 1e-05
2821 1e-05
2822 1e-05
2823 1e-05
2824 1e-05
2825 1e-05
2826 1e-05
2827 1e-05
2828 1e-05
2829 1e-05
2830 1e-05
2831 1e-05
2832 1e-05
2833 1e-05
2834 1e-05
2835 1e-05
2836 1e-05
2837 1e-05
2838 1e-05
2839 1e-05
2840 1e-05
2841 1e-05
2842 1e-05
2843 1e-05
2844 1e-05
2845 1e-05
2846 1e-05
2847 1e-05
2848 1e-05
2849 1e-05
2850 1e-05
2851 1e-05
2852 1e-05
2853 1e-05
2854 1e-05
2855 1e-05
2856 1e-05
2857 1e-05
2858 1e-05
2859 1e-05
2860 1e-05
2861 1e-05
2862 1e-05
2863 1e-05
2864 1e-05
2865 1e-05
2866 1e-05
2867 1e-05
2868 1e-05
2869 1e-05
2870 1e-05
2871 1e-05
2872 1e-05
2873 1e-05
2874 1e-05
2875 1e-05
2876 1e-05
2877 1e-05
2878 1e-05
2879 1e-05
2880 1e-05
2881 1e-05
2882 1e-05
2883 1e-05
2884 1e-05
2885 1e-05
2886 1e-05
2887 1e-05
2888 1e-05
2889 1e-05
2890 1e-05
2891 1e-05
2892 1e-05
2893 1e-05
2894 1e-05
2895 1e-05
2896 1e-05
2897 1e-05
2898 1e-05
2899 1e-05
2900 1e-05
2901 1e-05
2902 1e-05
2903 1e-05
2904 1e-05
2905 1e-05
2906 1e-05
2907 1e-05
2908 1e-05
2909 1e-05
2910 1e-05
2911 1e-05
2912 1e-05
2913 1e-05
2914 1e-05
2915 1e-05
2916 1e-05
2917 1e-05
2918 1e-05
2919 1e-05
2920 1e-05
2921 1e-05
2922 1e-05
2923 1e-05
2924 1e-05
2925 1e-05
2926 1e-05
2927 1e-05
2928 1e-05
2929 1e-05
2930 1e-05
2931 1e-05
2932 1e-05
2933 1e-05
2934 1e-05
2935 1e-05
2936 1e-05
2937 1e-05
2938 1e-05
2939 1e-05
2940 1e-05
2941 1e-05
2942 1e-05
2943 1e-05
2944 1e-05
2945 1e-05
2946 1e-05
2947 1e-05
2948 1e-05
2949 1e-05
2950 1e-05
2951 1e-05
2952 1e-05
2953 1e-05
2954 1e-05
2955 1e-05
2956 1e-05
2957 1e-05
2958 1e-05
2959 1e-05
2960 1e-05
2961 1e-05
2962 1e-05
2963 1e-05
2964 1e-05
2965 1e-05
2966 1e-05
2967 1e-05
2968 1e-05
2969 1e-05
2970 1e-05
2971 1e-05
2972 1e-05
2973 1e-05
2974 1e-05
2975 1e-05
2976 1e-05
2977 1e-05
2978 1e-05
2979 1e-05
2980 1e-05
2981 1e-05
2982 1e-05
2983 1e-05
2984 1e-05
2985 1e-05
2986 1e-05
2987 1e-05
2988 1e-05
2989 1e-05
2990 1e-05
2991 1e-05
2992 1e-05
2993 1e-05
2994 1e-05
2995 1e-05
2996 1e-05
2997 1e-05
2998 1e-05
2999 1e-05
3000 1e-05
3001 1e-05
3002 1e-05
3003 1e-05
3004 1e-05
3005 1e-05
3006 1e-05
3007 1e-05
3008 1e-05
3009 1e-05
3010 1e-05
3011 1e-05
3012 1e-05
3013 1e-05
3014 1e-05
3015 1e-05
3016 1e-05
3017 1e-05
3018 1e-05
3019 1e-05
3020 1e-05
3021 1e-05
3022 1e-05
3023 1e-05
3024 1e-05
3025 1e-05
3026 1e-05
3027 1e-05
3028 1e-05
3029 1e-05
3030 1e-05
3031 1e-05
3032 1e-05
3033 1e-05
3034 1e-05
3035 1e-05
3036 1e-05
3037 1e-05
3038 1e-05
3039 1e-05
3040 1e-05
3041 1e-05
3042 1e-05
3043 1e-05
3044 1e-05
3045 1e-05
3046 1e-05
3047 1e-05
3048 1e-05
3049 1e-05
3050 1e-05
3051 1e-05
3052 1e-05
3053 1e-05
3054 1e-05
3055 1e-05
3056 1e-05
3057 1e-05
3058 1e-05
3059 1e-05
3060 1e-05
3061 1e-05
3062 1e-05
3063 1e-05
3064 1e-05
3065 1e-05
3066 1e-05
3067 1e-05
3068 1e-05
3069 1e-05
3070 1e-05
3071 1e-05
3072 1e-05
3073 1e-05
3074 1e-05
3075 1e-05
3076 1e-05
3077 1e-05
3078 1e-05
3079 1e-05
3080 1e-05
3081 1e-05
3082 1e-05
3083 1e-05
3084 1e-05
3085 1e-05
3086 1e-05
3087 1e-05
3088 1e-05
3089 1e-05
3090 1e-05
3091 1e-05
3092 1e-05
3093 1e-05
3094 1e-05
3095 1e-05
3096 1e-05
3097 1e-05
3098 1e-05
3099 1e-05
3100 1e-05
3101 1e-05
3102 1e-05
3103 1e-05
3104 1e-05
3105 1e-05
3106 1e-05
3107 1e-05
3108 1e-05
3109 1e-05
3110 1e-05
3111 1e-05
3112 1e-05
3113 1e-05
3114 1e-05
3115 1e-05
3116 1e-05
3117 1e-05
3118 1e-05
3119 1e-05
3120 1e-05
3121 1e-05
3122 1e-05
3123 1e-05
3124 1e-05
3125 1e-05
3126 1e-05
3127 1e-05
3128 1e-05
3129 1e-05
3130 1e-05
3131 1e-05
3132 1e-05
3133 1e-05
3134 1e-05
3135 1e-05
3136 1e-05
3137 1e-05
3138 1e-05
3139 1e-05
3140 1e-05
3141 1e-05
3142 1e-05
3143 1e-05
3144 1e-05
3145 1e-05
3146 1e-05
3147 1e-05
3148 1e-05
3149 1e-05
3150 1e-05
3151 1e-05
3152 1e-05
3153 1e-05
3154 1e-05
3155 1e-05
3156 1e-05
3157 1e-05
3158 1e-05
3159 1e-05
3160 1e-05
3161 1e-05
3162 1e-05
3163 1e-05
3164 1e-05
3165 1e-05
3166 1e-05
3167 1e-05
3168 1e-05
3169 1e-05
3170 1e-05
3171 1e-05
3172 1e-05
3173 1e-05
3174 1e-05
3175 1e-05
3176 1e-05
3177 1e-05
3178 1e-05
3179 1e-05
3180 1e-05
3181 1e-05
3182 1e-05
3183 1e-05
3184 1e-05
3185 1e-05
3186 1e-05
3187 1e-05
3188 1e-05
3189 1e-05
3190 1e-05
3191 1e-05
3192 1e-05
3193 1e-05
3194 1e-05
3195 1e-05
3196 1e-05
3197 1e-05
3198 1e-05
3199 1e-05
3200 1e-05
3201 1e-05
3202 1e-05
3203 1e-05
3204 1e-05
3205 1e-05
3206 1e-05
3207 1e-05
3208 1e-05
3209 1e-05
3210 1e-05
3211 1e-05
3212 1e-05
3213 1e-05
3214 1e-05
3215 1e-05
3216 1e-05
3217 1e-05
3218 1e-05
3219 1e-05
3220 1e-05
3221 1e-05
3222 1e-05
3223 1e-05
3224 1e-05
3225 1e-05
3226 1e-05
3227 1e-05
3228 1e-05
3229 1e-05
3230 1e-05
3231 1e-05
3232 1e-05
3233 1e-05
3234 1e-05
3235 1e-05
3236 1e-05
3237 1e-05
3238 1e-05
3239 1e-05
3240 1e-05
3241 1e-05
3242 1e-05
3243 1e-05
3244 1e-05
3245 1e-05
3246 1e-05
3247 1e-05
3248 1e-05
3249 1e-05
3250 1e-05
3251 1e-05
3252 1e-05
3253 1e-05
3254 1e-05
3255 1e-05
3256 1e-05
3257 1e-05
3258 1e-05
3259 1e-05
3260 1e-05
3261 1e-05
3262 1e-05
3263 1e-05
3264 1e-05
3265 1e-05
3266 1e-05
3267 1e-05
3268 1e-05
3269 1e-05
3270 1e-05
3271 1e-05
3272 1e-05
3273 1e-05
3274 1e-05
3275 1e-05
3276 1e-05
3277 1e-05
3278 1e-05
3279 1e-05
3280 1e-05
3281 1e-05
3282 1e-05
3283 1e-05
3284 1e-05
3285 1e-05
3286 1e-05
3287 1e-05
3288 1e-05
3289 1e-05
3290 1e-05
3291 1e-05
3292 1e-05
3293 1e-05
3294 1e-05
3295 1e-05
3296 1e-05
3297 1e-05
3298 1e-05
3299 1e-05
3300 1e-05
3301 1e-05
3302 1e-05
3303 1e-05
3304 1e-05
3305 1e-05
3306 1e-05
3307 1e-05
3308 1e-05
3309 1e-05
3310 1e-05
3311 1e-05
3312 1e-05
3313 1e-05
3314 1e-05
3315 1e-05
3316 1e-05
3317 1e-05
3318 1e-05
3319 1e-05
3320 1e-05
3321 1e-05
3322 1e-05
3323 1e-05
3324 1e-05
3325 1e-05
3326 1e-05
3327 1e-05
3328 1e-05
3329 1e-05
3330 1e-05
3331 1e-05
3332 1e-05
3333 1e-05
3334 1e-05
3335 1e-05
3336 1e-05
3337 1e-05
3338 1e-05
3339 1e-05
3340 1e-05
3341 1e-05
3342 1e-05
3343 1e-05
3344 1e-05
3345 1e-05
3346 1e-05
3347 1e-05
3348 1e-05
3349 1e-05
3350 1e-05
3351 1e-05
3352 1e-05
3353 1e-05
3354 1e-05
3355 1e-05
3356 1e-05
3357 1e-05
3358 1e-05
3359 1e-05
3360 1e-05
3361 1e-05
3362 1e-05
3363 1e-05
3364 1e-05
3365 1e-05
3366 1e-05
3367 1e-05
3368 1e-05
3369 1e-05
3370 1e-05
3371 1e-05
3372 1e-05
3373 1e-05
3374 1e-05
3375 1e-05
3376 1e-05
3377 1e-05
3378 1e-05
3379 1e-05
3380 1e-05
3381 1e-05
3382 1e-05
3383 1e-05
3384 1e-05
3385 1e-05
3386 1e-05
3387 1e-05
3388 1e-05
3389 1e-05
3390 1e-05
3391 1e-05
3392 1e-05
3393 1e-05
3394 1e-05
3395 1e-05
3396 1e-05
3397 1e-05
3398 1e-05
3399 1e-05
3400 1e-05
3401 1e-05
3402 1e-05
3403 1e-05
3404 1e-05
3405 1e-05
3406 1e-05
3407 1e-05
3408 1e-05
3409 1e-05
3410 1e-05
3411 1e-05
3412 1e-05
3413 1e-05
3414 1e-05
3415 1e-05
3416 1e-05
3417 1e-05
3418 1e-05
3419 1e-05
3420 1e-05
3421 1e-05
3422 1e-05
3423 1e-05
3424 1e-05
3425 1e-05
3426 1e-05
3427 1e-05
3428 1e-05
3429 1e-05
3430 1e-05
3431 1e-05
3432 1e-05
3433 1e-05
3434 1e-05
3435 1e-05
3436 1e-05
3437 1e-05
3438 1e-05
3439 1e-05
3440 1e-05
3441 1e-05
3442 1e-05
3443 1e-05
3444 1e-05
3445 1e-05
3446 1e-05
3447 1e-05
3448 1e-05
3449 1e-05
3450 1e-05
3451 1e-05
3452 1e-05
3453 1e-05
3454 1e-05
3455 1e-05
3456 1e-05
3457 1e-05
3458 1e-05
3459 1e-05
3460 1e-05
3461 1e-05
3462 1e-05
3463 1e-05
3464 1e-05
3465 1e-05
3466 1e-05
3467 1e-05
3468 1e-05
3469 1e-05
3470 1e-05
3471 1e-05
3472 1e-05
3473 1e-05
3474 1e-05
3475 1e-05
3476 1e-05
3477 1e-05
3478 1e-05
3479 1e-05
3480 1e-05
3481 1e-05
3482 1e-05
3483 1e-05
3484 1e-05
3485 1e-05
3486 1e-05
3487 1e-05
3488 1e-05
3489 1e-05
3490 1e-05
3491 1e-05
3492 1e-05
3493 1e-05
3494 1e-05
3495 1e-05
3496 1e-05
3497 1e-05
3498 1e-05
3499 1e-05
3500 1e-05
3501 1e-05
3502 1e-05
3503 1e-05
3504 1e-05
3505 1e-05
3506 1e-05
3507 1e-05
3508 1e-05
3509 1e-05
3510 1e-05
3511 1e-05
3512 1e-05
3513 1e-05
3514 1e-05
3515 1e-05
3516 1e-05
3517 1e-05
3518 1e-05
3519 1e-05
3520 1e-05
3521 1e-05
3522 1e-05
3523 1e-05
3524 1e-05
3525 1e-05
3526 1e-05
3527 1e-05
3528 1e-05
3529 1e-05
3530 1e-05
3531 1e-05
3532 1e-05
3533 1e-05
3534 1e-05
3535 1e-05
3536 1e-05
3537 1e-05
3538 1e-05
3539 1e-05
3540 1e-05
3541 1e-05
3542 1e-05
3543 1e-05
3544 1e-05
3545 1e-05
3546 1e-05
3547 1e-05
3548 1e-05
3549 1e-05
3550 1e-05
3551 1e-05
3552 1e-05
3553 1e-05
3554 1e-05
3555 1e-05
3556 1e-05
3557 1e-05
3558 1e-05
3559 1e-05
3560 1e-05
3561 1e-05
3562 1e-05
3563 1e-05
3564 1e-05
3565 1e-05
3566 1e-05
3567 1e-05
3568 1e-05
3569 1e-05
3570 1e-05
3571 1e-05
3572 1e-05
3573 1e-05
3574 1e-05
3575 1e-05
3576 1e-05
3577 1e-05
3578 1e-05
3579 1e-05
3580 1e-05
3581 1e-05
3582 1e-05
3583 1e-05
3584 1e-05
3585 1e-05
3586 1e-05
3587 1e-05
3588 1e-05
3589 1e-05
3590 1e-05
3591 1e-05
3592 1e-05
3593 1e-05
3594 1e-05
3595 1e-05
3596 1e-05
3597 1e-05
3598 1e-05
3599 1e-05
3600 1e-05
3601 1e-05
3602 1e-05
3603 1e-05
3604 1e-05
3605 1e-05
3606 1e-05
3607 1e-05
3608 1e-05
3609 1e-05
3610 1e-05
3611 1e-05
3612 1e-05
3613 1e-05
3614 1e-05
3615 1e-05
3616 1e-05
3617 1e-05
3618 1e-05
3619 1e-05
3620 1e-05
3621 1e-05
3622 1e-05
3623 1e-05
3624 1e-05
3625 1e-05
3626 1e-05
3627 1e-05
3628 1e-05
3629 1e-05
3630 1e-05
3631 1e-05
3632 1e-05
3633 1e-05
3634 1e-05
3635 1e-05
3636 1e-05
3637 1e-05
3638 1e-05
3639 1e-05
3640 1e-05
3641 1e-05
3642 1e-05
3643 1e-05
3644 1e-05
3645 1e-05
3646 1e-05
3647 1e-05
3648 1e-05
3649 1e-05
3650 1e-05
3651 1e-05
3652 1e-05
3653 1e-05
3654 1e-05
3655 1e-05
3656 1e-05
3657 1e-05
3658 1e-05
3659 1e-05
3660 1e-05
3661 1e-05
3662 1e-05
3663 1e-05
3664 1e-05
3665 1e-05
3666 1e-05
3667 1e-05
3668 1e-05
3669 1e-05
3670 1e-05
3671 1e-05
3672 1e-05
3673 1e-05
3674 1e-05
3675 1e-05
3676 1e-05
3677 1e-05
3678 1e-05
3679 1e-05
3680 1e-05
3681 1e-05
3682 1e-05
3683 1e-05
3684 1e-05
3685 1e-05
3686 1e-05
3687 1e-05
3688 1e-05
3689 1e-05
3690 1e-05
3691 1e-05
3692 1e-05
3693 1e-05
3694 1e-05
3695 1e-05
3696 1e-05
3697 1e-05
3698 1e-05
3699 1e-05
3700 1e-05
3701 1e-05
3702 1e-05
3703 1e-05
3704 1e-05
3705 1e-05
3706 1e-05
3707 1e-05
3708 1e-05
3709 1e-05
3710 1e-05
3711 1e-05
3712 1e-05
3713 1e-05
3714 1e-05
3715 1e-05
3716 1e-05
3717 1e-05
3718 1e-05
3719 1e-05
3720 1e-05
3721 1e-05
3722 1e-05
3723 1e-05
3724 1e-05
3725 1e-05
3726 1e-05
3727 1e-05
3728 1e-05
3729 1e-05
3730 1e-05
3731 1e-05
3732 1e-05
3733 1e-05
3734 1e-05
3735 1e-05
3736 1e-05
3737 1e-05
3738 1e-05
3739 1e-05
3740 1e-05
3741 1e-05
3742 1e-05
3743 1e-05
3744 1e-05
3745 1e-05
3746 1e-05
3747 1e-05
3748 1e-05
3749 1e-05
3750 1e-05
3751 1e-05
3752 1e-05
3753 1e-05
3754 1e-05
3755 1e-05
3756 1e-05
3757 1e-05
3758 1e-05
3759 1e-05
3760 1e-05
3761 1e-05
3762 1e-05
3763 1e-05
3764 1e-05
3765 1e-05
3766 1e-05
3767 1e-05
3768 1e-05
3769 1e-05
3770 1e-05
3771 1e-05
3772 1e-05
3773 1e-05
3774 1e-05
3775 1e-05
3776 1e-05
3777 1e-05
3778 1e-05
3779 1e-05
3780 1e-05
3781 1e-05
3782 1e-05
3783 1e-05
3784 1e-05
3785 1e-05
3786 1e-05
3787 1e-05
3788 1e-05
3789 1e-05
3790 1e-05
3791 1e-05
3792 1e-05
3793 1e-05
3794 1e-05
3795 1e-05
3796 1e-05
3797 1e-05
3798 1e-05
3799 1e-05
3800 1e-05
3801 1e-05
3802 1e-05
3803 1e-05
3804 1e-05
3805 1e-05
3806 1e-05
3807 1e-05
3808 1e-05
3809 1e-05
3810 1e-05
3811 1e-05
3812 1e-05
3813 1e-05
3814 1e-05
3815 1e-05
3816 1e-05
3817 1e-05
3818 1e-05
3819 1e-05
3820 1e-05
3821 1e-05
3822 1e-05
3823 1e-05
3824 1e-05
3825 1e-05
3826 1e-05
3827 1e-05
3828 1e-05
3829 1e-05
3830 1e-05
3831 1e-05
3832 1e-05
3833 1e-05
3834 1e-05
3835 1e-05
3836 1e-05
3837 1e-05
3838 1e-05
3839 1e-05
3840 1e-05
3841 1e-05
3842 1e-05
3843 1e-05
3844 1e-05
3845 1e-05
3846 1e-05
3847 1e-05
3848 1e-05
3849 1e-05
3850 1e-05
3851 1e-05
3852 1e-05
3853 1e-05
3854 1e-05
3855 1e-05
3856 1e-05
3857 1e-05
3858 1e-05
3859 1e-05
3860 1e-05
3861 1e-05
3862 1e-05
3863 1e-05
3864 1e-05
3865 1e-05
3866 1e-05
3867 1e-05
3868 1e-05
3869 1e-05
3870 1e-05
3871 1e-05
3872 1e-05
3873 1e-05
3874 1e-05
3875 1e-05
3876 1e-05
3877 1e-05
3878 1e-05
3879 1e-05
3880 1e-05
3881 1e-05
3882 1e-05
3883 1e-05
3884 1e-05
3885 1e-05
3886 1e-05
3887 1e-05
3888 1e-05
3889 1e-05
3890 1e-05
3891 1e-05
3892 1e-05
3893 1e-05
3894 1e-05
3895 1e-05
3896 1e-05
3897 1e-05
3898 1e-05
3899 1e-05
3900 1e-05
3901 1e-05
3902 1e-05
3903 1e-05
3904 1e-05
3905 1e-05
3906 1e-05
3907 1e-05
3908 1e-05
3909 1e-05
3910 1e-05
3911 1e-05
3912 1e-05
3913 1e-05
3914 1e-05
3915 1e-05
3916 1e-05
3917 1e-05
3918 1e-05
3919 1e-05
3920 1e-05
3921 1e-05
3922 1e-05
3923 1e-05
3924 1e-05
3925 1e-05
3926 1e-05
3927 1e-05
3928 1e-05
3929 1e-05
3930 1e-05
3931 1e-05
3932 1e-05
3933 1e-05
3934 1e-05
3935 1e-05
3936 1e-05
3937 1e-05
3938 1e-05
3939 1e-05
3940 1e-05
3941 1e-05
3942 1e-05
3943 1e-05
3944 1e-05
3945 1e-05
3946 1e-05
3947 1e-05
3948 1e-05
3949 1e-05
3950 1e-05
3951 1e-05
3952 1e-05
3953 1e-05
3954 1e-05
3955 1e-05
3956 1e-05
3957 1e-05
3958 1e-05
3959 1e-05
3960 1e-05
3961 1e-05
3962 1e-05
3963 1e-05
3964 1e-05
3965 1e-05
3966 1e-05
3967 1e-05
3968 1e-05
3969 1e-05
3970 1e-05
3971 1e-05
3972 1e-05
3973 1e-05
3974 1e-05
3975 1e-05
3976 1e-05
3977 1e-05
3978 1e-05
3979 1e-05
3980 1e-05
3981 1e-05
3982 1e-05
3983 1e-05
3984 1e-05
3985 1e-05
3986 1e-05
3987 1e-05
3988 1e-05
3989 1e-05
3990 1e-05
3991 1e-05
3992 1e-05
3993 1e-05
3994 1e-05
3995 1e-05
3996 1e-05
3997 1e-05
3998 1e-05
3999 1e-05
4000 1e-05
4001 1e-05
4002 1e-05
4003 1e-05
4004 1e-05
4005 1e-05
4006 1e-05
4007 1e-05
4008 1e-05
4009 1e-05
4010 1e-05
4011 1e-05
4012 1e-05
4013 1e-05
4014 1e-05
4015 1e-05
4016 1e-05
4017 1e-05
4018 1e-05
4019 1e-05
4020 1e-05
4021 1e-05
4022 1e-05
4023 1e-05
4024 1e-05
4025 1e-05
4026 1e-05
4027 1e-05
4028 1e-05
4029 1e-05
4030 1e-05
4031 1e-05
4032 1e-05
4033 1e-05
4034 1e-05
4035 1e-05
4036 1e-05
4037 1e-05
4038 1e-05
4039 1e-05
4040 1e-05
4041 1e-05
4042 1e-05
4043 1e-05
4044 1e-05
4045 1e-05
4046 1e-05
4047 1e-05
4048 1e-05
4049 1e-05
4050 1e-05
4051 1e-05
4052 1e-05
4053 1e-05
4054 1e-05
4055 1e-05
4056 1e-05
4057 1e-05
4058 1e-05
4059 1e-05
4060 1e-05
4061 1e-05
4062 1e-05
4063 1e-05
4064 1e-05
4065 1e-05
4066 1e-05
4067 1e-05
4068 1e-05
4069 1e-05
4070 1e-05
4071 1e-05
4072 1e-05
4073 1e-05
4074 1e-05
4075 1e-05
4076 1e-05
time 1e+30
