1241
2368 3  
0.0 0.0
1.0 0.0
1.0 1.0
0.0 1.0
0.125 0.25
0.375 0.25
0.375 0.75
0.125 0.75
0.625 0.25
0.875 0.25
0.875 0.75
0.625 0.75
1.0 0.5
0.0 0.5
0.5 0.0
0.125 0.5
0.0 0.75
0.0 0.25
0.0 0.875
0.30852981021685966 0.5002557591325614
0.25 0.0
0.125 0.375
0.125 0.625
0.0 0.375
0.0 0.4375
0.0625 0.40625
0.125 0.4375
0.216796875 0.3828125
0.18359375 0.46875
0.375 0.5
0.25 0.46875
0.0625 0.4817708333333333
0.18417683465037854 0.5403999243444597
0.216796875 0.4321954900568182
0.16857130984042554 0.40625
0.125 0.6875
0.25582820811170215 0.5407636926529256
0.375 0.375
0.375 0.625
0.22017094818439958 0.5074068135705042
0.21955796771886948 0.6281454574766359
0.125 0.5625
0.0 0.625
0.375 0.4375
0.2803233033804919 0.40750399502840906
0.375 0.5625
0.21981745248273796 0.5770347936536226
0.08859017812353037 0.53125
0.3125 0.25
0.29726894227363976 0.6260764942430519
0.16873237574605826 0.59375
0.17389045877659576 0.34375
0.18396319361182395 0.2788739428594954
0.25 0.25
0.23716250009835707 0.31734726564958926
0.25 0.75
0.29290228327108414 0.5754762719299074
0.125 0.3125
0.05859375 0.3359375
0.0 0.3125
0.3369925769212271 0.6875
0.3125 0.75
0.2705997064474217 0.6868806772477476
0.5 1.0
0.25 1.0
0.375 1.0
0.28125 0.8307291666666666
0.34375 0.3125
0.31838903344501435 0.3642429832774928
0.2677873172458992 0.35809579005789693
0.28979641079203383 0.3004142946039831
0.27450375671917726 0.07371523903224349
0.34375 0.1831597222222222
0.24674479166666666 0.1462673611111111
0.4859809027777777 0.1462673611111111
0.3022627217716878 0.1462673611111111
0.2745037567191772 0.19731365877043494
0.375 0.0
0.42086216008661476 0.18783261743425228
0.38468329411981617 0.1462673611111111
0.3305659230516192 0.41333521617642704
0.3526210639312977 0.8188116253180662
0.3121797056058787 0.7962889855033509
0.5 0.8286973896169042
0.42755926198628225 0.8051381925003528
0.39903537484906465 0.8609997638387492
0.3125 0.0
0.1875 0.8206065188172043
0.46670706943036444 0.8985758816892496
0.5111727981607019 0.2575267530617827
0.4532501725781191 0.8492941804022649
0.09375 0.05044962614528057
0.4031621778005353 0.9332915237802143
0.4375 1.0
0.3125 0.9343156838553122
0.4533532059899046 0.9496478082636752
0.3580541209797145 0.9535471717752432
0.32515440409034546 0.8739910893129539
0.3676444356248816 0.8990553977295926
0.2369900173611111 0.8014490927419354
0.44316792291321905 0.2522884605415782
0.47726319671421524 0.20440184041390183
0.5623947940360174 0.18744708634959067
0.625 0.375
0.4070241912300441 0.3125
0.4740849452589006 0.29496327002816836
0.2163423697741187 0.09304872414145221
0.15707224314360468 0.1622015791171295
0.1875 0.0
0.17435281947059142 0.11703626114158264
0.125 0.0
0.21875 0.04130792398598854
0.131982343008202 0.09623240198365002
0.08664422431422301 0.10936681574307112
0.0 0.125
0.15625 0.055746124609193475
0.343473007945752 0.08891355733603816
0.31620616147980046 0.048560457033543426
0.4306296473896192 0.06977137784349444
0.3911754904083548 0.09812027526502884
0.4445019500085505 0.7363683770069579
0.39882947043843886 0.6875
0.5136888170466709 0.7576250091324239
0.625 0.5
0.47358884159549897 0.7867560477763174
0.47886066931097876 0.41152723437585303
0.5729115322339847 0.8058859844896404
0.44729881347457073 0.6820068915793068
0.5040193946694287 0.5349029167548636
0.48627486395883296 0.35284365366270815
0.5513328947476528 0.3908733604452518
0.4330277186440547 0.3759264605999894
0.43799266662831615 0.46875
0.42139477581907125 0.42309323609621985
0.5017858404868037 0.471105361968983
0.43365026919300287 0.5391109625748077
0.5597672886217276 0.501013305633588
0.4730471668280548 0.6074477893104142
0.5513013382061509 0.4462686978310091
0.625 0.625
0.42000035105795613 0.59375
0.33786497376160635 0.59375
0.625 0.5625
0.75 1.0
0.5477516465948898 0.12313178598299529
0.0625 0.0
0.03345560578789033 0.0625
0.08457874681233331 0.1854772449397962
0.5690905878477439 0.7501071870816776
0.5307784754633034 0.6756678165685767
0.5675029512896054 0.2449398866548776
0.6766146943294967 0.28125
0.625 0.3125
0.32999341628958817 0.5439485702023013
0.5542336010147049 0.59375
0.875 0.5
0.7888268988631602 0.5245037567191773
0.6918402777777778 0.59375
0.7287326388888888 0.4967447916666667
0.49934779633569887 0.0783216653815753
0.7287326388888888 0.5522627217716878
0.6776863412295651 0.5245037567191773
0.875 0.625
0.6925738999508357 0.6824261000491642
0.671922879743749 0.6382558623840062
0.75 0.75
0.75 0.0
0.46936079792646923 0.038908408090807076
0.6871167504731464 0.12522609401092727
0.6171791764785721 0.1411493067121033
0.625 0.0
0.75 0.25
0.5932580719332579 0.04365649613526591
0.6135838682394328 0.19882044747453742
0.6875 0.02591151578782989
0.6382970655379002 0.07235210030978947
0.591576197090177 0.09703364425009275
0.6875 0.20919570487574943
0.7777373729091925 0.09639162110821736
0.6599227385989881 0.1673358914752871
0.7366117155397117 0.056039197333467614
0.11257857155017298 0.14815386052535612
0.12987465247481483 0.20202357100362087
0.19375472076790376 0.2164536367564917
0.20463361780213013 0.16957044063287452
0.0625 0.24423143834552946
0.08004257319278098 0.29091489487954614
0.04859681358485548 0.1464175297359562
0.0 0.1875
0.49142182115446753 0.7102215518994532
0.48715607787819887 0.654045720846683
0.5765560262176875 0.5485485531379422
0.5743972056876027 0.6438401494210861
0.625 0.6875
0.5102396157330892 0.5804426317396432
0.6905826859750532 0.4241853669534207
0.6875 0.8604705439127436
0.5625 0.0
0.5413480774967948 0.04756604078751975
0.7502821090691602 0.1669234781554822
0.5756181713671988 0.6996687644245737
0.875 0.375
0.7670969238336686 0.4536108733545062
0.625 0.4375
0.6698287164167464 0.47250549232177785
0.6388187262938346 0.8150972185717144
0.6875 0.75
0.807980846896165 0.6648003254082148
0.71875 0.8052352719563718
0.5992948404742159 0.8575025985841911
0.5394073543720963 0.8783986689918327
0.8125 0.8218177668642684
0.625 1.0
0.768556003571049 0.7969559378234086
0.8125 0.75
0.5918437537303357 0.9324138852854497
0.73553391454984 0.12057303604203966
0.8432540631041578 0.16250423172095693
0.7325880222921993 0.20840213295224508
0.875 0.4375
0.8124472052755146 0.40249915580426143
0.7474508624631835 0.39050436048688775
0.810904527436244 0.31409547256375603
0.8245116131585081 0.46875
1.0 0.25
1.0 0.375
0.786919775238639 0.35872931737384905
0.7230431123054302 0.31978623197692524
0.9375 0.46875
1.0 0.4375
0.5168776394426233 0.9382835001880124
0.7390237956048652 0.701139806177264
0.7335255603284362 0.6417342661983619
0.7845340463838895 0.594137632288526
0.875 0.6875
0.875 0.5625
0.6420315366340175 0.8995796306775681
0.7109562093854008 0.9337263764662885
0.5625 1.0
0.84375 0.2118313373805505
0.8125 0.25
1.0 0.125
0.7957847422663777 0.1440263015704004
0.7656262712698824 0.2961356277930166
0.6838503716725156 0.3648461480552911
0.7870255793776194 0.7086315222737154
0.8263889149397287 0.6194709658209245
0.7611694037538936 0.8772651168264316
0.6875 1.0
0.65625 0.9536455958180599
0.5499551907323359 0.3185674578644182
0.5819580061382156 0.35412375837572346
0.775344876683117 0.9404308195509684
0.5852576278734295 0.28807625979180346
0.875 1.0
0.8125 1.0
0.1875 0.75
0.2205387567786586 0.705463854100892
0.17129177361128575 0.65625
0.0625 0.71875
0.0 0.6875
0.09209365069923013 0.8420936506992301
0.056739550233076703 0.7853541004661534
0.10488579570927331 0.7947386882605664
0.0381134953517908 0.8363441399339996
0.3125 1.0
0.2207620315108567 0.9096022753561191
0.23265568179449436 0.8560928076846906
0.27396299566352816 0.8947421373075657
0.25985208833684126 0.9468862874774653
0.875 0.0
0.875 0.3125
0.9375 0.28125
0.9235699720700369 0.23098505585992615
1.0 0.3125
0.9749689398516115 0.1875
0.9111615664255173 0.16419932520858638
0.8791594838280747 0.08516554604680586
0.877999618228771 0.13163117028042537
0.8125 0.0
0.7873990039712493 0.0454117880390526
0.8417239621273173 0.0457963866735061
0.9375 0.03963184864068902
0.8922842038529258 0.04184018735954037
1.0 0.0625
0.9401926732039508 0.10322340440903453
1.0 0.75
0.02776003087554709 0.5625
0.07638001543777354 0.59375
0.07036378835813556 0.6563525767162711
0.12442030182777467 0.910310961198779
0.052196957102703195 0.8883473025394851
0.125 1.0
0.14099350566702085 0.8366635393872771
0.0 0.9375
0.0625 0.96875
0.10830674863872915 0.9552615027225417
0.1875 1.0
0.17238858631517165 0.8824169941686958
0.8065487863418315 0.9002546624923516
0.1728363376832641 0.9432861955458418
0.8837479444835061 0.8207174223128231
1.0 0.875
0.8571416472729547 0.9055622039940143
0.8486651626174196 0.8563099836201028
0.84375 0.9570020088639264
0.9375 0.7781683576728446
1.0 0.8125
0.9437924882761679 0.84375
0.9358349729998742 0.9242362582488708
0.9046474338083075 0.880516307735027
1.0 0.9375
0.9375 1.0
0.9375 0.4010416666666667
0.9283854166666666 0.3411458333333333
1.0 0.625
0.921875 0.515625
0.8239260313363206 0.5616168425748119
0.9375 0.59375
1.0 0.5625
0.9545454545454546 0.5497159090909091
0.9375 0.6875
0.9546658211635777 0.7328341788364223
0.921875 0.640625
1.0 0.6875
1.0 0.46875
0.03125 0.0
0.0 0.40625
0.0 0.46875
0.0 0.28125
0.0 0.34375
0.0 0.90625
0.28125 1.0
0.40625 1.0
0.46875 1.0
0.34375 1.0
0.21875 0.0
0.15625 0.0
0.28125 0.0
0.34375 0.0
0.4375 0.0
0.0 0.15625
0.0 0.0625
0.09375 0.0
1.0 0.34375
0.53125 0.0
0.59375 0.0
0.6875 0.0
0.0 0.21875
0.53125 1.0
1.0 0.53125
0.65625 1.0
0.59375 1.0
0.71875 1.0
0.78125 1.0
0.0 0.65625
0.0 0.71875
0.0 0.8125
0.0625 1.0
1.0 0.1875
1.0 0.28125
0.78125 0.0
0.84375 0.0
0.9375 0.0
1.0 0.09375
1.0 0.03125
0.0 0.5625
0.0 0.96875
0.21875 1.0
0.15625 1.0
0.84375 1.0
1.0 0.84375
1.0 0.78125
0.96875 1.0
1.0 0.96875
0.90625 1.0
1.0 0.90625
1.0 0.40625
1.0 0.71875
1.0 0.59375
1.0 0.65625
0.2745037567191772 0.1462673611111111
0.26062427419292195 0.10999130007167729
0.2883832392454325 0.10999130007167729
0.5897869852572948 0.16429819653084698
0.5550732203154536 0.15528943616629298
0.5824654115367309 0.1321405463475493
0.20217389141738906 0.5239033689574819
0.21999420033356876 0.5422208036120635
0.20199714356655823 0.5587173589990412
0.30544461321605554 0.4104196056024181
0.3195478666342394 0.4567954876544942
0.2944265567986758 0.4538798770804852
0.42682531012547953 0.5664304812874039
0.45334871801052884 0.5732793759426109
0.44652375894300544 0.6005988946552071
0.06360280289394517 0.05647481307264028
0.04797780289394517 0.03125
0.078125 0.025224813072640285
0.1481458868056429 0.640625
0.1481458868056429 0.671875
0.125 0.65625
0.39009016295878995 0.8119749089092094
0.36381053196564883 0.7844058126590331
0.4012796309931411 0.7775690962501765
0.5413897024472074 0.7538660981070507
0.5710010600408644 0.777996585785659
0.5433001746403279 0.7817554968110322
0.96875 0.453125
0.96875 0.484375
0.5241878484068976 0.1668572237303509
0.5168662746863337 0.1346995735470532
0.359375 0.2165798611111111
0.38230608004330735 0.18549616982823725
0.39793108004330735 0.21891630871712614
0.84375 0.7859088834321342
0.8793739722417531 0.7853587111564115
0.8481239722417531 0.8212675945885457
0.6584201388888888 0.578125
0.6584201388888888 0.609375
0.625 0.59375
0.016727802893945164 0.03125
0.8984375 0.5390625
0.875 0.53125
0.8984375 0.5078125
0.9609375 0.6328125
0.96875 0.65625
0.9296875 0.6640625
0.0190567476758954 0.8556720699669997
0.045155226227247 0.8623457212367424
0.026098478551351598 0.8816736512697425
0.09768189417906778 0.6719262883581356
0.09375 0.703125
0.06643189417906778 0.6875512883581356
0.40975097500427526 0.7431841885034789
0.4360306059974164 0.7707532847536553
0.28125 0.25
0.26225187835958863 0.22365682938521747
0.29350187835958863 0.22365682938521747
0.10679508906176519 0.546875
0.10679508906176519 0.515625
0.125 0.53125
0.2001953125 0.45047274502840906
0.17608252992021278 0.4375
0.19268409242021278 0.41922274502840906
0.03125 0.734375
0.05961977511653835 0.7520520502330768
0.028369775116538352 0.7676770502330768
0.3192616132532239 0.5221021646674313
0.2929108122006452 0.5423561314276134
0.2821790091642809 0.5205097258927435
0.2745848614834949 0.7988690391226432
0.24349500868055557 0.7757245463709677
0.28108985280293936 0.7731444927516755
0.0190567476758954 0.7931720699669997
0.047426522792433756 0.8108491202000765
0.03518189417906778 0.6406762883581356
0.03819000771888677 0.609375
0.07337190189795455 0.6250512883581356
0.07554508906176519 0.5065104166666666
0.058175104499538735 0.546875
0.04513001543777355 0.5221354166666666
0.34375 0.25
0.328125 0.2165798611111111
0.450127722565025 0.41731023523603644
0.4584266679696475 0.4401386171879265
0.4296937212236937 0.4459216180481099
0.091796875 0.32421875
0.06931816159639048 0.31342619743977307
0.10252128659639048 0.30170744743977307
0.0625 0.44401041666666663
0.03125 0.45963541666666663
0.03125 0.421875
0.34176490510842983 0.4688778795662807
0.375 0.46875
0.34176490510842983 0.5001278795662807
0.09375 0.49088541666666663
0.09375 0.45963541666666663
0.125 0.46875
0.091796875 0.35546875
0.125 0.34375
0.03125 0.390625
0.029296875 0.35546875
0.060546875 0.37109375
0.09375 0.390625
0.125 0.40625
0.09375 0.421875
0.15448159680591197 0.2956869714297477
0.125 0.28125
0.15448159680591197 0.2644369714297477
0.15458841732518927 0.5201999621722299
0.154296875 0.484375
0.18388529232518927 0.5045749621722299
0.2333984375 0.45047274502840906
0.216796875 0.46875
0.14678565492021278 0.421875
0.14678565492021278 0.390625
0.2018823490921998 0.4880784067852521
0.2350854740921998 0.4880784067852521
0.29935616841275314 0.38587348915295094
0.32447747824831674 0.38878909972695996
0.154296875 0.453125
0.44055456824447237 0.3037316350140842
0.4801799046088668 0.3239034618454383
0.44664952759443854 0.3326718268313541
0.03125 0.49088541666666663
0.15458841732518927 0.5514499621722299
0.1793958868056429 0.703125
0.15625 0.71875
0.216796875 0.40750399502840906
0.24856008919024594 0.39515824751420453
0.24856008919024594 0.41984974254261365
0.17892682619420985 0.3113119714297477
0.14944522938829788 0.328125
0.19268409242021278 0.39453125
0.2529141040558511 0.5047568463264628
0.23799957814805087 0.5240852531117148
0.013880015437773546 0.53125
0.27926490510842983 0.4845028795662807
0.14686618787302913 0.578125
0.14686618787302913 0.609375
0.125 0.59375
0.3456030807399002 0.024280228516771713
0.359236503972876 0.04445677866801908
0.3298395847127762 0.0687370071847908
0.4320150414999169 0.22006053898791525
0.4090839614566095 0.25114423027078914
0.35249670814479406 0.5532242851011506
0.35249670814479406 0.5219742851011506
0.375 0.53125
0.6034790030691077 0.36456187918786176
0.5881664473738264 0.3829366802226259
0.5666454504429341 0.3724985594104876
0.23782283029722007 0.5588992431532741
0.32474628846061354 0.71875
0.29154985322371085 0.7184403386238738
0.3037961416843244 0.6871903386238738
0.29671485280293936 0.8135090760850088
0.33240038476858824 0.8075503054107085
0.31693553196564883 0.8247703959923665
0.1764546051982184 0.5670749621722299
0.19427491411439812 0.5853923968268113
0.17001207467867202 0.625
0.19414517173246387 0.6109477287383179
0.19542487066507763 0.6421977287383179
0.23526937838932932 0.727731927050446
0.24556923161304017 0.6961722656743198
0.26029985322371085 0.7184403386238738
0.26516165169024597 0.43812699751420453
0.17123088430851063 0.375
0.19534366688829788 0.36328125
0.20552647943747643 0.33054863282479463
0.22697968754917852 0.35007988282479463
0.27436524569139314 0.5581199822914165
0.31144784978033613 0.5597124210661043
0.29508561277236195 0.6007763830864796
0.31538362851634527 0.5846131359649537
0.317566958017623 0.609913247121526
0.25635986787691106 0.576255532791765
0.19591526519497218 0.680856927050446
0.20401937838932932 0.727731927050446
0.10069000771888677 0.609375
0.10069000771888677 0.578125
0.05207002315666032 0.578125
0.08248509678065195 0.5625
0.26989820539601694 0.2752071473019916
0.26347945544519547 0.3088807801267862
0.24358125004917852 0.28367363282479463
0.30114820539601694 0.2752071473019916
0.35599628846061354 0.65625
0.375 0.6875
0.35599628846061354 0.71875
0.21968771010080373 0.6025901255651293
0.2562301254949768 0.6018108647032716
0.21056284685509052 0.29811060425454233
0.25247490867212813 0.3377215278537431
0.2422920961229496 0.37045414502894847
0.14944522938829788 0.359375
0.3040927221185241 0.33232863894073794
0.2930881753454568 0.3611693866676949
0.2787918640189665 0.32925504233094005
0.359375 0.28125
0.328125 0.28125
0.375 0.40625
0.35278296152580957 0.4254176080882135
0.35278296152580957 0.3941676080882135
0.1875 0.25
0.21698159680591197 0.2644369714297477
0.3228678648587199 0.11759045922357464
0.36407815103278407 0.11759045922357464
0.343473007945752 0.1462673611111111
0.28393432436053073 0.6564785857453997
0.3171307595974334 0.656788247121526
0.21224500868055557 0.7757245463709677
0.21875 0.75
0.3564324868808032 0.609375
0.3564324868808032 0.578125
0.375 0.59375
0.2584134549962546 0.6271109758598439
0.03125 0.24711571917276473
0.03125 0.27836571917276476
0.07127128659639048 0.2675731666125378
0.04002128659639049 0.30170744743977307
0.28125 0.75
0.029296875 0.32421875
0.3361344711368199 0.625538247121526
0.34375 0.75
0.31233985280293936 0.7731444927516755
0.125 0.71875
0.15625 0.75
0.2450788370831456 0.6575130673621917
0.4132973184176735 0.833068978169551
0.3758282193901812 0.8399056945784077
0.5197036771860482 0.8535480293043685
0.5364557661169924 0.8172916870532723
0.5561594433030406 0.8421423267407366
0.34358985280293936 0.7731444927516755
0.42825769189521995 0.9414696660219448
0.4349346236154499 0.915933702734732
0.4600301377101345 0.9241118449764625
0.3352770604898573 0.9439314278152777
0.3400722178124408 0.9166855407924523
0.3628492783022981 0.9263012847524179
0.1875 0.7853032594086021
0.15625 0.7853032594086021
0.3310695167225072 0.3383714916387464
0.359375 0.34375
0.3466945167225072 0.3696214916387464
0.375 0.3125
0.2740553103131955 0.382799892543153
0.31677320539601694 0.3064571473019916
0.4385781965930663 0.12219381818806997
0.43533209844879694 0.1462673611111111
0.3879293922640855 0.12219381818806997
0.3642166470599081 0.16471354166666666
0.40277272710321543 0.1670499892726817
0.2218773603839519 0.23322681837824585
0.23412923874354047 0.20688364776346332
0.3089883823324646 0.08131439818414082
0.1593773603839519 0.23322681837824585
0.12743732623740742 0.22601178550181045
0.16181468662135928 0.20923860388005627
0.06658778019859439 0.1659473873378762
0.08058769256751423 0.14728569513065615
0.09857865918125314 0.16681555273257614
0.6544251858362578 0.36992307402764557
0.625 0.34375
0.6544251858362578 0.33867307402764557
0.449062678400415 0.19611722892407707
0.46021555981371715 0.22834515047774
0.30912687835958863 0.19023669049632858
0.23154358072039266 0.11965804262628166
0.24542306324664798 0.08338198158684784
0.2883832392454325 0.17179050994077302
0.26062427419292195 0.17179050994077302
0.3230063608858439 0.16471354166666666
0.171875 0.027873062304596737
0.203125 0.02065396199299427
0.1875 0.04852702429759101
0.4833535347151822 0.8636366356530769
0.4599786210042418 0.8739350310457572
0.47662508628905953 0.8389957850095846
0.5367837960983597 0.22248691970568668
0.4942179974374586 0.23096429673784225
0.5198289953751163 0.19592446338174624
0.5068444085233355 0.7931611993746641
0.4867944207977495 0.8077267186966108
0.49363882932108494 0.7721905284543706
0.4534215314321962 0.1670499892726817
0.5896168005073524 0.578125
0.5896168005073524 0.609375
0.3673242491770534 0.09351691630053349
0.45904539580202475 0.7615622123916377
0.4790953835276107 0.746996693069691
0.38333990523697314 0.8800275807841709
0.40109877632479995 0.8971456438094818
0.38540330671270845 0.9161734607549035
0.25912000868055557 0.816089129704301
0.2569528408972472 0.8434109871756786
0.27760649783176405 0.8627356519871161
0.2533093387290113 0.8754174724961281
0.42166571022349464 0.7119341885034789
0.42306414195650477 0.6847534457896534
0.4459003817415606 0.7091876342931324
0.4328712221397145 0.8797878227639995
0.44040471728220065 0.8272161864513088
0.4505740517908906 0.795947120138335
0.463419507086809 0.8180251140892911
0.1212266120124939 0.17508871576448848
0.10722669964357406 0.19375040797170853
0.3665270604898573 0.9767735858876216
0.3806081493901249 0.9434193477777287
0.38908108890026766 0.9666457618901072
0.026098478551351598 0.9129236512697425
0.4261427737135919 0.855146972120507
0.18629618488705935 0.07439742437532285
0.21754618488705935 0.06717832406372037
0.5693510974231561 0.8679506337880118
0.5861031863541003 0.8316942915369158
0.5305639944465189 0.2880471054631004
0.5120200679956183 0.3067653639462933
0.4926288717098013 0.2762450115449755
0.109375 0.025224813072640285
0.140625 0.027873062304596737
0.125 0.05309787537723702
0.39101209561502204 0.28125
0.39101209561502204 0.34375
0.6058651292639097 0.8104916015306773
0.6190567833840253 0.8362999085779528
0.4454266029949523 0.9748239041318376
0.42033108890026766 0.9666457618901072
0.25492604416842063 0.9734431437387326
0.28617604416842063 0.9734431437387326
0.1799442931575858 0.85151175649295
0.15669104599109623 0.8595402667779865
0.16424675283351042 0.8286350291022406
0.30320220204517273 0.8523601279898103
0.3388877340108216 0.84640135731551
0.6875 0.25
0.65625 0.22959785243787473
0.71875 0.22959785243787473
0.4766766029949523 0.9748239041318376
0.3352770604898573 0.9767735858876216
0.31882720204517273 0.904153386584133
0.3463994198576135 0.8865232435212733
0.36209488946970503 0.8674954265758515
0.29955869987693684 0.8843666133102598
0.29323149783176405 0.9145289105814389
0.23482284957780275 0.828770950213313
0.21224500868055557 0.8110278057795699
0.4816220497459965 0.17533460076250645
0.4771703605369605 0.25490760680168045
0.45862643408605985 0.2736258652848733
0.6277381210082362 0.10675070351094638
0.6043776867843745 0.11909147548109802
0.6149366313140385 0.08469287227994111
0.5235497214652943 0.1007267256822853
0.4926643495567383 0.11229451324634321
0.46017299015131274 0.6447273404448606
0.43364958226626343 0.6378784457896534
0.5222336462549871 0.7166464128505003
0.5531983234152511 0.6876682904965752
0.5446534942069349 0.7286468867784988
0.42509605707163156 0.28239423027078914
0.5881664473738264 0.4141866802226259
0.5881506691030755 0.44188434891550454
0.5513171164769018 0.41857102913813043
0.4064963333141581 0.453125
0.4064963333141581 0.484375
0.18949321863636076 0.14330335088722856
0.19534759462235507 0.10504249264151742
0.2104879937881244 0.13130958238716336
0.234375 0.02065396199299427
0.19919416928501693 0.1930120386946831
0.23956868726065367 0.18344204970165473
0.144116171504101 0.07598926329642175
0.112866171504101 0.07334101406446529
0.16530140973529572 0.08639119287538806
0.24662687835958863 0.05751158150911601
0.2256892047343984 0.1579189008719928
0.041026209686372904 0.1044587648679781
0.06004991505105667 0.08593340787153556
0.06762051894953924 0.12789217273951367
0.10931328366121251 0.10279960886336056
0.09019711215711151 0.07990822094417585
0.2831030807399002 0.024280228516771713
0.29535495909948883 0.06113784803289346
0.26225187835958863 0.036857619516121744
0.15316758123939672 0.10663433156261633
0.3143530807399002 0.024280228516771713
0.016727802893945164 0.09375
0.02429840679242774 0.13570876486797812
0.38308774520417743 0.04906013763251442
0.4028148236948096 0.03488568892174722
0.410902568898987 0.08394582655426164
0.14346569551038219 0.1325950608334694
0.16571253130709807 0.13961892012935606
0.13482540734688883 0.15517771982124282
0.12228045727918749 0.12219313125450307
0.4846803989632346 0.019454204045403538
0.4221803989632346 0.019454204045403538
0.5696639218425334 0.11008271511654402
0.5445498620458423 0.08534891338525752
0.5664621372934859 0.07229984251880625
0.45830527508369845 0.10801936947730277
0.38691473521921943 0.71875
0.467961885581509 0.7232949644532056
0.4693603173145191 0.6961142217393801
0.38691473521921943 0.65625
0.40432513459650143 0.5195554812874039
0.4358214679106595 0.5039304812874039
0.5649488726628114 0.21619348650223413
0.5879893311377251 0.19313376691206405
0.590543409764519 0.2218801670647075
0.4801016223531268 0.6307467550785486
0.4672274456763848 0.668026306212995
0.7365215561527151 0.2848931159884626
0.6998289033174634 0.3005181159884626
0.7133073471647484 0.265625
0.8437236026377573 0.4199995779021307
0.8497558065792541 0.453125
0.8184794092170113 0.4356245779021307
0.5029026175781162 0.5030041393619233
0.4710060306488724 0.5018264583774318
0.46988925355755995 0.4699276809844915
0.09375 0.24711571917276473
0.07353937340616665 0.21485434164266282
0.10478937340616665 0.2177386224698981
0.6631593631469173 0.7825486092858571
0.703125 0.7776176359781859
0.6787843631469173 0.810166245264043
0.4111494067372854 0.6535034457896534
0.45965129130144383 0.3643850571313488
0.4200259549370494 0.34421323029999473
0.6802325330010062 0.32304807402764557
0.703446741988973 0.34231619001610814
0.48256776663490586 0.38218544401928056
0.45594419397751673 0.3937268474879212
0.427211247231563 0.39950984834810466
0.3981973879095356 0.3990466180481099
0.4040138593220274 0.37546323029999473
0.5989557661169924 0.7779429922448202
0.597045293923872 0.7500535935408388
0.5150967820293157 0.4012002974105524
0.5188038793532429 0.37185850705397994
0.3981973879095356 0.4302966180481099
0.4688348319312158 0.5370069396648356
0.4903232548988913 0.441316298172418
0.5150810037585648 0.42889796610343106
0.5923836443108639 0.469256652816794
0.5555343134139392 0.47364100173229856
0.507129505201259 0.5576727742472534
0.471944942463046 0.5597767971572254
0.40432513459650143 0.5508054812874039
0.5307765645542657 0.4860593338012855
0.5318933416455782 0.5179581111942257
0.5265435893464774 0.45868702989999605
0.8414904234480824 0.6449001627041073
0.8171848809179468 0.6421356456145697
0.8506944574698643 0.6222354829104623
0.3975001755289781 0.609375
0.625 0.40625
0.5923836443108639 0.5005066528167941
0.6007780131088438 0.5242742765689711
0.5681616574197076 0.524780929385765
0.6513431706147825 0.5435018783595886
0.625 0.53125
0.6513431706147825 0.5122518783595886
0.3975001755289781 0.578125
0.33392919502559726 0.5688492851011506
0.6007780131088438 0.5555242765689711
0.5206948394464519 0.6238978604233415
0.5425060382390041 0.6347089082842883
0.5089672766707511 0.6648567687076299
0.7682571402185053 0.9088479681887001
0.7431505430342589 0.9370785980086285
0.7360628065696473 0.90549574664636
0.02429840679242774 0.16695876486797812
0.6627069080055232 0.09878909716035837
0.66289853276895 0.049131808048809684
0.6873083752365732 0.07556880489937857
0.5996986028438014 0.6656700747105431
0.6003090856835994 0.6935843822122869
0.5750076885274007 0.67175445692283
0.6319093631469173 0.7825486092858571
0.5025553191005692 0.7339232805159386
0.5111001483088855 0.692944684234015
0.5281424969073598 0.9083410845899226
0.4917923544364939 0.918429690938631
0.5030572119012304 0.8884872753405412
0.5402877104435582 0.5417257349464029
0.5723543796074714 0.7248879757531257
0.6051288139367148 0.3002881298959017
0.6051288139367148 0.2690381298959017
0.625 0.28125
0.5393378747251536 0.25123331985833014
0.6508073471647484 0.265625
0.5587290710109707 0.28175367225964787
0.5763802895815174 0.2665080732233405
0.5676064093028828 0.3033218588281108
0.5181150273455845 0.3357055557635632
0.5506440427399943 0.354720409154835
0.5643154033511537 0.6187950747105431
0.5996986028438014 0.6344200747105431
0.491643391280572 0.5939452105250287
0.8497558065792541 0.484375
0.8319134494315801 0.5122518783595886
0.8066692560108342 0.49662687835958863
0.9382102272727273 0.5326704545454546
0.9147727272727273 0.5561079545454546
0.63164853276895 0.03617605015489474
0.6157775687355791 0.05800429822252769
0.6091290359666289 0.021828248067632956
0.6818815787607634 0.6160029311920031
0.6484614398718744 0.6316279311920031
0.6474143582083731 0.4550027461608889
0.6577913429875266 0.43084268347671034
0.6802057011958997 0.44834542963759927
0.7399597018769468 0.8412501943914017
0.7436530017855245 0.8010956048898902
0.7648627036624713 0.8371105273249201
0.625 0.46875
0.8429522637181219 0.313297736281878
0.875 0.34375
0.8429522637181219 0.344547736281878
0.484354297131084 0.05861503673619119
0.46498872186265905 0.07404652161253486
0.4499952226580442 0.054339892967150756
0.65625 0.71875
0.6587869499754179 0.684963050024582
0.6900369499754179 0.716213050024582
0.6847633095036714 0.5591268783595886
0.7779619113484144 0.48905731503684174
0.7587797688760245 0.510624274192922
0.7479147813612788 0.47517783251058643
0.7287326388888888 0.5245037567191773
0.703209490059227 0.5383832392454325
0.703209490059227 0.510624274192922
0.7102864583333333 0.5730063608858439
0.9641927083333333 0.32682291666666663
0.9641927083333333 0.35807291666666663
0.8310127896888098 0.6980657611368577
0.7975032131368922 0.686715923840965
0.8414904234480824 0.6761501627041073
0.712682919053107 0.617742133099181
0.7027242200360926 0.639995064291184
0.7311290996086626 0.5969984939850248
0.6484614398718744 0.6628779311920031
0.6822483898472924 0.6603409812165852
0.8506944574698643 0.5909854829104623
0.875 0.59375
0.7362746779666507 0.671437036187813
0.7707532036123006 0.6532672958032884
0.7735023212505151 0.6829700657927393
0.7157988477778505 0.691782953113214
0.7132618978024325 0.725569903088632
0.6735197445360672 0.14628099274310719
0.6385509575387801 0.1542425990936952
0.6521479634758592 0.13318770036151528
0.5519240387483975 0.023783020393759874
0.5206740387483975 0.023783020393759874
0.71875 0.012955757893914946
0.7433058577698559 0.028019598666733807
0.7120558577698559 0.040975356560648754
0.7186994297711533 0.14607478608320473
0.7113253325114932 0.12289956502648347
0.7429080118095001 0.14374825709876093
0.7587797688760245 0.5383832392454325
0.84375 0.28125
0.84375 0.25
0.875 0.28125
0.6367533034192104 0.18307816947491226
0.6153815223590025 0.16998487709332036
0.5778790359666289 0.021828248067632956
0.6192919341197164 0.2244102237372687
0.5962514756448027 0.2474699433274388
0.7118642330064291 0.09063264567219745
0.6505419341197164 0.20400807617514344
0.5924171345117174 0.07034507019267933
0.65625 0.012955757893914946
0.5203479369162468 0.06294385308454753
0.5673030747150263 0.04561126846139283
0.7051024238340742 0.16712968481538465
0.7188910545345801 0.1880595915156158
0.673711369299494 0.18826579817551825
0.8836599860350185 0.2214081966202383
0.8774557832127586 0.18801533129456843
0.917365769247777 0.19759219053425625
0.7725440111460997 0.22920106647612254
0.7414350656806797 0.18766280555386364
0.7813910545345801 0.2084617390777411
0.7686995019856246 0.0227058940195263
0.7620053597554806 0.05072549268626011
0.7571745442244522 0.0762154092208425
0.7566356437295163 0.10848232857512852
0.7360728150447758 0.08830611668775364
0.099611397932198 0.12876033813421361
0.14347344780920976 0.1821125750603752
0.17541348195575424 0.1893276079368106
0.1808529304728674 0.16588600987500202
0.10252128659639048 0.27045744743977307
0.03125 0.21586571917276473
0.042289373406166654 0.1864886224698981
0.48928894951633317 0.6821336363730681
0.498697846805644 0.6172441762931631
0.5653948136161961 0.5711492765689711
0.532236608373897 0.5870963158698216
0.5433978209753884 0.5644955924387927
0.6003090856835994 0.7248343822122869
0.552587840575453 0.6597539829948313
0.625 0.65625
0.7897720645545916 0.42805501457938383
0.757273893148426 0.422057616920697
0.7799490338693491 0.3965017581455746
0.7578131356349411 0.2730678138965083
0.7443346917876563 0.3079609298849709
0.734375 0.7776176359781859
0.7592780017855245 0.7734779689117043
0.5771718768651679 0.9662069426427249
0.5396888197213117 0.9691417500940063
0.5543606965864796 0.935348692736731
0.505354437711632 0.04323722443916341
0.7656593284081088 0.13229966880622002
0.7730334256677689 0.15547488986294128
0.7100440111460997 0.20879891891399727
0.7412940111460997 0.22920106647612254
0.625 0.71875
0.7958042684960883 0.4611804366772531
0.6474143582083731 0.4862527461608889
0.6737575288231556 0.49850462452047756
0.728839804904361 0.43889812015396346
0.709657662431971 0.46046507931004366
0.8437236026377573 0.3887495779021307
0.875 0.40625
0.6577913429875266 0.39959268347671034
0.6992806776528175 0.48462514199422224
0.703125 0.8328529079345577
0.6631593631469173 0.8377838812422289
0.7590298033561629 0.617935949243444
0.7566333426363892 0.573200177030107
0.65625 0.75
0.640425131463926 0.8573384246246412
0.6206631885541167 0.8785411146308796
0.5955692971022758 0.8949582419348203
0.5656255540512161 0.9054062771386412
0.7905280017855245 0.7734779689117043
0.8125 0.7859088834321342
0.7905280017855245 0.8093868523438386
0.71875 0.75
0.6647657683170087 0.8800250872951558
0.6992281046927005 0.9668631882331442
0.671875 0.9768227979090299
0.6836031046927005 0.9436859861421742
0.6169376451821766 0.9159967579815089
0.8662065535504628 0.8385137029664629
0.8305825813087098 0.8390638752421856
0.84375 0.71875
0.875 0.71875
0.84375 0.75
0.48511542271626396 0.9439656542258439
0.7868347018769468 0.84954144184535
0.78125 0.75
0.7685127896888098 0.7293157611368577
0.7445118978024325 0.725569903088632
0.7630246874912423 0.7048856642254897
0.5084388197213117 0.9691417500940063
0.7867610575877851 0.12020896133930888
0.7825681884402209 0.07090170457363498
0.96875 0.265625
0.9305349860350185 0.25611752792996306
0.9617849860350185 0.24049252792996306
0.8197673711331889 0.17792881947547545
0.7970160545345801 0.18937740776801634
0.90625 0.41927083333333337
0.90625 0.38802083333333337
0.875 0.46875
0.7190167742191184 0.4073448637201542
0.7996834902570769 0.38061423658905524
0.7671853188509112 0.3746168389303684
0.6872165288237844 0.39451575750435586
0.7762730232542607 0.32743247258343283
0.7549814437720346 0.33925777467538715
0.7882653993530632 0.3051155501783863
0.7890631356349411 0.2730678138965083
0.8117022637181219 0.282047736281878
0.8309598876193195 0.3668646586869245
0.7866804726235248 0.5593206945038516
0.9016927083333333 0.32682291666666663
0.90625 0.296875
0.9329427083333333 0.31119791666666663
0.828125 0.23091566869027524
0.9375 0.43489583333333337
0.90625 0.453125
0.7352469873843068 0.3551452962319065
0.7989121513374415 0.33641239496880254
0.7156506170678496 0.3776752542710894
0.6508073471647484 0.296875
0.90625 0.484375
0.96875 0.41927083333333337
0.7130497301396359 0.662080183123763
0.7997627896888098 0.7293157611368577
0.8494630156681603 0.530808421287406
0.8494630156681603 0.562058421287406
0.7962574466400272 0.6294689788483704
0.90625 0.71875
0.90625 0.6875
0.875 0.65625
0.9772727272727273 0.5561079545454546
0.9772727272727273 0.5248579545454546
0.804230038860105 0.577877237431669
0.8251574731380247 0.5905439041978682
0.805461480661809 0.6068042990547253
0.6764938730097092 0.9166530035719282
0.6992281046927005 0.897098460189516
0.6491407683170087 0.926612613247814
0.6240468768651679 0.9430297405517547
0.7243347018769468 0.8688678303695876
0.640625 0.9768227979090299
0.8945805923271442 0.14791524774450587
0.9090961457163609 0.11742728734472996
0.925677119814734 0.13371136480881046
0.6084218768651679 0.9662069426427249
0.78125 0.25
0.8435020315520789 0.18716778455075372
0.8772078147648376 0.16335177846477167
0.859375 0.23091566869027524
0.9700963366019755 0.08286170220451727
0.9388463366019755 0.07142762652486177
0.96875 0.05106592432034451
0.9874844699258057 0.21875
0.9492694559608241 0.20924252792996306
0.8374721130472262 0.11459592380860312
0.8284484283686336 0.09077858357751162
0.8195194026852678 0.15326526664567866
0.8063764650997404 0.5430602996469946
0.8276069744796255 0.8782823230562272
0.8095243931709157 0.86103621467831
0.7304781046927005 0.9668631882331442
0.6034790030691077 0.33331187918786176
0.5659565984352757 0.33634560812007086
0.5836078170058225 0.32110000908376346
0.7626724383415585 0.9702154097754843
0.7939224383415585 0.9702154097754843
0.7838590950478626 0.8887598896593916
0.7909468315124742 0.92034274102166
0.8251493931709157 0.9286283356781391
0.8318452168073931 0.9029084332431829
0.8504458236364774 0.9312821064289704
0.22004836224876406 0.6668046557887639
0.8095474383415585 0.9487164142074473
0.09375 0.734375
0.03518189417906778 0.6719262883581356
0.09086977511653835 0.7676770502330768
0.11494289785463666 0.7723693441302832
0.080812672971175 0.7900463943633599
0.12293965068814708 0.8157011138239217
0.14619289785463666 0.8076726035388853
0.03125 0.703125
0.22670885665267554 0.8828475415204049
0.19657530891301417 0.8960096347624075
0.202522134054833 0.8692549009266932
0.07441660046615342 0.8137238755826918
0.06510357302551047 0.8392188953166149
0.09848972320425173 0.8184161694798983
0.10825697626350239 0.8762023059490045
0.1165435781831255 0.8393785950432536
0.13270690374739774 0.873487250293028
0.09375 0.984375
0.03125 0.984375
0.3125 0.9671578419276561
0.21007784089724718 0.8383496632509475
0.14057154316099663 0.9492738491341918
0.11636352523325191 0.9327862319606604
0.14862831975551938 0.9267985783723104
0.28617604416842063 0.9406009856663887
0.2473625135871924 0.9021722063318425
0.26690754200018474 0.9208142123925155
0.240307059923849 0.9282442814167922
0.8145614830492833 0.045604087356279355
0.809730667518255 0.07109400389086173
0.90625 0.265625
0.9329427083333333 0.37109375
0.96875 0.38802083333333337
0.8992849860350185 0.24049252792996306
0.9430652531385644 0.1758496626042932
0.9874844699258057 0.15625
0.96875 0.296875
0.8606268406664644 0.14706770100069116
0.9575808065277811 0.14536170220451727
0.8368921802475744 0.1378287359254129
0.8785795510284229 0.10839835816361562
0.9148921019264629 0.0407360180001147
0.9162384385284383 0.07253179588428746
0.9096760785160127 0.0941944752279202
0.7999495019856246 0.0227058940195263
0.8583619810636587 0.02289819333675305
0.8836421019264629 0.020920093679770185
0.8670040829901215 0.04381828701652324
0.8271119810636587 0.02289819333675305
0.8604417229776959 0.06548096636015598
0.96875 0.01981592432034451
0.90625 0.01981592432034451
0.9700963366019755 0.11411170220451727
0.8857218438405003 0.06350286670317312
0.96875 0.7640841788364223
0.9460829105817888 0.7555012682546335
0.9773329105817888 0.7414170894182112
0.013880015437773546 0.59375
0.09768189417906778 0.6406762883581356
0.14840444407147316 0.8963639776837373
0.17261246199921787 0.9128515948572689
0.0573484785513516 0.9285486512697425
0.03125 0.953125
0.07214530390096666 0.8652204766193576
0.08830862946523893 0.8993291318691321
0.08025185287071618 0.9218044026310135
0.08540337431936457 0.9620057513612709
0.18016816884163206 0.9716430977729209
0.2163442130100527 0.9450862415116535
0.22367604416842063 0.9734431437387326
0.11665337431936457 0.9776307513612709
0.14891816884163206 0.9716430977729209
0.1967991845970604 0.9264442354509805
0.8808945405406311 0.8930392558645206
0.9202412034040908 0.9023762829919488
0.8964883101364145 0.9148992311214426
0.859375 0.9785010044319632
0.8897924864999371 0.9406191335563986
0.9054174864999371 0.9621181291244354
0.9460829105817888 0.7101670894182112
0.9148329105817888 0.7414170894182112
0.940646244138084 0.8109591788364223
0.96875 0.7953341788364223
0.971896244138084 0.828125
0.8941976891459068 0.850616865023925
0.913770216379837 0.8322337111564115
0.9242199610422377 0.8621331538675134
0.8766562982128636 0.8684131456775649
0.828125 0.9785010044319632
0.8529034049451871 0.8809360938070585
0.971896244138084 0.859375
0.90625 0.7640841788364223
0.9106239722417531 0.7994428899928339
0.9679174864999371 0.8996181291244354
0.939813730638021 0.8839931291244354
0.96875 0.96875
0.9366674864999371 0.9621181291244354
0.9016927083333333 0.35807291666666663
0.9679174864999371 0.9308681291244354
0.9773329105817888 0.7101670894182112
0.9296875 0.4921875
0.9609375 0.5078125
0.96875 0.578125
0.96875 0.609375
0.90625 0.578125
0.90625 0.609375
0.9460227272727273 0.5717329545454546
0.9296875 0.6171875
0.8984375 0.6328125
0.8984375 0.6640625
0.96875 0.6875
76 382 384 0
74 382 383 0
72 383 384 0
382 383 384 0
170 385 387 1
103 385 386 1
145 386 387 1
385 386 387 1
33 388 390 2
40 388 389 2
47 389 390 2
388 389 390 2
45 391 393 3
81 391 392 3
20 392 393 3
391 392 393 3
141 394 396 4
136 394 395 4
138 395 396 4
394 395 396 4
92 397 399 5
147 397 398 5
146 398 399 5
397 398 399 5
23 400 402 6
259 400 401 6
36 401 402 6
400 401 402 6
85 403 405 7
82 403 404 7
7 404 405 7
403 404 405 7
123 406 408 8
149 406 407 8
127 407 408 8
406 407 408 8
229 409 410 9
230 409 326 9
13 326 410 9
409 326 410 9
145 386 412 10
103 386 411 10
75 411 412 10
386 411 412 10
6 413 415 11
73 413 414 11
79 414 415 11
413 414 415 11
212 416 418 12
11 416 417 12
302 417 418 12
416 417 418 12
143 419 421 13
158 419 420 13
140 420 421 13
419 420 421 13
147 422 398 14
1 422 327 14
146 327 398 14
422 327 398 14
317 423 425 15
236 423 424 15
156 424 425 15
423 424 425 15
324 426 428 16
316 426 427 16
322 427 428 16
426 427 428 16
19 429 431 17
265 429 430 17
292 430 431 17
429 430 431 17
290 432 434 18
36 432 433 18
260 433 434 18
432 433 434 18
7 435 405 19
121 435 436 19
85 436 405 19
435 436 405 19
49 437 439 20
54 437 438 20
77 438 439 20
437 438 439 20
42 440 442 21
48 440 441 21
16 441 442 21
440 441 442 21
34 443 445 22
29 443 444 22
35 444 445 22
443 444 445 22
17 446 448 23
260 446 447 23
263 447 448 23
446 447 448 23
20 449 451 24
154 449 450 24
37 450 451 24
449 450 451 24
83 452 454 25
100 452 453 25
56 453 454 25
452 453 454 25
265 455 456 26
17 455 448 26
263 448 456 26
455 448 456 26
290 457 459 27
43 457 458 27
289 458 459 27
457 458 459 27
32 460 462 28
48 460 461 28
288 461 462 28
460 461 462 28
73 413 464 29
6 413 463 29
49 463 464 29
413 463 464 29
134 465 467 30
126 465 466 30
133 466 467 30
465 466 467 30
58 468 470 31
59 468 469 31
187 469 470 31
468 469 470 31
26 471 473 32
32 471 472 32
25 472 473 32
471 472 473 32
20 474 476 33
44 474 475 33
30 475 476 33
474 475 476 33
16 477 479 34
32 477 478 34
27 478 479 34
477 478 479 34
22 480 481 35
59 480 468 35
58 468 481 35
480 468 481 35
26 482 484 36
24 482 483 36
59 483 484 36
482 483 484 36
24 482 328 37
26 482 473 37
25 473 328 37
482 473 328 37
26 485 487 38
22 485 486 38
27 486 487 38
485 486 487 38
53 488 490 39
58 488 489 39
5 489 490 39
488 489 490 39
33 491 493 40
16 491 492 40
29 492 493 40
491 492 493 40
29 443 495 41
34 443 494 41
31 494 495 41
443 494 495 41
35 496 497 42
27 496 486 42
22 486 497 42
496 486 497 42
40 498 499 43
29 498 495 43
31 495 499 43
498 495 499 43
81 391 501 44
45 391 500 44
69 500 501 44
391 500 501 44
16 479 492 45
27 479 502 45
29 502 492 45
479 502 492 45
59 480 484 46
22 480 485 46
26 485 484 46
480 485 484 46
105 503 505 47
106 503 504 47
130 504 505 47
503 504 505 47
25 472 329 48
32 472 506 48
14 506 329 48
472 506 329 48
27 478 487 49
32 478 471 49
26 471 487 49
478 471 487 49
42 442 507 50
16 442 491 50
33 491 507 50
442 491 507 50
36 401 509 51
259 401 508 51
257 508 509 51
401 508 509 51
35 444 496 52
29 444 502 52
27 502 496 52
444 502 496 52
34 510 512 53
28 510 511 53
45 511 512 53
510 511 512 53
53 513 488 54
52 513 514 54
58 514 488 54
513 514 488 54
34 445 510 55
35 445 515 55
28 515 510 55
445 515 510 55
40 499 517 56
31 499 516 56
37 516 517 56
499 516 517 56
32 462 506 57
288 462 518 57
14 518 506 57
462 518 506 57
31 519 516 58
20 519 451 58
37 451 516 58
519 451 516 58
42 520 522 59
51 520 521 59
23 521 522 59
520 521 522 59
118 523 525 60
78 523 524 60
117 524 525 60
523 524 525 60
79 526 415 61
101 526 527 61
6 527 415 61
526 527 415 61
46 528 530 62
154 528 529 62
30 529 530 62
528 529 530 62
252 531 533 63
104 531 532 63
131 532 533 63
531 532 533 63
47 389 534 64
40 389 517 64
37 517 534 64
389 517 534 64
29 498 493 65
40 498 388 65
33 388 493 65
498 388 493 65
61 535 537 66
62 535 536 66
63 536 537 66
535 536 537 66
67 538 540 67
83 538 539 67
82 539 540 67
538 539 540 67
51 541 542 68
33 541 390 68
47 390 542 68
541 390 542 68
259 543 545 69
51 543 544 69
41 544 545 69
543 544 545 69
48 460 441 70
32 460 477 70
16 477 441 70
460 477 441 70
56 546 548 71
258 546 547 71
63 547 548 71
546 547 548 71
31 549 519 72
45 549 393 72
20 393 519 72
549 393 519 72
31 494 549 73
34 494 512 73
45 512 549 73
494 512 549 73
28 515 551 74
35 515 550 74
52 550 551 74
515 550 551 74
28 551 553 75
52 551 552 75
55 552 553 75
551 552 553 75
57 554 555 76
37 554 450 76
154 450 555 76
554 450 555 76
50 556 558 77
57 556 557 77
142 557 558 77
556 557 558 77
47 534 559 78
37 534 554 78
57 554 559 78
534 554 559 78
257 508 561 79
259 508 560 79
258 560 561 79
508 560 561 79
23 562 522 80
289 562 563 80
42 563 522 80
562 563 522 80
289 564 565 81
288 564 461 81
48 461 565 81
564 461 565 81
54 566 568 82
71 566 567 82
55 567 568 82
566 567 568 82
54 437 566 83
49 437 569 83
71 569 566 83
437 569 566 83
61 570 572 84
39 570 571 84
7 571 572 84
570 571 572 84
41 573 574 85
47 573 559 85
57 559 574 85
573 559 574 85
33 541 507 86
51 541 520 86
42 520 507 86
541 520 507 86
41 544 573 87
51 544 542 87
47 542 573 87
544 542 573 87
55 552 575 88
52 552 513 88
53 513 575 88
552 513 575 88
28 553 577 89
55 553 576 89
70 576 577 89
553 576 577 89
22 481 578 90
58 481 514 90
52 514 578 90
481 514 578 90
71 579 581 91
69 579 580 91
70 580 581 91
579 580 581 91
6 582 463 92
68 582 583 92
49 583 463 92
582 583 463 92
38 584 586 93
44 584 585 93
81 585 586 93
584 585 586 93
5 587 490 94
54 587 588 94
53 588 490 94
587 588 490 94
76 589 591 95
117 589 590 95
80 590 591 95
589 590 591 95
61 537 593 96
63 537 592 96
50 592 593 96
537 592 593 96
100 594 453 97
257 594 595 97
56 595 453 97
594 595 453 97
39 596 598 98
142 596 597 98
46 597 598 98
596 597 598 98
57 556 574 99
50 556 599 99
41 599 574 99
556 599 574 99
52 550 578 100
35 550 497 100
22 497 578 100
550 497 578 100
54 568 588 101
55 568 575 101
53 575 588 101
568 575 588 101
18 600 330 102
186 600 601 102
60 601 330 102
600 601 330 102
186 602 601 103
187 602 603 103
60 603 601 103
602 603 601 103
63 536 548 104
62 536 604 104
56 604 548 104
536 604 548 104
59 483 605 105
24 483 331 105
60 331 605 105
483 331 605 105
50 606 593 106
39 606 570 106
61 570 593 106
606 570 593 106
61 572 535 107
7 572 607 107
62 607 535 107
572 607 535 107
56 604 454 108
62 604 608 108
83 608 454 108
604 608 454 108
8 609 610 109
36 609 509 109
257 509 610 109
609 509 610 109
41 599 611 110
50 599 592 110
63 592 611 110
599 592 611 110
85 612 403 111
86 612 613 111
82 613 403 111
612 613 403 111
211 614 616 112
84 614 615 112
127 615 616 112
614 615 616 112
82 539 404 113
83 539 617 113
7 617 404 113
539 617 404 113
96 618 620 114
93 618 619 114
89 619 620 114
618 619 620 114
97 621 623 115
95 621 622 115
99 622 623 115
621 622 623 115
257 624 610 116
88 624 625 116
8 625 610 116
624 625 610 116
69 626 628 117
68 626 627 117
38 627 628 117
626 627 628 117
6 629 582 118
38 629 627 118
68 627 582 118
629 627 582 118
28 577 511 119
70 577 630 119
45 630 511 119
577 630 511 119
70 580 630 120
69 580 500 120
45 500 630 120
580 500 630 120
70 576 581 121
55 576 567 121
71 567 581 121
576 567 581 121
49 583 569 122
68 583 631 122
71 631 569 122
583 631 569 122
71 631 579 123
68 631 626 123
69 626 579 123
631 626 579 123
120 632 634 124
75 632 633 124
80 633 634 124
632 633 634 124
79 414 636 125
73 414 635 125
80 635 636 125
414 635 636 125
54 637 438 126
184 637 638 126
77 638 438 126
637 638 438 126
117 589 639 127
76 589 384 127
72 384 639 127
589 384 639 127
184 640 642 128
5 640 641 128
183 641 642 128
640 641 642 128
148 643 645 129
188 643 644 129
182 644 645 129
643 644 645 129
245 646 648 130
104 646 647 130
153 647 648 130
646 647 648 130
101 526 650 131
79 526 649 131
102 649 650 131
526 649 650 131
77 651 439 132
73 651 464 132
49 464 439 132
651 464 439 132
74 652 383 133
107 652 653 133
72 653 383 133
652 653 383 133
74 382 655 134
76 382 654 134
77 654 655 134
382 654 655 134
77 654 651 135
76 654 656 135
73 656 651 135
654 656 651 135
116 657 659 136
109 657 658 136
112 658 659 136
657 658 659 136
84 660 662 137
89 660 661 137
91 661 662 137
660 661 662 137
73 656 635 138
76 656 591 138
80 591 635 138
656 591 635 138
103 663 665 139
90 663 664 139
102 664 665 139
663 664 665 139
123 666 668 140
84 666 667 140
125 667 668 140
666 667 668 140
75 669 633 141
79 669 636 141
80 636 633 141
669 636 633 141
155 670 671 142
143 670 421 142
140 421 671 142
670 421 671 142
80 590 634 143
117 590 672 143
120 672 634 143
590 672 634 143
123 668 674 144
125 668 673 144
121 673 674 144
668 673 674 144
99 675 677 145
86 675 676 145
93 676 677 145
675 676 677 145
83 538 452 146
67 538 678 146
100 678 452 146
538 678 452 146
7 617 607 147
83 617 608 147
62 608 607 147
617 608 607 147
84 666 615 148
123 666 408 148
127 408 615 148
666 408 615 148
268 679 681 149
67 679 680 149
269 680 681 149
679 680 681 149
121 682 684 150
122 682 683 150
128 683 684 150
682 683 684 150
86 685 676 151
89 685 619 151
93 619 676 151
685 619 676 151
91 686 688 152
85 686 687 152
125 687 688 152
686 687 688 152
148 645 690 153
182 645 689 153
183 689 690 153
645 689 690 153
66 691 693 154
97 691 692 154
93 692 693 154
691 692 693 154
292 694 431 155
295 694 332 155
19 332 431 155
694 332 431 155
85 686 612 156
91 686 695 156
86 695 612 156
686 695 612 156
107 696 697 157
116 696 659 157
112 659 697 157
696 659 697 157
210 698 699 158
211 698 616 158
127 616 699 158
698 616 699 158
90 700 702 159
251 700 701 159
106 701 702 159
700 701 702 159
92 703 705 160
111 703 704 160
116 704 705 160
703 704 705 160
6 706 629 161
105 706 707 161
38 707 629 161
706 707 629 161
86 695 685 162
91 695 661 162
89 661 685 162
695 661 685 162
127 708 699 163
206 708 709 163
210 709 699 163
708 709 699 163
96 710 618 164
94 710 711 164
93 711 618 164
710 711 618 164
65 712 333 165
270 712 713 165
266 713 333 165
712 713 333 165
88 714 716 166
299 714 715 166
294 715 716 166
714 715 716 166
66 693 334 167
93 693 711 167
94 711 334 167
693 711 334 167
98 717 718 168
67 717 540 168
82 540 718 168
717 540 718 168
172 719 721 169
9 719 720 169
178 720 721 169
719 720 721 169
64 335 722 170
94 335 710 170
96 710 722 170
335 710 722 170
266 723 336 171
97 723 691 171
66 691 336 171
723 691 336 171
95 724 622 172
98 724 725 172
99 725 622 172
724 725 622 172
86 726 613 173
98 726 718 173
82 718 613 173
726 718 613 173
269 727 728 174
98 727 724 174
95 724 728 174
727 724 728 174
97 623 692 175
99 623 677 175
93 677 692 175
623 677 692 175
98 726 725 176
86 726 675 176
99 675 725 176
726 675 725 176
268 729 679 177
100 729 678 177
67 678 679 177
729 678 679 177
257 594 624 178
100 594 730 178
88 730 624 178
594 730 624 178
102 649 731 179
79 649 669 179
75 669 731 179
649 669 731 179
101 732 733 180
90 732 702 180
106 702 733 180
732 702 733 180
103 665 411 181
102 665 731 181
75 731 411 181
665 731 411 181
90 732 664 182
101 732 650 182
102 650 664 182
732 650 664 182
176 734 736 183
170 734 735 183
177 735 736 183
734 735 736 183
160 737 738 184
145 737 412 184
75 412 738 184
737 412 738 184
141 396 740 185
138 396 739 185
128 739 740 185
396 739 740 185
123 741 743 186
150 741 742 186
201 742 743 186
741 742 743 186
6 527 706 187
101 527 744 187
105 744 706 187
527 744 706 187
105 744 503 188
101 744 733 188
106 733 503 188
744 733 503 188
131 745 747 189
204 745 746 189
139 746 747 189
745 746 747 189
30 475 749 190
44 475 748 190
133 748 749 190
475 748 749 190
185 750 752 191
110 750 751 191
107 751 752 191
750 751 752 191
21 753 337 192
112 753 658 192
109 658 337 192
753 658 337 192
77 638 755 193
184 638 754 193
185 754 755 193
638 754 755 193
116 756 705 194
113 756 757 194
92 757 705 194
756 757 705 194
116 696 758 195
107 696 751 195
110 751 758 195
696 751 758 195
112 759 697 196
72 759 653 196
107 653 697 196
759 653 697 196
185 752 760 197
107 752 652 197
74 652 760 197
752 652 760 197
188 761 763 198
147 761 762 198
114 762 763 198
761 762 763 198
113 764 757 199
114 764 765 199
92 765 757 199
764 765 757 199
21 766 768 200
118 766 767 200
72 767 768 200
766 767 768 200
111 338 704 201
109 338 657 201
116 657 704 201
338 657 704 201
113 756 769 202
116 756 758 202
110 758 769 202
756 758 769 202
21 339 766 203
87 339 770 203
118 770 766 203
339 770 766 203
115 771 772 204
147 771 761 204
188 761 772 204
771 761 772 204
120 773 775 205
78 773 774 205
119 774 775 205
773 774 775 205
182 776 778 206
110 776 777 206
108 777 778 206
776 777 778 206
113 769 779 207
110 769 776 207
182 776 779 207
769 776 779 207
118 525 767 208
117 525 639 208
72 639 767 208
525 639 767 208
72 759 768 209
112 759 753 209
21 753 768 209
759 753 768 209
78 523 340 210
118 523 770 210
87 770 340 210
523 770 340 210
15 780 341 211
168 780 781 211
78 781 341 211
780 781 341 211
177 782 784 212
145 782 783 212
199 783 784 212
782 783 784 212
78 773 524 213
120 773 672 213
117 672 524 213
773 672 524 213
75 632 785 214
120 632 775 214
119 775 785 214
632 775 785 214
122 682 786 215
121 682 435 215
7 435 786 215
682 435 786 215
190 787 788 216
121 787 684 216
128 684 788 216
787 684 788 216
7 571 786 217
39 571 789 217
122 789 786 217
571 789 786 217
136 790 791 218
30 790 749 218
133 749 791 218
790 749 791 218
151 792 794 219
103 792 793 219
174 793 794 219
792 793 794 219
128 739 796 220
138 739 795 220
191 795 796 220
739 795 796 220
172 797 799 221
228 797 798 221
152 798 799 221
797 798 799 221
221 800 802 222
220 800 801 222
224 801 802 222
800 801 802 222
91 688 662 223
125 688 667 223
84 667 662 223
688 667 662 223
121 673 436 224
125 673 687 224
85 687 436 224
673 687 436 224
135 803 805 225
129 803 804 225
133 804 805 225
803 804 805 225
38 586 628 226
81 586 501 226
69 501 628 226
586 501 628 226
5 806 808 227
186 806 807 227
148 807 808 227
806 807 808 227
206 809 811 228
207 809 810 228
209 810 811 228
809 810 811 228
20 392 474 229
81 392 585 229
44 585 474 229
392 585 474 229
39 812 789 230
128 812 683 230
122 683 789 230
812 683 789 230
105 505 814 231
130 505 813 231
132 813 814 231
505 813 814 231
245 815 816 232
152 815 798 232
228 798 816 232
815 798 816 232
130 817 813 233
126 817 818 233
132 818 813 233
817 818 813 233
132 819 821 234
134 819 820 234
38 820 821 234
819 820 821 234
12 822 823 235
127 822 407 235
149 407 823 235
822 407 823 235
131 824 825 236
126 824 817 236
130 817 825 236
824 817 825 236
44 826 748 237
134 826 467 237
133 467 748 237
826 467 748 237
105 814 707 238
132 814 821 238
38 821 707 238
814 821 707 238
136 791 827 239
133 791 804 239
129 804 827 239
791 804 827 239
135 805 828 240
133 805 466 240
126 466 828 240
805 466 828 240
38 820 584 241
134 820 826 241
44 826 584 241
820 826 584 241
126 465 818 242
134 465 819 242
132 819 818 242
465 819 818 242
131 747 824 243
139 747 829 243
126 829 824 243
747 829 824 243
204 830 746 244
137 830 831 244
139 831 746 244
830 831 746 244
136 827 833 245
129 827 832 245
195 832 833 245
827 832 833 245
46 530 834 246
30 530 790 246
136 790 834 246
530 790 834 246
129 803 836 247
135 803 835 247
137 835 836 247
803 835 836 247
139 831 837 248
137 831 835 248
135 835 837 248
831 835 837 248
163 838 840 249
208 838 839 249
247 839 840 249
838 839 840 249
141 740 841 250
128 740 812 250
39 812 841 250
740 812 841 250
131 532 745 251
104 532 842 251
204 842 745 251
532 842 745 251
126 829 828 252
139 829 837 252
135 837 828 252
829 837 828 252
137 843 845 253
124 843 844 253
192 844 845 253
843 844 845 253
162 846 848 254
143 846 847 254
124 847 848 254
846 847 848 254
39 598 841 255
46 598 849 255
141 849 841 255
598 849 841 255
136 394 834 256
141 394 849 256
46 849 834 256
394 849 834 256
50 558 606 257
142 558 596 257
39 596 606 257
558 596 606 257
154 850 555 258
142 850 557 258
57 557 555 258
850 557 555 258
124 847 844 259
143 847 851 259
192 851 844 259
847 851 844 259
191 852 854 260
155 852 853 260
150 853 854 260
852 853 854 260
248 855 857 261
253 855 856 261
238 856 857 261
855 856 857 261
188 858 772 262
189 858 342 262
115 342 772 262
858 342 772 262
169 859 861 263
176 859 860 263
175 860 861 263
859 860 861 263
115 343 771 264
1 343 422 264
147 422 771 264
343 422 771 264
147 397 762 265
92 397 765 265
114 765 762 265
397 765 762 265
193 862 864 266
194 862 863 266
201 863 864 266
862 863 864 266
206 708 865 267
127 708 822 267
12 822 865 267
708 822 865 267
123 866 741 268
190 866 867 268
150 867 741 268
866 867 741 268
92 399 703 269
146 399 344 269
111 344 703 269
399 344 703 269
211 868 870 270
231 868 869 270
89 869 870 270
868 869 870 270
192 871 845 271
129 871 836 271
137 836 845 271
871 836 845 271
123 743 406 272
201 743 872 272
149 872 406 272
743 872 406 272
153 873 875 273
254 873 874 273
9 874 875 273
873 874 875 273
90 663 876 274
103 663 792 274
151 792 876 274
663 792 876 274
9 719 877 275
172 719 799 275
152 799 877 275
719 799 877 275
251 878 880 276
151 878 879 276
254 879 880 276
878 879 880 276
131 825 882 277
130 825 881 277
251 881 882 277
825 881 882 277
130 504 881 278
106 504 701 278
251 701 881 278
504 701 881 278
30 529 476 279
154 529 449 279
20 449 476 279
529 449 476 279
142 850 597 280
154 850 528 280
46 528 597 280
850 528 597 280
193 883 884 281
155 883 671 281
140 671 884 281
883 671 884 281
136 833 395 282
195 833 885 282
138 885 395 282
833 885 395 282
224 886 888 283
156 886 887 283
157 887 888 283
886 887 888 283
317 889 423 284
321 889 890 284
236 890 423 284
889 890 423 284
171 891 893 285
176 891 892 285
173 892 893 285
891 892 893 285
158 894 420 286
165 894 895 286
140 895 420 286
894 895 420 286
205 896 898 287
204 896 897 287
196 897 898 287
896 897 898 287
248 899 901 288
209 899 900 288
214 900 901 288
899 900 901 288
137 830 843 289
204 830 902 289
124 902 843 289
830 902 843 289
223 903 905 290
272 903 904 290
202 904 905 290
903 904 905 290
168 906 908 291
160 906 907 291
119 907 908 291
906 907 908 291
207 909 911 292
194 909 910 292
164 910 911 292
909 910 911 292
162 912 846 293
158 912 419 293
143 419 846 293
912 419 846 293
203 913 915 294
157 913 914 294
159 914 915 294
913 914 915 294
159 916 918 295
161 916 917 295
162 917 918 295
916 917 918 295
162 917 912 296
161 917 919 296
158 919 912 296
917 919 912 296
315 920 921 297
275 920 345 297
226 345 921 297
920 345 921 297
235 922 924 298
246 922 923 298
208 923 924 298
922 923 924 298
158 925 894 299
233 925 926 299
165 926 894 299
925 926 894 299
158 919 925 300
161 919 927 300
233 927 925 300
919 927 925 300
194 928 910 301
165 928 929 301
164 929 910 301
928 929 910 301
160 738 907 302
75 738 785 302
119 785 907 302
738 785 907 302
163 840 931 303
247 840 930 303
236 930 931 303
840 930 931 303
232 932 934 304
233 932 933 304
208 933 934 304
932 933 934 304
164 935 911 305
232 935 936 305
207 936 911 305
935 936 911 305
169 937 939 306
180 937 938 306
170 938 939 306
937 938 939 306
15 346 941 307
198 346 940 307
199 940 941 307
346 940 941 307
78 781 774 308
168 781 908 308
119 908 774 308
781 908 774 308
175 942 944 309
167 942 943 309
181 943 944 309
942 943 944 309
200 945 947 310
169 945 946 310
217 946 947 310
945 946 947 310
159 914 916 311
157 914 948 311
161 948 916 311
914 948 916 311
272 949 951 312
241 949 950 312
10 950 951 312
949 950 951 312
177 735 782 313
170 735 387 313
145 387 782 313
735 387 782 313
180 952 938 314
174 952 953 314
170 953 938 314
952 953 938 314
171 893 347 315
173 893 954 315
198 954 347 315
893 954 347 315
176 859 734 316
169 859 939 316
170 939 734 316
859 939 734 316
151 794 956 317
174 794 955 317
9 955 956 317
794 955 956 317
170 953 385 318
174 953 793 318
103 793 385 318
953 793 385 318
175 944 861 319
181 944 957 319
169 957 861 319
944 957 861 319
178 720 958 320
9 720 955 320
174 955 958 320
720 955 958 320
176 736 892 321
177 736 959 321
173 959 892 321
736 959 892 321
175 860 960 322
176 860 891 322
171 891 960 322
860 891 960 322
145 737 783 323
160 737 961 323
199 961 783 323
737 961 783 323
173 959 962 324
177 959 784 324
199 784 962 324
959 784 962 324
180 963 965 325
200 963 964 325
178 964 965 325
963 964 965 325
171 348 960 326
167 348 942 326
175 942 960 326
348 942 960 326
274 966 968 327
240 966 967 327
277 967 968 327
966 967 968 327
241 969 971 328
219 969 970 328
200 970 971 328
969 970 971 328
200 963 945 329
180 963 937 329
169 937 945 329
963 937 945 329
174 952 958 330
180 952 965 330
178 965 958 330
952 965 958 330
167 972 943 331
281 972 973 331
181 973 943 331
972 973 943 331
181 974 976 332
179 974 975 332
217 975 976 332
974 975 976 332
113 779 764 333
182 779 977 333
114 977 764 333
779 977 764 333
183 689 978 334
182 689 778 334
108 778 978 334
689 778 978 334
184 642 979 335
183 642 978 335
108 978 979 335
642 978 979 335
5 808 641 336
148 808 690 336
183 690 641 336
808 690 641 336
185 754 980 337
184 754 979 337
108 979 980 337
754 979 980 337
5 640 587 338
184 640 637 338
54 637 587 338
640 637 587 338
110 750 777 339
185 750 980 339
108 980 777 339
750 980 777 339
77 755 655 340
185 755 760 340
74 760 655 340
755 760 655 340
5 489 981 341
58 489 470 341
187 470 981 341
489 470 981 341
186 600 982 342
18 600 349 342
189 349 982 342
600 349 982 342
60 603 605 343
187 603 469 343
59 469 605 343
603 469 605 343
5 981 806 344
187 981 602 344
186 602 806 344
981 602 806 344
182 644 977 345
188 644 763 345
114 763 977 345
644 763 977 345
148 807 983 346
186 807 982 346
189 982 983 346
807 982 983 346
121 787 674 347
190 787 866 347
123 866 674 347
787 866 674 347
189 858 983 348
188 858 643 348
148 643 983 348
858 643 983 348
191 984 796 349
190 984 788 349
128 788 796 349
984 788 796 349
191 795 985 350
138 795 885 350
195 885 985 350
795 885 985 350
190 984 867 351
191 984 854 351
150 854 867 351
984 854 867 351
143 670 851 352
155 670 986 352
192 986 851 352
670 986 851 352
192 986 988 353
155 986 987 353
195 987 988 353
986 987 988 353
201 989 872 354
12 989 823 354
149 823 872 354
989 823 872 354
150 853 990 355
155 853 883 355
193 883 990 355
853 883 990 355
193 884 862 356
140 884 991 356
194 991 862 356
884 991 862 356
165 928 895 357
194 928 991 357
140 991 895 357
928 991 895 357
192 988 871 358
195 988 832 358
129 832 871 358
988 832 871 358
191 985 852 359
195 985 987 359
155 987 852 359
985 987 852 359
221 992 994 360
203 992 993 360
222 993 994 360
992 993 994 360
172 995 797 361
244 995 996 361
228 996 797 361
995 996 797 361
209 997 900 362
166 997 998 362
214 998 900 362
997 998 900 362
216 999 1001 363
239 999 1000 363
231 1000 1001 363
999 1000 1001 363
199 1002 941 364
168 1002 780 364
15 780 941 364
1002 780 941 364
199 961 1002 365
160 961 906 365
168 906 1002 365
961 906 1002 365
198 954 940 366
173 954 962 366
199 962 940 366
954 962 940 366
217 1003 947 367
243 1003 1004 367
200 1004 947 367
1003 1004 947 367
172 721 1006 368
178 721 1005 368
219 1005 1006 368
721 1005 1006 368
193 864 990 369
201 864 742 369
150 742 990 369
864 742 990 369
12 989 1007 370
201 989 863 370
194 863 1007 370
989 863 1007 370
157 913 888 371
203 913 1008 371
224 1008 888 371
913 1008 888 371
124 1009 848 372
205 1009 1010 372
162 1010 848 372
1009 1010 848 372
196 1011 1012 373
203 1011 915 373
159 915 1012 373
1011 915 1012 373
221 1013 800 374
202 1013 1014 374
220 1014 800 374
1013 1014 800 374
104 1015 842 375
196 1015 897 375
204 897 842 375
1015 897 842 375
205 1016 1010 376
159 1016 918 376
162 918 1010 376
1016 918 1010 376
204 896 902 377
205 896 1009 377
124 1009 902 377
896 1009 902 377
159 1016 1012 378
205 1016 898 378
196 898 1012 378
1016 898 1012 378
206 811 1018 379
209 811 1017 379
197 1017 1018 379
811 1017 1018 379
234 1019 1020 380
233 1019 927 380
161 927 1020 380
1019 927 1020 380
206 865 809 381
12 865 1021 381
207 1021 809 381
865 1021 809 381
194 909 1007 382
207 909 1021 382
12 1021 1007 382
909 1021 1007 382
210 709 1023 383
206 709 1022 383
237 1022 1023 383
709 1022 1023 383
210 1024 698 384
216 1024 1025 384
211 1025 698 384
1024 1025 698 384
214 1026 1028 385
215 1026 1027 385
212 1027 1028 385
1026 1027 1028 385
207 1029 810 386
166 1029 997 386
209 997 810 386
1029 997 810 386
237 1022 1030 387
206 1022 1018 387
197 1018 1030 387
1022 1018 1030 387
238 1031 1033 388
249 1031 1032 388
250 1032 1033 388
1031 1032 1033 388
216 1024 1034 389
210 1024 1023 389
237 1023 1034 389
1024 1023 1034 389
89 660 870 390
84 660 614 390
211 614 870 390
660 614 870 390
257 561 595 391
258 561 546 391
56 546 595 391
561 546 595 391
302 1035 418 392
305 1035 1036 392
212 1036 418 392
1035 1036 418 392
215 1037 1039 393
235 1037 1038 393
11 1038 1039 393
1037 1038 1039 393
96 620 1040 394
89 620 869 394
231 869 1040 394
620 869 1040 394
212 1027 416 395
215 1027 1039 395
11 1039 416 395
1027 1039 416 395
214 1028 901 396
212 1028 1041 396
248 1041 901 396
1028 1041 901 396
214 998 1026 397
166 998 1042 397
215 1042 1026 397
998 1042 1026 397
246 1043 1045 398
166 1043 1044 398
232 1044 1045 398
1043 1044 1045 398
231 1000 1046 399
239 1000 350 399
64 350 1046 399
1000 350 1046 399
181 976 957 400
217 976 946 400
169 946 957 400
976 946 957 400
243 1003 1047 401
217 1003 975 401
179 975 1047 401
1003 975 1047 401
181 973 974 402
281 973 1048 402
179 1048 974 402
973 1048 974 402
225 1049 1051 403
273 1049 1050 403
274 1050 1051 403
1049 1050 1051 403
178 964 1005 404
200 964 970 404
219 970 1005 404
964 970 1005 404
243 1052 1004 405
240 1052 1053 405
200 1053 1004 405
1052 1053 1004 405
314 1054 1055 406
220 1054 1014 406
202 1014 1055 406
1054 1014 1055 406
156 886 1056 407
224 886 801 407
220 801 1056 407
886 801 1056 407
222 993 1057 408
203 993 1011 408
196 1011 1057 408
993 1011 1057 408
227 1058 1059 409
221 1058 994 409
222 994 1059 409
1058 994 1059 409
245 1060 646 410
196 1060 1015 410
104 1015 646 410
1060 1015 646 410
244 1061 996 411
227 1061 1062 411
228 1062 996 411
1061 1062 996 411
223 1063 1065 412
244 1063 1064 412
241 1064 1065 412
1063 1064 1065 412
221 1058 1013 413
227 1058 1066 413
202 1066 1013 413
1058 1066 1013 413
234 1020 1067 414
161 1020 948 414
157 948 1067 414
1020 948 1067 414
221 802 992 415
224 802 1008 415
203 1008 992 415
802 1008 992 415
315 1068 1070 416
272 1068 1069 416
273 1069 1070 416
1068 1069 1070 416
240 1071 1053 417
241 1071 971 417
200 971 1053 417
1071 971 1053 417
220 1054 1073 418
314 1054 1072 418
229 1072 1073 418
1054 1072 1073 418
227 1059 1062 419
222 1059 1074 419
228 1074 1062 419
1059 1074 1062 419
202 1066 905 420
227 1066 1075 420
223 1075 905 420
1066 1075 905 420
245 1076 1060 421
222 1076 1057 421
196 1057 1060 421
1076 1057 1060 421
153 1077 648 422
152 1077 815 422
245 815 648 422
1077 815 648 422
156 1056 1078 423
220 1056 1073 423
229 1073 1078 423
1056 1073 1078 423
216 1001 1025 424
231 1001 868 424
211 868 1025 424
1001 868 1025 424
314 1079 1072 425
230 1079 409 425
229 409 1072 425
1079 409 1072 425
96 1040 722 426
231 1040 1046 426
64 1046 722 426
1040 1046 722 426
207 936 1029 427
232 936 1044 427
166 1044 1029 427
936 1044 1029 427
233 932 1080 428
232 932 935 428
164 935 1080 428
932 935 1080 428
165 926 929 429
233 926 1080 429
164 1080 929 429
926 1080 929 429
215 1081 1037 430
246 1081 922 430
235 922 1037 430
1081 922 1037 430
318 1082 1083 431
156 1082 424 431
236 424 1083 431
1082 424 1083 431
208 933 1084 432
233 933 1019 432
234 1019 1084 432
933 1019 1084 432
322 1085 1086 433
11 1085 1038 433
235 1038 1086 433
1085 1038 1086 433
163 1087 838 434
235 1087 924 434
208 924 838 434
1087 924 838 434
320 1088 351 435
321 1088 1089 435
13 1089 351 435
1088 1089 351 435
234 1090 1092 436
318 1090 1091 436
247 1091 1092 436
1090 1091 1092 436
238 1093 1094 437
237 1093 1030 437
197 1030 1094 437
1093 1030 1094 437
216 1034 1096 438
237 1034 1095 438
250 1095 1096 438
1034 1095 1096 438
248 857 1097 439
238 857 1094 439
197 1094 1097 439
857 1094 1097 439
250 1032 1098 440
249 1032 352 440
213 352 1098 440
1032 352 1098 440
277 1099 1101 441
279 1099 1100 441
286 1100 1101 441
1099 1100 1101 441
216 1102 999 442
213 1102 353 442
239 353 999 442
1102 353 999 442
219 969 1006 443
241 969 1103 443
172 1103 1006 443
969 1103 1006 443
240 1104 967 444
218 1104 1105 444
277 1105 967 444
1104 1105 967 444
10 950 1106 445
241 950 1071 445
240 1071 1106 445
950 1071 1106 445
285 1107 1109 446
286 1107 1108 446
283 1108 1109 446
1107 1108 1109 446
276 1110 1111 447
225 1110 1051 447
274 1051 1111 447
1110 1051 1111 447
278 1112 1113 448
243 1112 1047 448
179 1047 1113 448
1112 1047 1113 448
240 1052 1104 449
243 1052 1114 449
218 1114 1104 449
1052 1114 1104 449
241 1064 1103 450
244 1064 995 450
172 995 1103 450
1064 995 1103 450
227 1061 1075 451
244 1061 1063 451
223 1063 1075 451
1061 1063 1075 451
153 875 1077 452
9 875 877 452
152 877 1077 452
875 877 1077 452
222 1076 1074 453
245 1076 816 453
228 816 1074 453
1076 816 1074 453
232 934 1045 454
208 934 923 454
246 923 1045 454
934 923 1045 454
166 1043 1042 455
246 1043 1081 455
215 1081 1042 455
1043 1081 1042 455
208 1084 839 456
234 1084 1092 456
247 1092 839 456
1084 1092 839 456
234 1067 1090 457
157 1067 1115 457
318 1115 1090 457
1067 1115 1090 457
248 1097 899 458
197 1097 1017 458
209 1017 899 458
1097 1017 899 458
212 1036 1117 459
305 1036 1116 459
300 1116 1117 459
1036 1116 1117 459
216 1096 1102 460
250 1096 1098 460
213 1098 1102 460
1096 1098 1102 460
238 1118 1031 461
144 1118 354 461
249 354 1031 461
1118 354 1031 461
238 1033 1093 462
250 1033 1095 462
237 1095 1093 462
1033 1095 1093 462
151 878 876 463
251 878 700 463
90 700 876 463
878 700 876 463
252 1119 531 464
153 1119 647 464
104 647 531 464
1119 647 531 464
131 882 533 465
251 882 1120 465
252 1120 533 465
882 1120 533 465
252 1120 1121 466
251 1120 880 466
254 880 1121 466
1120 880 1121 466
9 874 956 467
254 874 879 467
151 879 956 467
874 879 956 467
238 856 1118 468
253 856 1122 468
144 1122 1118 468
856 1122 1118 468
252 1121 1119 469
254 1121 873 469
153 873 1119 469
1121 873 1119 469
256 355 1123 470
144 355 1122 470
253 1122 1123 470
355 1122 1123 470
253 855 1125 471
248 855 1124 471
300 1124 1125 471
855 1124 1125 471
306 1126 1128 472
300 1126 1127 472
304 1127 1128 472
1126 1127 1128 472
258 1129 547 473
41 1129 611 473
63 611 547 473
1129 611 547 473
253 1125 1130 474
300 1125 1126 474
306 1126 1130 474
1125 1126 1130 474
8 1131 609 475
260 1131 433 475
36 433 609 475
1131 433 609 475
51 543 521 476
259 543 400 476
23 400 521 476
543 400 521 476
258 560 1129 477
259 560 545 477
41 545 1129 477
560 545 1129 477
43 457 356 478
290 457 1132 478
261 1132 356 478
457 1132 356 478
263 1133 1135 479
8 1133 1134 479
264 1134 1135 479
1133 1134 1135 479
294 1136 716 480
264 1136 1137 480
88 1137 716 480
1136 1137 716 480
260 446 1138 481
17 446 357 481
261 357 1138 481
446 357 1138 481
268 1139 1141 482
267 1139 1140 482
299 1140 1141 482
1139 1140 1141 482
8 1133 1131 483
263 1133 447 483
260 447 1131 483
1133 447 1131 483
265 456 1143 484
263 456 1142 484
262 1142 1143 484
456 1142 1143 484
88 1137 625 485
264 1137 1134 485
8 1134 625 485
1137 1134 625 485
262 1142 1144 486
263 1142 1135 486
264 1135 1144 486
1142 1135 1144 486
291 1145 1147 487
262 1145 1146 487
294 1146 1147 487
1145 1146 1147 487
17 455 358 488
265 455 429 488
19 429 358 488
455 429 358 488
296 1148 1149 489
293 1148 359 489
4 359 1149 489
1148 359 1149 489
97 723 621 490
266 723 1150 490
95 1150 621 490
723 1150 621 490
88 730 1151 491
100 730 729 491
268 729 1151 491
730 729 1151 491
269 680 727 492
67 680 717 492
98 717 727 492
680 717 727 492
301 1152 1154 493
297 1152 1153 493
291 1153 1154 493
1152 1153 1154 493
95 1150 1155 494
266 1150 713 494
270 713 1155 494
1150 713 1155 494
268 681 1139 495
269 681 1156 495
267 1156 1139 495
681 1156 1139 495
267 1156 1158 496
269 1156 1157 496
270 1157 1158 496
1156 1157 1158 496
95 1155 728 497
270 1155 1157 497
269 1157 728 497
1155 1157 728 497
241 949 1065 498
272 949 903 498
223 903 1065 498
949 903 1065 498
281 1159 1048 499
282 1159 1160 499
179 1160 1048 499
1159 1160 1048 499
10 1161 951 500
273 1161 1069 500
272 1069 951 500
1161 1069 951 500
314 1162 1163 501
315 1162 921 501
226 921 1163 501
1162 921 1163 501
274 1050 1164 502
273 1050 1161 502
10 1161 1164 502
1050 1161 1164 502
240 966 1106 503
274 966 1164 503
10 1164 1106 503
966 1164 1106 503
276 1111 1165 504
274 1111 968 504
277 968 1165 504
1111 968 1165 504
242 360 1166 505
225 360 1110 505
276 1110 1166 505
360 1110 1166 505
273 1049 1167 506
225 1049 361 506
275 361 1167 506
1049 361 1167 506
279 1099 1168 507
277 1099 1105 507
218 1105 1168 507
1099 1105 1168 507
276 1165 1169 508
277 1165 1101 508
286 1101 1169 508
1165 1101 1169 508
279 1170 1171 509
243 1170 1112 509
278 1112 1171 509
1170 1112 1171 509
284 1172 1173 510
283 1172 1108 510
286 1108 1173 510
1172 1108 1173 510
243 1170 1114 511
279 1170 1168 511
218 1168 1114 511
1170 1168 1114 511
286 1100 1174 512
279 1100 1171 512
278 1171 1174 512
1100 1171 1174 512
281 972 1175 513
167 972 362 513
280 362 1175 513
972 362 1175 513
282 1176 1178 514
271 1176 1177 514
284 1177 1178 514
1176 1177 1178 514
282 1159 1179 515
281 1159 1175 515
280 1175 1179 515
1159 1175 1179 515
271 1176 363 516
282 1176 1179 516
280 1179 363 516
1176 1179 363 516
179 1160 1113 517
282 1160 1180 517
278 1180 1113 517
1160 1180 1113 517
271 364 1182 518
2 364 1181 518
283 1181 1182 518
364 1181 1182 518
286 1107 1183 519
285 1107 365 519
242 365 1183 519
1107 365 1183 519
282 1178 1180 520
284 1178 1184 520
278 1184 1180 520
1178 1184 1180 520
271 1182 1177 521
283 1182 1172 521
284 1172 1177 521
1182 1172 1177 521
286 1183 1169 522
242 1183 1166 522
276 1166 1169 522
1183 1166 1169 522
283 1181 1109 523
2 1181 366 523
285 366 1109 523
1181 366 1109 523
284 1173 1184 524
286 1173 1174 524
278 1174 1184 524
1173 1174 1184 524
48 440 565 525
42 440 563 525
289 563 565 525
440 563 565 525
287 1185 1187 526
307 1185 1186 526
323 1186 1187 526
1185 1186 1187 526
43 367 1188 527
14 367 518 527
288 518 1188 527
367 518 1188 527
23 402 1189 528
36 402 432 528
290 432 1189 528
402 432 1189 528
43 1188 458 529
288 1188 564 529
289 564 458 529
1188 564 458 529
290 434 1132 530
260 434 1138 530
261 1138 1132 530
434 1138 1132 530
23 1189 562 531
290 1189 459 531
289 459 562 531
1189 459 562 531
291 1190 1154 532
299 1190 1191 532
301 1191 1154 532
1190 1191 1154 532
295 694 1193 533
292 694 1192 533
296 1192 1193 533
694 1192 1193 533
262 1194 1143 534
292 1194 430 534
265 430 1143 534
1194 430 1143 534
262 1145 1194 535
291 1145 1195 535
292 1195 1194 535
1145 1195 1194 535
299 1190 715 536
291 1190 1147 536
294 1147 715 536
1190 1147 715 536
292 1196 1192 537
297 1196 1197 537
296 1197 1192 537
1196 1197 1192 537
264 1136 1144 538
294 1136 1146 538
262 1146 1144 538
1136 1146 1144 538
88 1151 714 539
268 1151 1141 539
299 1141 714 539
1151 1141 714 539
4 368 1149 540
295 368 1193 540
296 1193 1149 540
368 1193 1149 540
292 1195 1196 541
291 1195 1153 541
297 1153 1196 541
1195 1153 1196 541
298 1198 1200 542
301 1198 1199 542
270 1199 1200 542
1198 1199 1200 542
293 1148 1201 543
296 1148 1197 543
297 1197 1201 543
1148 1197 1201 543
298 1200 369 544
270 1200 712 544
65 712 369 544
1200 712 369 544
297 1152 1201 545
301 1152 1202 545
293 1202 1201 545
1152 1202 1201 545
301 1191 1203 546
299 1191 1140 546
267 1140 1203 546
1191 1140 1203 546
304 1204 1206 547
311 1204 1205 547
310 1205 1206 547
1204 1205 1206 547
255 1207 1209 548
306 1207 1208 548
310 1208 1209 548
1207 1208 1209 548
270 1199 1158 549
301 1199 1203 549
267 1203 1158 549
1199 1203 1158 549
301 1198 1202 550
298 1198 370 550
293 370 1202 550
1198 370 1202 550
322 1210 1085 551
323 1210 1211 551
11 1211 1085 551
1210 1211 1085 551
309 1212 1214 552
307 1212 1213 552
308 1213 1214 552
1212 1213 1214 552
212 1117 1041 553
300 1117 1124 553
248 1124 1041 553
1117 1124 1041 553
311 1215 1217 554
302 1215 1216 554
309 1216 1217 554
1215 1216 1217 554
302 1215 1035 555
311 1215 1218 555
305 1218 1035 555
1215 1218 1035 555
256 1219 371 556
306 1219 1207 556
255 1207 371 556
1219 1207 371 556
253 1130 1123 557
306 1130 1219 557
256 1219 1123 557
1130 1219 1123 557
300 1116 1127 558
305 1116 1220 558
304 1220 1127 558
1116 1220 1127 558
310 1208 1206 559
306 1208 1128 559
304 1128 1206 559
1208 1128 1206 559
309 1214 1221 560
308 1214 372 560
303 372 1221 560
1214 372 1221 560
302 417 1223 561
11 417 1222 561
307 1222 1223 561
417 1222 1223 561
309 1221 1225 562
303 1221 1224 562
310 1224 1225 562
1221 1224 1225 562
307 1185 1213 563
287 1185 373 563
308 373 1213 563
1185 373 1213 563
307 1212 1223 564
309 1212 1216 564
302 1216 1223 564
1212 1216 1223 564
3 374 375 565
313 374 1226 565
312 1226 375 565
374 1226 375 565
255 1209 376 566
310 1209 1227 566
313 1227 376 566
1209 1227 376 566
305 1218 1220 567
311 1218 1204 567
304 1204 1220 567
1218 1204 1220 567
309 1225 1217 568
310 1225 1205 568
311 1205 1217 568
1225 1205 1217 568
202 904 1228 569
272 904 1068 569
315 1068 1228 569
904 1068 1228 569
310 1224 1229 570
303 1224 377 570
312 377 1229 570
1224 377 1229 570
312 1226 1229 571
313 1226 1227 571
310 1227 1229 571
1226 1227 1229 571
230 1079 378 572
314 1079 1163 572
226 1163 378 572
1079 1163 378 572
275 920 1167 573
315 920 1070 573
273 1070 1167 573
920 1070 1167 573
202 1228 1055 574
315 1228 1162 574
314 1162 1055 574
1228 1162 1055 574
287 1187 379 575
323 1187 1230 575
325 1230 379 575
1187 1230 379 575
229 1231 1078 576
317 1231 425 576
156 425 1078 576
1231 425 1078 576
13 1232 410 577
317 1232 1231 577
229 1231 410 577
1232 1231 410 577
319 1233 1234 578
320 1233 380 578
316 380 1234 578
1233 380 1234 578
156 1082 887 579
318 1082 1115 579
157 1115 887 579
1082 1115 887 579
247 1091 930 580
318 1091 1083 580
236 1083 930 580
1091 1083 930 580
163 931 1236 581
236 931 1235 581
319 1235 1236 581
931 1235 1236 581
236 890 1235 582
321 890 1237 582
319 1237 1235 582
890 1237 1235 582
321 1088 1237 583
320 1088 1233 583
319 1233 1237 583
1088 1233 1237 583
13 1089 1232 584
321 1089 889 584
317 889 1232 584
1089 889 1232 584
319 1238 1236 585
324 1238 1239 585
163 1239 1236 585
1238 1239 1236 585
163 1239 1087 586
324 1239 1240 586
235 1240 1087 586
1239 1240 1087 586
11 1211 1222 587
323 1211 1186 587
307 1186 1222 587
1211 1186 1222 587
325 1230 1241 588
323 1230 1210 588
322 1210 1241 588
1230 1210 1241 588
316 426 1234 589
324 426 1238 589
319 1238 1234 589
426 1238 1234 589
235 1240 1086 590
324 1240 428 590
322 428 1086 590
1240 428 1086 590
322 427 1241 591
316 427 381 591
325 381 1241 591
427 381 1241 591
