           1        9472
time   0.000000E+00
         768
          33   1.0000000000000000     
          34   1.0000000000000000     
          35   1.0000000000000000     
          36   1.0000000000000000     
          37   1.0000000000000000     
          38   1.0000000000000000     
          39   1.0000000000000000     
          40   1.0000000000000000     
          41   1.0000000000000000     
          42   1.0000000000000000     
          43   1.0000000000000000     
          44   1.0000000000000000     
          45   1.0000000000000000     
          46   1.0000000000000000     
          47   1.0000000000000000     
          48   1.0000000000000000     
         193  -1.0000000000000000     
         194  -1.0000000000000000     
         195  -1.0000000000000000     
         196  -1.0000000000000000     
         197  -1.0000000000000000     
         198  -1.0000000000000000     
         199  -1.0000000000000000     
         200  -1.0000000000000000     
         201  -1.0000000000000000     
         202  -1.0000000000000000     
         203  -1.0000000000000000     
         204  -1.0000000000000000     
         205  -1.0000000000000000     
         206  -1.0000000000000000     
         207  -1.0000000000000000     
         208  -1.0000000000000000     
         353   1.0000000000000000     
         354   1.0000000000000000     
         355   1.0000000000000000     
         356   1.0000000000000000     
         357   1.0000000000000000     
         358   1.0000000000000000     
         359   1.0000000000000000     
         360   1.0000000000000000     
         361   1.0000000000000000     
         362   1.0000000000000000     
         363   1.0000000000000000     
         364   1.0000000000000000     
         365   1.0000000000000000     
         366   1.0000000000000000     
         367   1.0000000000000000     
         368   1.0000000000000000     
         625   1.0000000000000000     
         626   1.0000000000000000     
         627   1.0000000000000000     
         628   1.0000000000000000     
         629   1.0000000000000000     
         630   1.0000000000000000     
         631   1.0000000000000000     
         632   1.0000000000000000     
         633   1.0000000000000000     
         634   1.0000000000000000     
         635   1.0000000000000000     
         636   1.0000000000000000     
         637   1.0000000000000000     
         638   1.0000000000000000     
         639   1.0000000000000000     
         640   1.0000000000000000     
         641   1.0000000000000000     
         642   1.0000000000000000     
         643   1.0000000000000000     
         644   1.0000000000000000     
         645   1.0000000000000000     
         646   1.0000000000000000     
         647   1.0000000000000000     
         648   1.0000000000000000     
         649   1.0000000000000000     
         650   1.0000000000000000     
         651   1.0000000000000000     
         652   1.0000000000000000     
         653   1.0000000000000000     
         654   1.0000000000000000     
         655   1.0000000000000000     
         656   1.0000000000000000     
         657   1.0000000000000000     
         658   1.0000000000000000     
         659   1.0000000000000000     
         660   1.0000000000000000     
         661   1.0000000000000000     
         662   1.0000000000000000     
         663   1.0000000000000000     
         664   1.0000000000000000     
         669   1.0000000000000000     
         670   1.0000000000000000     
         671   1.0000000000000000     
         672   1.0000000000000000     
         673   1.0000000000000000     
         674   1.0000000000000000     
         675   1.0000000000000000     
         676   1.0000000000000000     
         677   1.0000000000000000     
         678   1.0000000000000000     
         679   1.0000000000000000     
         680   1.0000000000000000     
         685   1.0000000000000000     
         686   1.0000000000000000     
         687   1.0000000000000000     
         688   1.0000000000000000     
         689   1.0000000000000000     
         690   1.0000000000000000     
         691   1.0000000000000000     
         692   1.0000000000000000     
         693   1.0000000000000000     
         694   1.0000000000000000     
         695   1.0000000000000000     
         696   1.0000000000000000     
         701   1.0000000000000000     
         702   1.0000000000000000     
         703   1.0000000000000000     
         704   1.0000000000000000     
         721   1.0000000000000000     
         722   1.0000000000000000     
         723   1.0000000000000000     
         724   1.0000000000000000     
         725   1.0000000000000000     
         726   1.0000000000000000     
         727   1.0000000000000000     
         728   1.0000000000000000     
         729   1.0000000000000000     
         730   1.0000000000000000     
         731   1.0000000000000000     
         732   1.0000000000000000     
         733   1.0000000000000000     
         734   1.0000000000000000     
         735   1.0000000000000000     
         736   1.0000000000000000     
         801   1.0000000000000000     
         802   1.0000000000000000     
         803   1.0000000000000000     
         804   1.0000000000000000     
         805   1.0000000000000000     
         806   1.0000000000000000     
         807   1.0000000000000000     
         808   1.0000000000000000     
         809   1.0000000000000000     
         810   1.0000000000000000     
         811   1.0000000000000000     
         812   1.0000000000000000     
         813   1.0000000000000000     
         814   1.0000000000000000     
         815   1.0000000000000000     
         816   1.0000000000000000     
         825   1.0000000000000000     
         826   1.0000000000000000     
         827   1.0000000000000000     
         828   1.0000000000000000     
         833   1.0000000000000000     
         834   1.0000000000000000     
         835   1.0000000000000000     
         836   1.0000000000000000     
         837   1.0000000000000000     
         838   1.0000000000000000     
         839   1.0000000000000000     
         840   1.0000000000000000     
         841   1.0000000000000000     
         842   1.0000000000000000     
         843   1.0000000000000000     
         844   1.0000000000000000     
         845   1.0000000000000000     
         846   1.0000000000000000     
         847   1.0000000000000000     
         848   1.0000000000000000     
         865   1.0000000000000000     
         866   1.0000000000000000     
         867   1.0000000000000000     
         868   1.0000000000000000     
         881   1.0000000000000000     
         882   1.0000000000000000     
         883   1.0000000000000000     
         884   1.0000000000000000     
         885   1.0000000000000000     
         886   1.0000000000000000     
         887   1.0000000000000000     
         888   1.0000000000000000     
         893   1.0000000000000000     
         894   1.0000000000000000     
         895   1.0000000000000000     
         896   1.0000000000000000     
        1041   1.0000000000000000     
        1042   1.0000000000000000     
        1043   1.0000000000000000     
        1044   1.0000000000000000     
        1045   1.0000000000000000     
        1046   1.0000000000000000     
        1047   1.0000000000000000     
        1048   1.0000000000000000     
        1049   1.0000000000000000     
        1050   1.0000000000000000     
        1051   1.0000000000000000     
        1052   1.0000000000000000     
        1053   1.0000000000000000     
        1054   1.0000000000000000     
        1055   1.0000000000000000     
        1056   1.0000000000000000     
        1093   1.0000000000000000     
        1094   1.0000000000000000     
        1095   1.0000000000000000     
        1096   1.0000000000000000     
        1097   1.0000000000000000     
        1098   1.0000000000000000     
        1099   1.0000000000000000     
        1100   1.0000000000000000     
        1101   1.0000000000000000     
        1102   1.0000000000000000     
        1103   1.0000000000000000     
        1104   1.0000000000000000     
        1265   1.0000000000000000     
        1266   1.0000000000000000     
        1267   1.0000000000000000     
        1268   1.0000000000000000     
        1273   1.0000000000000000     
        1274   1.0000000000000000     
        1275   1.0000000000000000     
        1276   1.0000000000000000     
        1277   1.0000000000000000     
        1278   1.0000000000000000     
        1279   1.0000000000000000     
        1280   1.0000000000000000     
        1377   1.0000000000000000     
        1378   1.0000000000000000     
        1379   1.0000000000000000     
        1380   1.0000000000000000     
        1385   1.0000000000000000     
        1386   1.0000000000000000     
        1387   1.0000000000000000     
        1388   1.0000000000000000     
        1389   1.0000000000000000     
        1390   1.0000000000000000     
        1391   1.0000000000000000     
        1392   1.0000000000000000     
        1417   1.0000000000000000     
        1418   1.0000000000000000     
        1419   1.0000000000000000     
        1420   1.0000000000000000     
        1505   1.0000000000000000     
        1506   1.0000000000000000     
        1507   1.0000000000000000     
        1508   1.0000000000000000     
        1509   1.0000000000000000     
        1510   1.0000000000000000     
        1511   1.0000000000000000     
        1512   1.0000000000000000     
        1513   1.0000000000000000     
        1514   1.0000000000000000     
        1515   1.0000000000000000     
        1516   1.0000000000000000     
        1517   1.0000000000000000     
        1518   1.0000000000000000     
        1519   1.0000000000000000     
        1520   1.0000000000000000     
        1557   1.0000000000000000     
        1558   1.0000000000000000     
        1559   1.0000000000000000     
        1560   1.0000000000000000     
        1565   1.0000000000000000     
        1566   1.0000000000000000     
        1567   1.0000000000000000     
        1568   1.0000000000000000     
        1625   1.0000000000000000     
        1626   1.0000000000000000     
        1627   1.0000000000000000     
        1628   1.0000000000000000     
        1629   1.0000000000000000     
        1630   1.0000000000000000     
        1631   1.0000000000000000     
        1632   1.0000000000000000     
        1745   1.0000000000000000     
        1746   1.0000000000000000     
        1747   1.0000000000000000     
        1748   1.0000000000000000     
        1749   1.0000000000000000     
        1750   1.0000000000000000     
        1751   1.0000000000000000     
        1752   1.0000000000000000     
        1753   1.0000000000000000     
        1754   1.0000000000000000     
        1755   1.0000000000000000     
        1756   1.0000000000000000     
        1757   1.0000000000000000     
        1758   1.0000000000000000     
        1759   1.0000000000000000     
        1760   1.0000000000000000     
        1857   1.0000000000000000     
        1858   1.0000000000000000     
        1859   1.0000000000000000     
        1860   1.0000000000000000     
        1861   1.0000000000000000     
        1862   1.0000000000000000     
        1863   1.0000000000000000     
        1864   1.0000000000000000     
        1865   1.0000000000000000     
        1866   1.0000000000000000     
        1867   1.0000000000000000     
        1868   1.0000000000000000     
        1869   1.0000000000000000     
        1870   1.0000000000000000     
        1871   1.0000000000000000     
        1872   1.0000000000000000     
        2021   1.0000000000000000     
        2022   1.0000000000000000     
        2023   1.0000000000000000     
        2024   1.0000000000000000     
        2049   1.0000000000000000     
        2050   1.0000000000000000     
        2051   1.0000000000000000     
        2052   1.0000000000000000     
        2053   1.0000000000000000     
        2054   1.0000000000000000     
        2055   1.0000000000000000     
        2056   1.0000000000000000     
        2057   1.0000000000000000     
        2058   1.0000000000000000     
        2059   1.0000000000000000     
        2060   1.0000000000000000     
        2061   1.0000000000000000     
        2062   1.0000000000000000     
        2063   1.0000000000000000     
        2064   1.0000000000000000     
        2849   1.0000000000000000     
        2850   1.0000000000000000     
        2851   1.0000000000000000     
        2852   1.0000000000000000     
        2853   1.0000000000000000     
        2854   1.0000000000000000     
        2855   1.0000000000000000     
        2856   1.0000000000000000     
        2857   1.0000000000000000     
        2858   1.0000000000000000     
        2859   1.0000000000000000     
        2860   1.0000000000000000     
        2861   1.0000000000000000     
        2862   1.0000000000000000     
        2863   1.0000000000000000     
        2864   1.0000000000000000     
        3057   1.0000000000000000     
        3058   1.0000000000000000     
        3059   1.0000000000000000     
        3060   1.0000000000000000     
        3069   1.0000000000000000     
        3070   1.0000000000000000     
        3071   1.0000000000000000     
        3072   1.0000000000000000     
        3093   1.0000000000000000     
        3094   1.0000000000000000     
        3095   1.0000000000000000     
        3096   1.0000000000000000     
        3097   1.0000000000000000     
        3098   1.0000000000000000     
        3099   1.0000000000000000     
        3100   1.0000000000000000     
        3101   1.0000000000000000     
        3102   1.0000000000000000     
        3103   1.0000000000000000     
        3104   1.0000000000000000     
        3153   1.0000000000000000     
        3154   1.0000000000000000     
        3155   1.0000000000000000     
        3156   1.0000000000000000     
        3165   1.0000000000000000     
        3166   1.0000000000000000     
        3167   1.0000000000000000     
        3168   1.0000000000000000     
        3297   1.0000000000000000     
        3298   1.0000000000000000     
        3299   1.0000000000000000     
        3300   1.0000000000000000     
        3301   1.0000000000000000     
        3302   1.0000000000000000     
        3303   1.0000000000000000     
        3304   1.0000000000000000     
        3305   1.0000000000000000     
        3306   1.0000000000000000     
        3307   1.0000000000000000     
        3308   1.0000000000000000     
        3309   1.0000000000000000     
        3310   1.0000000000000000     
        3311   1.0000000000000000     
        3312   1.0000000000000000     
        3321   1.0000000000000000     
        3322   1.0000000000000000     
        3323   1.0000000000000000     
        3324   1.0000000000000000     
        4177  -1.0000000000000000     
        4178  -1.0000000000000000     
        4179  -1.0000000000000000     
        4180  -1.0000000000000000     
        4609  -1.0000000000000000     
        4610  -1.0000000000000000     
        4611  -1.0000000000000000     
        4612  -1.0000000000000000     
        4613  -1.0000000000000000     
        4614  -1.0000000000000000     
        4615  -1.0000000000000000     
        4616  -1.0000000000000000     
        4617  -1.0000000000000000     
        4618  -1.0000000000000000     
        4619  -1.0000000000000000     
        4620  -1.0000000000000000     
        4621  -1.0000000000000000     
        4622  -1.0000000000000000     
        4623  -1.0000000000000000     
        4624  -1.0000000000000000     
        5345   1.0000000000000000     
        5346   1.0000000000000000     
        5347   1.0000000000000000     
        5348   1.0000000000000000     
        5353   1.0000000000000000     
        5354   1.0000000000000000     
        5355   1.0000000000000000     
        5356   1.0000000000000000     
        5357   1.0000000000000000     
        5358   1.0000000000000000     
        5359   1.0000000000000000     
        5360   1.0000000000000000     
        5361   1.0000000000000000     
        5362   1.0000000000000000     
        5363   1.0000000000000000     
        5364   1.0000000000000000     
        5365   1.0000000000000000     
        5366   1.0000000000000000     
        5367   1.0000000000000000     
        5368   1.0000000000000000     
        5369   1.0000000000000000     
        5370   1.0000000000000000     
        5371   1.0000000000000000     
        5372   1.0000000000000000     
        5373   1.0000000000000000     
        5374   1.0000000000000000     
        5375   1.0000000000000000     
        5376   1.0000000000000000     
        5393   1.0000000000000000     
        5394   1.0000000000000000     
        5395   1.0000000000000000     
        5396   1.0000000000000000     
        5397   1.0000000000000000     
        5398   1.0000000000000000     
        5399   1.0000000000000000     
        5400   1.0000000000000000     
        5401   1.0000000000000000     
        5402   1.0000000000000000     
        5403   1.0000000000000000     
        5404   1.0000000000000000     
        5405   1.0000000000000000     
        5406   1.0000000000000000     
        5407   1.0000000000000000     
        5408   1.0000000000000000     
        5409   1.0000000000000000     
        5410   1.0000000000000000     
        5411   1.0000000000000000     
        5412   1.0000000000000000     
        5413   1.0000000000000000     
        5414   1.0000000000000000     
        5415   1.0000000000000000     
        5416   1.0000000000000000     
        5417   1.0000000000000000     
        5418   1.0000000000000000     
        5419   1.0000000000000000     
        5420   1.0000000000000000     
        5421   1.0000000000000000     
        5422   1.0000000000000000     
        5423   1.0000000000000000     
        5424   1.0000000000000000     
        5425   1.0000000000000000     
        5426   1.0000000000000000     
        5427   1.0000000000000000     
        5428   1.0000000000000000     
        5429   1.0000000000000000     
        5430   1.0000000000000000     
        5431   1.0000000000000000     
        5432   1.0000000000000000     
        5433   1.0000000000000000     
        5434   1.0000000000000000     
        5435   1.0000000000000000     
        5436   1.0000000000000000     
        5437   1.0000000000000000     
        5438   1.0000000000000000     
        5439   1.0000000000000000     
        5440   1.0000000000000000     
        5445   1.0000000000000000     
        5446   1.0000000000000000     
        5447   1.0000000000000000     
        5448   1.0000000000000000     
        5793  -1.0000000000000000     
        5794  -1.0000000000000000     
        5795  -1.0000000000000000     
        5796  -1.0000000000000000     
        5797  -1.0000000000000000     
        5798  -1.0000000000000000     
        5799  -1.0000000000000000     
        5800  -1.0000000000000000     
        5801  -1.0000000000000000     
        5802  -1.0000000000000000     
        5803  -1.0000000000000000     
        5804  -1.0000000000000000     
        5805  -1.0000000000000000     
        5806  -1.0000000000000000     
        5807  -1.0000000000000000     
        5808  -1.0000000000000000     
        6161  -1.0000000000000000     
        6162  -1.0000000000000000     
        6163  -1.0000000000000000     
        6164  -1.0000000000000000     
        6165  -1.0000000000000000     
        6166  -1.0000000000000000     
        6167  -1.0000000000000000     
        6168  -1.0000000000000000     
        6169  -1.0000000000000000     
        6170  -1.0000000000000000     
        6171  -1.0000000000000000     
        6172  -1.0000000000000000     
        6173  -1.0000000000000000     
        6174  -1.0000000000000000     
        6175  -1.0000000000000000     
        6176  -1.0000000000000000     
        6181  -1.0000000000000000     
        6182  -1.0000000000000000     
        6183  -1.0000000000000000     
        6184  -1.0000000000000000     
        6257   1.0000000000000000     
        6258   1.0000000000000000     
        6259   1.0000000000000000     
        6260   1.0000000000000000     
        6261   1.0000000000000000     
        6262   1.0000000000000000     
        6263   1.0000000000000000     
        6264   1.0000000000000000     
        6269   1.0000000000000000     
        6270   1.0000000000000000     
        6271   1.0000000000000000     
        6272   1.0000000000000000     
        6273  -1.0000000000000000     
        6274  -1.0000000000000000     
        6275  -1.0000000000000000     
        6276  -1.0000000000000000     
        6277  -1.0000000000000000     
        6278  -1.0000000000000000     
        6279  -1.0000000000000000     
        6280  -1.0000000000000000     
        6281  -1.0000000000000000     
        6282  -1.0000000000000000     
        6283  -1.0000000000000000     
        6284  -1.0000000000000000     
        6285  -1.0000000000000000     
        6286  -1.0000000000000000     
        6287  -1.0000000000000000     
        6288  -1.0000000000000000     
        6321  -1.0000000000000000     
        6322  -1.0000000000000000     
        6323  -1.0000000000000000     
        6324  -1.0000000000000000     
        6325  -1.0000000000000000     
        6326  -1.0000000000000000     
        6327  -1.0000000000000000     
        6328  -1.0000000000000000     
        6329  -1.0000000000000000     
        6330  -1.0000000000000000     
        6331  -1.0000000000000000     
        6332  -1.0000000000000000     
        6333  -1.0000000000000000     
        6334  -1.0000000000000000     
        6335  -1.0000000000000000     
        6336  -1.0000000000000000     
        6337  -1.0000000000000000     
        6338  -1.0000000000000000     
        6339  -1.0000000000000000     
        6340  -1.0000000000000000     
        6341  -1.0000000000000000     
        6342  -1.0000000000000000     
        6343  -1.0000000000000000     
        6344  -1.0000000000000000     
        6345  -1.0000000000000000     
        6346  -1.0000000000000000     
        6347  -1.0000000000000000     
        6348  -1.0000000000000000     
        6349  -1.0000000000000000     
        6350  -1.0000000000000000     
        6351  -1.0000000000000000     
        6352  -1.0000000000000000     
        6353  -1.0000000000000000     
        6354  -1.0000000000000000     
        6355  -1.0000000000000000     
        6356  -1.0000000000000000     
        6357  -1.0000000000000000     
        6358  -1.0000000000000000     
        6359  -1.0000000000000000     
        6360  -1.0000000000000000     
        6361  -1.0000000000000000     
        6362  -1.0000000000000000     
        6363  -1.0000000000000000     
        6364  -1.0000000000000000     
        6365  -1.0000000000000000     
        6366  -1.0000000000000000     
        6367  -1.0000000000000000     
        6368  -1.0000000000000000     
        7025  -1.0000000000000000     
        7026  -1.0000000000000000     
        7027  -1.0000000000000000     
        7028  -1.0000000000000000     
        7329  -1.0000000000000000     
        7330  -1.0000000000000000     
        7331  -1.0000000000000000     
        7332  -1.0000000000000000     
        7345  -1.0000000000000000     
        7346  -1.0000000000000000     
        7347  -1.0000000000000000     
        7348  -1.0000000000000000     
        7349  -1.0000000000000000     
        7350  -1.0000000000000000     
        7351  -1.0000000000000000     
        7352  -1.0000000000000000     
        7353  -1.0000000000000000     
        7354  -1.0000000000000000     
        7355  -1.0000000000000000     
        7356  -1.0000000000000000     
        7357  -1.0000000000000000     
        7358  -1.0000000000000000     
        7359  -1.0000000000000000     
        7360  -1.0000000000000000     
        7541  -1.0000000000000000     
        7542  -1.0000000000000000     
        7543  -1.0000000000000000     
        7544  -1.0000000000000000     
        7689   1.0000000000000000     
        7690   1.0000000000000000     
        7691   1.0000000000000000     
        7692   1.0000000000000000     
        7693   1.0000000000000000     
        7694   1.0000000000000000     
        7695   1.0000000000000000     
        7696   1.0000000000000000     
        7761   1.0000000000000000     
        7762   1.0000000000000000     
        7763   1.0000000000000000     
        7764   1.0000000000000000     
        7769   1.0000000000000000     
        7770   1.0000000000000000     
        7771   1.0000000000000000     
        7772   1.0000000000000000     
        7773   1.0000000000000000     
        7774   1.0000000000000000     
        7775   1.0000000000000000     
        7776   1.0000000000000000     
        7857   1.0000000000000000     
        7858   1.0000000000000000     
        7859   1.0000000000000000     
        7860   1.0000000000000000     
        8757  -1.0000000000000000     
        8758  -1.0000000000000000     
        8759  -1.0000000000000000     
        8760  -1.0000000000000000     
        8849  -1.0000000000000000     
        8850  -1.0000000000000000     
        8851  -1.0000000000000000     
        8852  -1.0000000000000000     
        8853  -1.0000000000000000     
        8854  -1.0000000000000000     
        8855  -1.0000000000000000     
        8856  -1.0000000000000000     
        8857  -1.0000000000000000     
        8858  -1.0000000000000000     
        8859  -1.0000000000000000     
        8860  -1.0000000000000000     
        8861  -1.0000000000000000     
        8862  -1.0000000000000000     
        8863  -1.0000000000000000     
        8864  -1.0000000000000000     
        8865  -1.0000000000000000     
        8866  -1.0000000000000000     
        8867  -1.0000000000000000     
        8868  -1.0000000000000000     
        8869  -1.0000000000000000     
        8870  -1.0000000000000000     
        8871  -1.0000000000000000     
        8872  -1.0000000000000000     
        8877  -1.0000000000000000     
        8878  -1.0000000000000000     
        8879  -1.0000000000000000     
        8880  -1.0000000000000000     
        8881  -1.0000000000000000     
        8882  -1.0000000000000000     
        8883  -1.0000000000000000     
        8884  -1.0000000000000000     
        8885  -1.0000000000000000     
        8886  -1.0000000000000000     
        8887  -1.0000000000000000     
        8888  -1.0000000000000000     
        8889  -1.0000000000000000     
        8890  -1.0000000000000000     
        8891  -1.0000000000000000     
        8892  -1.0000000000000000     
        8893  -1.0000000000000000     
        8894  -1.0000000000000000     
        8895  -1.0000000000000000     
        8896  -1.0000000000000000     
        8929  -1.0000000000000000     
        8930  -1.0000000000000000     
        8931  -1.0000000000000000     
        8932  -1.0000000000000000     
        8933  -1.0000000000000000     
        8934  -1.0000000000000000     
        8935  -1.0000000000000000     
        8936  -1.0000000000000000     
        8937  -1.0000000000000000     
        8938  -1.0000000000000000     
        8939  -1.0000000000000000     
        8940  -1.0000000000000000     
        8941  -1.0000000000000000     
        8942  -1.0000000000000000     
        8943  -1.0000000000000000     
        8944  -1.0000000000000000     
        8977  -1.0000000000000000     
        8978  -1.0000000000000000     
        8979  -1.0000000000000000     
        8980  -1.0000000000000000     
        8981  -1.0000000000000000     
        8982  -1.0000000000000000     
        8983  -1.0000000000000000     
        8984  -1.0000000000000000     
        8985  -1.0000000000000000     
        8986  -1.0000000000000000     
        8987  -1.0000000000000000     
        8988  -1.0000000000000000     
        8989  -1.0000000000000000     
        8990  -1.0000000000000000     
        8991  -1.0000000000000000     
        8992  -1.0000000000000000     
        9033  -1.0000000000000000     
        9034  -1.0000000000000000     
        9035  -1.0000000000000000     
        9036  -1.0000000000000000     
        9037  -1.0000000000000000     
        9038  -1.0000000000000000     
        9039  -1.0000000000000000     
        9040  -1.0000000000000000     
        9073  -1.0000000000000000     
        9074  -1.0000000000000000     
        9075  -1.0000000000000000     
        9076  -1.0000000000000000     
        9077  -1.0000000000000000     
        9078  -1.0000000000000000     
        9079  -1.0000000000000000     
        9080  -1.0000000000000000     
        9081  -1.0000000000000000     
        9082  -1.0000000000000000     
        9083  -1.0000000000000000     
        9084  -1.0000000000000000     
        9085  -1.0000000000000000     
        9086  -1.0000000000000000     
        9087  -1.0000000000000000     
        9088  -1.0000000000000000     
        9097  -1.0000000000000000     
        9098  -1.0000000000000000     
        9099  -1.0000000000000000     
        9100  -1.0000000000000000     
        9393  -1.0000000000000000     
        9394  -1.0000000000000000     
        9395  -1.0000000000000000     
        9396  -1.0000000000000000     
        9405  -1.0000000000000000     
        9406  -1.0000000000000000     
        9407  -1.0000000000000000     
        9408  -1.0000000000000000     
 time    1.0000000000000000E+030
