1 2368 !  dim ndata
time    0.0 
905 
9 0.14223191308955058
10 0.17822602662357162
11 0.17787253092190997
12 0.16611015687834402
13 0.33679631559681555
14 0.38703893526794275
15 0.36500282243318327
16 0.3629460244326471
17 0.5
18 0.5
19 0.5
20 0.5
25 0.015430591203761945
26 0.061722364815047726
27 0.015430591203761945
28 0.030861182407523835
53 0.47771990740740744
54 0.41087962962962976
55 0.47771990740740744
56 0.4554398148148149
89 0.15645085328014185
90 0.12324772828014185
91 0.10822528812056742
92 0.1293079565602837
97 0.35664695508957633
98 0.3781105611623049
99 0.3039453529844188
100 0.34623428974543335
121 0.5
122 0.5
123 0.5
124 0.5
133 0.4113730802891462
134 0.47784327007228666
135 0.47784327007228666
136 0.4556865401445731
157 0.07861759148243191
158 0.01965439787060802
159 0.01965439787060802
160 0.039308795741215985
161 0.09843369620050474
162 0.03925686155012614
163 0.09785061155012614
164 0.07851372310025234
165 0.150390625
166 0.18359375
167 0.216796875
168 0.18359375
169 0.058095079787234105
170 0.01452376994680854
171 0.01452376994680854
172 0.029047539893617025
173 0.1880925142458661
174 0.15151531606146657
175 0.21792156606146657
176 0.18584313212293307
177 0.3903253430106609
178 0.3400827233395337
179 0.3781484534040561
180 0.36951883991808365
181 0.01953125
182 0.01953125
183 0.078125
184 0.0390625
189 0.5
190 0.5
191 0.5
192 0.5
201 0.019725611550126143
202 0.019725611550126143
203 0.07890244620050474
204 0.03945122310025234
205 0.03626392453709526
206 0.08255569814838104
207 0.09876392453709526
208 0.07252784907419052
209 0.0776263297872341
210 0.09264876994680854
211 0.03405501994680854
212 0.06811003989361702
213 0.20476922612683063
214 0.20476922612683063
215 0.2682956545073225
216 0.2259447022536613
217 0.0949144110746305
218 0.08484167623940236
219 0.03595121746280655
220 0.07190243492561316
221 0.16751856161347517
222 0.11929299645390073
223 0.16751856161347517
224 0.1514433732269504
225 0.21217066694976677
226 0.24199971876536724
227 0.24782792687706934
228 0.23399943753073443
233 0.27145267277618723
234 0.329982482993047
235 0.2772808808878895
236 0.2929053455523746
237 0.01457745858201942
238 0.05830983432807768
239 0.01457745858201942
240 0.02915491716403884
249 0.4849978054298627
250 0.4399912217194508
251 0.4849978054298627
252 0.4699956108597254
253 0.5
254 0.5
255 0.5
256 0.5
257 0.20175632207568456
258 0.20210981777734616
259 0.23776707770464872
260 0.2138777391858931
261 0.12957426094492602
262 0.1661514591293256
263 0.13015734559530462
264 0.1419610218898521
265 0.39369000471077664
266 0.36919742778954967
267 0.3272971342369714
268 0.36339485557909923
273 0.1096412633724499
274 0.12508572227677012
275 0.1607263401091295
276 0.13181777525278315
277 0.10781914597002357
278 0.1052597481047961
279 0.15608534007760727
280 0.12305474471747568
285 0.24704615440869349
286 0.21758491118735207
287 0.2676458608561152
288 0.24409230881738692
289 0.2796177045324505
290 0.30994100791294243
291 0.33814751474931015
292 0.3092354090649011
293 0.249040059460164
294 0.215836934460164
295 0.2793633628406559
296 0.24808011892032794
297 0.15321642287234044
298 0.104990857712766
299 0.1103100066489362
300 0.12283909574468083
301 0.17608015295831758
302 0.13317373673491345
303 0.19644577805667468
304 0.16856655591663522
305 0.335810252495209
306 0.2987361773358269
307 0.372901385513713
308 0.33581593844824964
309 0.3566143420424165
310 0.352247683039861
311 0.397210373530383
312 0.36869079953755346
313 0.2260001004379128
314 0.2620108560668769
315 0.2990849312262589
316 0.2623652959103495
317 0.13061017679664816
318 0.11440195040793388
319 0.1636489335753068
320 0.1362203535932962
329 0.2589863036301303
330 0.2987827144221641
331 0.24614880372848735
332 0.2679726072602606
333 0.28409880359734463
334 0.34659880359734463
335 0.3238952143893784
336 0.31819760719468926
337 0.4493234358949695
338 0.4873308589737424
339 0.4873308589737424
340 0.4746617179474848
341 0.21365053554309998
342 0.21391002030696854
343 0.28699485109531464
344 0.23818513564846105
345 0.0934799047825241
346 0.07803544587820388
347 0.03430307013214562
348 0.06860614026429118
349 0.1722605663680914
350 0.12143497439528012
351 0.17252005113195984
352 0.15540519729844382
353 0.18550121759394939
354 0.12222917627218804
355 0.13230191110741618
356 0.14667743499118452
357 0.20737910578141872
358 0.22774473087977576
359 0.25836954802731793
360 0.2311644615628375
361 0.016296819592198586
362 0.016296819592198586
363 0.06518727836879434
364 0.032593639184397116
365 0.33178733128634963
366 0.3603799539393302
367 0.30977823774021496
368 0.3339818409886316
369 0.46875
370 0.4375
371 0.40625
372 0.4375
373 0.4851886410172064
374 0.4851886410172064
375 0.4407545640688255
376 0.47037728203441276
377 0.06132106453727465
378 0.18632106453727465
379 0.1202842581490986
380 0.12264212907454936
385 0.3886129854686565
386 0.32222011499485126
387 0.3488893508210692
388 0.353240817094859
393 0.48762165792053536
394 0.45048663168214187
395 0.48762165792053536
396 0.47524331584107093
397 0.3128120143589487
398 0.3171786733615042
399 0.23946769880673396
400 0.28981946217572896
401 0.07971104831560288
402 0.07439189937943264
403 0.03082058953900707
404 0.0616411790780142
405 0.22370856457006033
406 0.21087106466841737
407 0.15767175818188428
408 0.19741712914012072
417 0.29829960859656224
418 0.34019990214914053
419 0.27769990214914053
420 0.3053998042982812
425 0.38368944867192867
426 0.461420506398289
427 0.4234130833195161
428 0.42284101279657793
429 0.4284901025616361
430 0.466497525640409
431 0.403997525640409
432 0.43299505128081817
437 0.020833333333333315
438 0.020833333333333315
439 0.08333333333333331
440 0.041666666666666685
441 0.23203350653217986
442 0.3097444810869501
443 0.283075245260732
444 0.27495107762662063
469 0.4141020445933524
470 0.4394630111483382
471 0.4707130111483382
472 0.44142602229667627
473 0.48958333333333337
474 0.48958333333333337
475 0.45833333333333337
476 0.47916666666666663
477 0.22176604020879703
478 0.2727564824546963
479 0.2852924685892889
480 0.25993833041759407
481 0.306620535269701
482 0.35722225146881625
483 0.3191565214042936
484 0.3276664360476036
485 0.28270272662466256
486 0.2520779094771205
487 0.3047118201707971
488 0.2798308187575268
489 0.37784880359734463
490 0.40909880359734463
491 0.3551452143893784
492 0.38069760719468926
493 0.3571082255377166
494 0.4110618147456827
495 0.38570084819069705
496 0.3846236294913655
521 0.4215328377699794
522 0.4803832094424949
523 0.4803832094424949
524 0.4607664188849896
569 0.5
570 0.5
571 0.5
572 0.5
579 0.5
601 0.5
602 0.5
603 0.5
604 0.5
637 0.5
638 0.5
639 0.5
640 0.5
645 0.5
646 0.5
647 0.5
648 0.5
721 0.5
722 0.5
723 0.5
724 0.5
741 0.5
742 0.5
743 0.5
744 0.5
745 0.5
746 0.5
747 0.5
748 0.5
749 0.5
750 0.5
751 0.5
752 0.5
753 0.5
754 0.5
755 0.5
756 0.5
757 0.5
758 0.5
759 0.5
760 0.5
761 0.5
762 0.5
763 0.5
764 0.5
861 0.5
862 0.5
863 0.5
864 0.5
865 0.5
866 0.5
867 0.5
868 0.5
869 0.5
870 0.5
871 0.5
872 0.5
873 0.5
874 0.5
875 0.5
876 0.5
881 0.5
882 0.5
883 0.5
884 0.5
885 0.2834473977883576
886 0.3104042854829274
887 0.356832703458861
888 0.3168947955767154
889 0.10023318857981134
890 0.037680393855325844
891 0.08816878069681766
892 0.07536078771065147
901 0.5
902 0.5
903 0.5
904 0.5
905 0.4663183188322112
906 0.42188424188383034
907 0.40970735227722554
908 0.4326366376644223
917 0.3965617213063526
918 0.4185978341411122
919 0.46303191108949304
920 0.42606382217898586
921 0.5
922 0.5
923 0.5
924 0.5
925 0.5
926 0.5
927 0.5
928 0.5
929 0.3716469022250035
930 0.3788825795680222
931 0.33245416159208907
932 0.36099454779503826
933 0.5
934 0.5
935 0.5
936 0.5
937 0.5
938 0.5
939 0.5
940 0.5
945 0.5
946 0.5
947 0.5
948 0.5
949 0.5
950 0.5
951 0.5
952 0.5
953 0.5
954 0.5
955 0.5
956 0.5
957 0.5
958 0.5
959 0.5
960 0.5
961 0.5
962 0.5
963 0.5
964 0.5
965 0.5
966 0.5
967 0.5
968 0.5
969 0.5
970 0.5
971 0.5
972 0.5
973 0.5
974 0.5
975 0.5
976 0.5
977 0.5
978 0.5
979 0.5
980 0.5
981 0.5
982 0.5
983 0.5
984 0.5
985 0.5
986 0.5
987 0.5
988 0.5
989 0.5
990 0.5
991 0.5
992 0.5
993 0.5
994 0.5
995 0.5
996 0.5
997 0.03854341272136885
998 0.10556256582520374
999 0.08715449778164008
1000 0.0770868254427377
1001 0.5
1002 0.5
1003 0.5
1004 0.5
1005 0.5
1006 0.5
1007 0.5
1008 0.5
1009 0.5
1010 0.5
1011 0.5
1012 0.5
1013 0.5
1014 0.5
1015 0.5
1016 0.5
1017 0.42975154502724666
1018 0.4824378862568117
1019 0.4824378862568117
1020 0.4648757725136232
1021 0.5
1022 0.5
1023 0.5
1024 0.5
1025 0.5
1026 0.5
1027 0.5
1028 0.5
1029 0.38398024761872174
1030 0.4245762791066884
1031 0.461711305345082
1032 0.42342261069016407
1033 0.40024697406368104
1034 0.4081185315356992
1035 0.36315584104517706
1036 0.39050711554818573
1037 0.5
1038 0.5
1039 0.5
1040 0.5
1041 0.5
1042 0.5
1043 0.5
1044 0.5
1065 0.5
1066 0.5
1067 0.5
1068 0.5
1073 0.5
1074 0.5
1075 0.5
1076 0.5
1085 0.5
1086 0.5
1087 0.5
1088 0.5
1089 0.5
1090 0.5
1091 0.5
1092 0.5
1093 0.5
1094 0.5
1095 0.5
1096 0.5
1101 0.441128435223501
1102 0.316128435223501
1103 0.38951374089400415
1104 0.3822568704470022
1105 0.5
1106 0.5
1107 0.5
1108 0.5
1109 0.5
1110 0.5
1111 0.5
1112 0.5
1113 0.5
1114 0.5
1115 0.5
1116 0.5
1117 0.46284107550214915
1118 0.4178344917917375
1119 0.3963708857190089
1120 0.4256821510042985
1121 0.43548443711200446
1122 0.4276128796399864
1123 0.4726194633503983
1124 0.44523892670079634
1125 0.5
1126 0.5
1127 0.5
1128 0.5
1129 0.5
1130 0.5
1131 0.5
1132 0.5
1133 0.09604221616760245
1134 0.04555382932611063
1135 0.13172693046295048
1136 0.09110765865222104
1145 0.39523866971504673
1146 0.4151560677490753
1147 0.4620789474928244
1148 0.42415789498564904
1149 0.41836748278598734
1150 0.4631961992027336
1151 0.39761351322768035
1152 0.42639239840546694
1157 0.5
1158 0.5
1159 0.5
1160 0.5
1161 0.08546063008500826
1162 0.02136515752125212
1163 0.02136515752125212
1164 0.04273031504250402
1169 0.3941420333497214
1170 0.4566420333497214
1171 0.3890681333988857
1172 0.4132840666994426
1173 0.4074714524346541
1174 0.3933175158864415
1175 0.46015779366421916
1176 0.4203155873284381
1177 0.2213509223044252
1178 0.19962094727493418
1179 0.25971520724920527
1180 0.22689569227618822
1181 0.3095501547753301
1182 0.3095501547753301
1183 0.3605964524346541
1184 0.3265655873284381
1185 0.3728939061383578
1186 0.32184760847903404
1187 0.358739969590145
1188 0.35116049473584554
1193 0.05166452457540527
1194 0.13963894519778575
1195 0.11868367767924037
1196 0.10332904915081031
1197 0.3590634829389012
1198 0.3173782003882426
1199 0.3789808809729298
1200 0.35180752143335803
1201 0.340126896557188
1202 0.3032345354460768
1203 0.2984416140065296
1204 0.31393434866993153
1205 0.4618344067684719
1206 0.41491152702472256
1207 0.3942605068176359
1208 0.4236688135369435
1213 0.016203695020090336
1214 0.06481478008036201
1215 0.016203695020090336
1216 0.032407390040180895
1217 0.250799470118646
1218 0.256297705395075
1219 0.18184241882734598
1220 0.2296465314470224
1221 0.35106020153059725
1222 0.3046103058765679
1223 0.356134101481433
1224 0.33726820296286597
1245 0.2725033022307983
1246 0.21240904225652724
1247 0.2725033022307983
1248 0.2524718822393748
1249 0.02083333333333326
1250 0.08333333333333326
1251 0.02083333333333326
1252 0.04166666666666674
1389 0.5
1390 0.5
1391 0.5
1392 0.5
1397 0.5
1398 0.5
1399 0.5
1400 0.5
1401 0.5
1402 0.5
1403 0.5
1404 0.5
1405 0.5
1406 0.5
1407 0.5
1408 0.5
1409 0.5
1410 0.5
1411 0.5
1412 0.5
1413 0.5
1414 0.5
1415 0.5
1416 0.5
1417 0.5
1418 0.5
1419 0.5
1420 0.5
1421 0.5
1422 0.5
1423 0.5
1424 0.5
1425 0.5
1426 0.5
1427 0.5
1428 0.5
1429 0.4374361603416681
1430 0.48435904008541697
1431 0.48435904008541697
1432 0.46871808017083416
1433 0.5
1434 0.5
1435 0.5
1436 0.5
1437 0.5
1438 0.5
1439 0.5
1440 0.5
1441 0.16188779753369675
1442 0.20723807897554258
1443 0.22688414034602755
1444 0.1986700056184223
1445 0.2537768721415625
1446 0.23815060087168027
1447 0.28073375983613236
1448 0.25755374428312483
1477 0.5
1478 0.5
1479 0.5
1480 0.5
1481 0.5
1482 0.5
1483 0.5
1484 0.5
1485 0.16769462251839418
1486 0.18942459754788565
1487 0.13200990822304637
1488 0.16304304276310866
1489 0.467494980784563
1490 0.42266626436781674
1491 0.4148086395549979
1492 0.4349899615691257
1493 0.33061323112574326
1494 0.25409899326712804
1495 0.29246327821190765
1496 0.29239183420159276
1497 0.08340372629931392
1498 0.020850931574828424
1499 0.020850931574828424
1500 0.04170186314965707
1501 0.47813910467498233
1502 0.4125564186999291
1503 0.47813910467498233
1504 0.45627820934996444
1505 0.38808871807152023
1506 0.32918479559937786
1507 0.38023109325870164
1508 0.36583486897653317
1509 0.48505709452775125
1510 0.440228378111005
1511 0.48505709452775125
1512 0.4701141890555025
1513 0.32488601401754846
1514 0.3837899364896906
1515 0.36303596693138407
1516 0.3572373058128744
1521 0.21653520508237212
1522 0.2675436911378253
1523 0.27233661257737296
1524 0.2521385029325236
1529 0.47916666666666674
1530 0.41666666666666674
1531 0.47916666666666674
1532 0.45833333333333326
1565 0.1568462522595529
1566 0.18988500903821154
1567 0.2193462522595529
1568 0.18869250451910574
1573 0.08333333333333326
1574 0.02083333333333326
1575 0.02083333333333326
1576 0.04166666666666674
1593 0.20429129562821902
1594 0.24131687500583854
1595 0.25229307940097345
1596 0.23263375001167685
1629 0.0168294622804972
1630 0.06731784912198902
1631 0.0168294622804972
1632 0.03365892456099462
1633 0.26750564677951494
1634 0.24785958540902975
1635 0.32437382326764497
1636 0.2799130184853966
1637 0.18080761043558202
1638 0.15528018039870628
1639 0.2202765232110373
1640 0.1854547713484418
1641 0.3996719424449615
1642 0.3929396281424238
1643 0.458522314117477
1644 0.41704462823495425
1645 0.22584400912546698
1646 0.20455050515671047
1647 0.26842716808991907
1648 0.23294056079069914
1649 0.14275187299504744
1650 0.18803012916140882
1651 0.1411564004312913
1652 0.1573128008625826
1653 0.11276380121976737
1654 0.1382912312566431
1655 0.05021100649528232
1656 0.10042201299056419
1657 0.19810142557079757
1658 0.2539028330657984
1659 0.19380857309152688
1660 0.2152709439093743
1661 0.13620088063525504
1662 0.12413647275226136
1663 0.18155116207710087
1664 0.1472961718215391
1677 0.21060897475894347
1678 0.25007788753439897
1679 0.2744856376921525
1680 0.24505749999516513
1681 0.05072523244170579
1682 0.1388054572030668
1683 0.11482070500546171
1684 0.10145046488341136
1685 0.3588549882905667
1686 0.29525449749989896
1687 0.35212267398802943
1688 0.3354107199261651
1689 0.46317831133266263
1690 0.4115636170031658
1691 0.40432793966014713
1692 0.42635662266532504
1709 0.33699206813171156
1710 0.2854682725268465
1711 0.27449206813171156
1712 0.29898413626342335
1713 0.2947666877101849
1714 0.2892684524337559
1715 0.3357183480877852
1716 0.3065844960772417
1717 0.37873634024857705
1718 0.3171336596638905
1719 0.3580853200414904
1720 0.35131843998465295
1721 0.11265814020746023
1722 0.1381325608298407
1723 0.05015814020746023
1724 0.10031628041492024
1725 0.06809862488490581
1726 0.01702465622122662
1727 0.01702465622122662
1728 0.03404931244245302
1729 0.16667233523433822
1730 0.24112762180206704
1731 0.19011913574661388
1732 0.19930636426100623
1737 0.022339717701278516
1738 0.022339717701278516
1739 0.0893588708051134
1740 0.04467943540255681
1745 0.15384962272946434
1746 0.114457637777033
1747 0.11199475417362525
1748 0.12676733822670738
1801 0.16145790957670592
1802 0.20833163830682366
1803 0.22395790957670592
1804 0.19791581915341183
1805 0.17526336677977272
1806 0.19655687074852923
1807 0.15127861458216763
1808 0.17436628403682275
1809 0.4827951018901677
1810 0.4827951018901677
1811 0.4311804075606709
1812 0.46559020378033544
1813 0.28443435538977346
1814 0.3480348461804412
1815 0.30884210554752656
1816 0.3137704357059139
1817 0.232966130435585
1818 0.1640090791442852
1819 0.1849643466628308
1820 0.1939798520809004
1821 0.21682480687412675
1822 0.17979922749650723
1823 0.15432480687412675
1824 0.18364961374825373
1825 0.13571788369724058
1826 0.15916468420951624
1827 0.11730981565367693
1828 0.1373974611868114
1829 0.1663702947549872
1830 0.16207744227571652
1831 0.1269783098025561
1832 0.15180868227775335
1853 0.5
1854 0.5
1855 0.5
1856 0.5
1857 0.5
1858 0.5
1859 0.5
1860 0.5
1861 0.5
1862 0.5
1863 0.5
1864 0.5
1865 0.5
1866 0.5
1867 0.5
1868 0.5
1869 0.5
1870 0.5
1871 0.5
1872 0.5
1877 0.5
1878 0.5
1879 0.5
1880 0.5
1893 0.20743756709364192
1894 0.20645677803385282
1895 0.257498516762405
1896 0.22379762062996655
1905 0.07374042553183963
1906 0.07629982339706709
1907 0.030008049785781366
1908 0.060016099571562675
1909 0.17433492281492996
1910 0.12508793964755704
1911 0.1733541337551408
1912 0.15759233207254253
1993 0.10469849085458538
1994 0.04219849085458538
1995 0.10629396341834152
1996 0.08439698170917076
2317 0.04574902326683983
2318 0.09682299193051924
2319 0.13192212440367967
2320 0.09149804653367966
2321 0.08183943630158841
2322 0.08430231990499615
2323 0.033228351241316956
2324 0.06645670248263369
time 1e+30
