   1.0000000000000001E-015
   6.5032923644538464E-003
   2.8693821629305683E-015
   1.0000000000000001E-015
   1.0000000000000001E-015
   1.0000000000000001E-015
   3.7874327773616120E-003
   1.0000000000000001E-015
   1.0000000000000001E-015
   6.5700725855293837E-002
   1.5030436937532590E-003
   5.5602367587015894E-002
   3.7874327773525932E-003
   1.0000000000000001E-015
   1.6387269887161934E-002
   1.0000000000000001E-015
   1.0000000000000001E-015
   1.0000000000000001E-015
   1.0000000000000001E-015
   1.0000000000000001E-015
   1.0000000000000001E-015
   1.5030436937609449E-003
   1.5030436937586761E-003
   3.7874327773565948E-003
   1.0000000000000001E-015
   1.0000000000000001E-015
   1.0000000000000001E-015
  0.36197260889230959     
   6.1688795577001473E-015
  0.36197260889228622     
   3.7874327771949350E-003
   4.6337224441843441E-015
   1.0000000000000001E-015
   1.5030436936498803E-003
   1.1379104472132987E-015
   9.6290944659407328E-015
   1.3274728370015951E-015
   1.0000000000000001E-015
   6.5032923642392168E-003
   1.0000000000000001E-015
   2.0549314451625012E-015
   2.8138111854830419E-002
   1.0000000000000001E-015
   3.2382094745023619E-002
   1.5030436937528216E-003
   1.0000000000000001E-015
   1.0000000000000001E-015
   1.0000000000000001E-015
   1.0000000000000001E-015
   1.5030436937623942E-003
   1.0000000000000001E-015
   1.0000000000000001E-015
   1.0000000000000001E-015
   1.5030436937611893E-003
   1.0000000000000001E-015
   1.0000000000000001E-015
   1.0000000000000001E-015
   1.0000000000000001E-015
   1.4439593770928217E-003
   1.0000000000000001E-015
   1.0000000000000001E-015
   1.9335364431389387E-002
   9.1685705354900508E-003
   3.6385496283115478E-003
   4.8722065308071751E-002
   1.0000000000000001E-015
   1.0000000000000001E-015
   1.4439593769737663E-003
   1.0000000000000001E-015
   3.5324705963669274E-002
   3.6385496282807738E-003
  0.27309591888287910     
  0.37737470296697950     
   1.0000000000000001E-015
   1.0000000000000001E-015
   3.0535647187547852E-015
  0.27309591888264978     
   2.1489927295845059E-014
   1.0000000000000001E-015
   2.4646553987813307E-015
   4.5370231735166983E-014
   1.0000000000000001E-015
   1.5844962834603674E-015
   1.5030436936539790E-003
   1.0000000000000001E-015
   1.0000000000000001E-015
   1.0000000000000001E-015
   1.5030436937547534E-003
   6.4266059750751884E-015
   3.9524157155107468E-015
   1.0000000000000001E-015
   1.6272900978904195E-014
   3.7874327773455342E-003
   1.6387269887219644E-002
   1.0000000000000001E-015
   1.0000000000000001E-015
  0.10482415119543566     
   1.0000000000000001E-015
   1.0000000000000001E-015
   7.6203761139860660E-002
   3.5520156601921599E-015
   6.8914996372924069E-003
   1.5030436936475592E-003
   1.0000000000000001E-015
   1.0000000000000001E-015
   1.0000000000000001E-015
   1.0000000000000001E-015
   1.5030436938365235E-003
   4.4118655632372474E-015
   5.9956614711671315E-014
   1.0000000000000001E-015
   3.7874327773210581E-003
   1.0000000000000001E-015
   1.0000000000000001E-015
   1.0000000000000001E-015
   6.5032923643938562E-003
   1.0000000000000001E-015
  0.12174653919475532     
   1.0000000000000001E-015
   1.0000000000000001E-015
  0.29272440447185766     
   1.0520234935029032E-014
   1.5030436937313095E-003
   1.0000000000000001E-015
   1.9749494293651082E-015
   4.8004142260869173E-015
   1.0000000000000001E-015
   2.6332317472229446E-015
   1.0000000000000001E-015
   1.5030436937577074E-003
  0.10987316054670428     
   1.0000000000000001E-015
   1.0000000000000001E-015
   2.7733627401416598E-015
   1.0000000000000001E-015
   1.5030436937543575E-003
   1.0000000000000001E-015
   1.8193209835998764E-015
   3.7874327773619876E-003
   1.0000000000000001E-015
   1.2419603473106280E-003
   1.0000000000000001E-015
   1.0000000000000001E-015
   1.0238191642780920E-004
   1.0000000000000001E-015
   1.0000000000000001E-015
   3.4545697742169056E-003
   6.5700725855258671E-002
   1.5030436937460785E-003
   3.6770131752316262E-002
   1.0000000000000001E-015
   1.0000000000000001E-015
   1.0000000000000001E-015
   1.0000000000000001E-015
   1.0000000000000001E-015
   1.0000000000000001E-015
   1.0000000000000001E-015
   1.6647526185314605E-015
   1.5030436937237489E-003
   7.0120604225452310E-015
   1.0000000000000001E-015
   1.0000000000000001E-015
   2.6017490343219830E-015
   1.0000000000000001E-015
   1.0000000000000001E-015
   5.9306349810072986E-015
   1.0000000000000001E-015
   1.1908310588006823E-014
   1.5030436936964773E-003
   1.5030436937603540E-003
   1.0000000000000001E-015
   1.0000000000000001E-015
   1.0000000000000001E-015
   1.0000000000000001E-015
   2.2962846313531962E-013
   3.8210171790531094E-015
   1.0000000000000001E-015
   1.0000000000000001E-015
  0.26597959135939381     
   1.0000000000000001E-015
   1.0000000000000001E-015
  0.25891055085017889     
   1.0728382443693887E-015
   1.0000000000000001E-015
   1.0000000000000001E-015
   1.0000000000000001E-015
   4.4763507961402124E-014
   1.0000000000000001E-015
   1.0000000000000001E-015
   1.0000000000000001E-015
   7.4500716274562907E-014
   1.0000000000000001E-015
   1.0000000000000001E-015
   1.0000000000000001E-015
   1.0000000000000001E-015
   1.0000000000000001E-015
   1.0000000000000001E-015
   1.5030436937597683E-003
   4.5561171027221429E-015
   1.5030436937580871E-003
   1.3267905688268703E-015
   1.0000000000000001E-015
   1.0000000000000001E-015
   5.7575913409272022E-015
   1.5030436937609032E-003
   1.5030436937577731E-003
   2.0126534056058465E-002
   3.2382094744720626E-002
   1.0000000000000001E-015
   5.0864280707503768E-015
   1.5030436937615078E-003
   4.8629321160955029E-015
   1.0000000000000001E-015
   1.0000000000000001E-015
   1.0000000000000001E-015
   1.6922808867433213E-015
   1.5030436937693229E-003
   1.0000000000000001E-015
   1.0000000000000001E-015
   4.5944064065898217E-002
   1.0000000000000001E-015
   1.0000000000000001E-015
   3.7874327773936337E-003
   1.5030436937561210E-003
   1.0821874302473189E-015
   2.1680308280315156E-015
   3.7874327774084574E-003
   1.0000000000000001E-015
   1.0000000000000001E-015
   9.5437325624658041E-003
   1.0000000000000001E-015
   1.0000000000000001E-015
   1.6606753500512192E-015
   1.5030436937296763E-003
   1.0000000000000001E-015
   1.5051422243889328E-015
   1.5030436937050415E-003
   1.5030436937600619E-003
   1.0000000000000001E-015
   6.5032923644631532E-003
   3.5234744879046218E-015
   1.5030436937391561E-003
   7.8845701313674188E-015
   1.0000000000000001E-015
   1.0000000000000001E-015
   3.7874327773356870E-003
   1.0000000000000001E-015
   1.0000000000000001E-015
   1.5030436937812038E-003
   3.8988917072059109E-015
   3.7874327773451994E-003
   1.5030436937442436E-003
   1.0000000000000001E-015
   1.0000000000000001E-015
   1.0000000000000001E-015
   6.5032923644276382E-003
   1.0000000000000001E-015
   1.0000000000000001E-015
   3.7874327773466652E-003
   1.0000000000000001E-015
   1.0000000000000001E-015
   1.0000000000000001E-015
   1.0000000000000001E-015
   1.0000000000000001E-015
   1.5030436937622529E-003
   2.7786150685616726E-015
   1.2850842815680000E-002
   1.0000000000000001E-015
   1.0000000000000001E-015
   1.0000000000000001E-015
   1.6387269887187177E-002
   1.0000000000000001E-015
   1.0000000000000001E-015
   1.0000000000000001E-015
   1.0000000000000001E-015
   1.5030436937665834E-003
   1.0000000000000001E-015
   1.2850842815676805E-002
   1.0000000000000001E-015
   1.0000000000000001E-015
   1.0000000000000001E-015
   2.8568514927663349E-014
   1.0410592024416094E-014
   9.5437325625160156E-003
   1.0000000000000001E-015
   1.6207852767068857E-015
   1.0000000000000001E-015
   1.0000000000000001E-015
   1.2850842815720107E-002
   3.0134794918858747E-014
   1.5030436936653915E-003
   1.0000000000000001E-015
   4.2775851844880200E-015
   1.0000000000000001E-015
   1.0000000000000001E-015
   1.0000000000000001E-015
   1.0000000000000001E-015
   1.5969758058766666E-012
   3.7874327767971421E-003
   1.0000000000000001E-015
   1.0000000000000001E-015
   4.1277802124095276E-003
   2.4811152406129750E-014
   3.7874327773530446E-003
   1.5030436937647266E-003
   1.5030436937568967E-003
   1.7760123699673418E-015
   1.0000000000000001E-015
   1.5030436937611253E-003
   1.5030436937620241E-003
   6.5032923644426713E-003
   1.0000000000000001E-015
   1.5030436937597334E-003
   1.0000000000000001E-015
   1.5030436937461776E-003
   3.4539384128207352E-015
   6.5032923645465899E-003
   1.0000000000000001E-015
  0.32304725049952476     
   1.3192350099922019E-015
  0.36197260889230437     
   1.1891801322106376E-015
   1.0000000000000001E-015
   1.0000000000000001E-015
   4.3893186838216988E-014
   1.0000000000000001E-015
   1.4439593768854561E-003
   1.0000000000000001E-015
   1.0000000000000001E-015
   4.5850884155481660E-015
   1.5030436937493083E-003
   1.0000000000000001E-015
   1.0000000000000001E-015
   1.0000000000000001E-015
   1.0000000000000001E-015
   1.0000000000000001E-015
   1.0000000000000001E-015
  0.26950472217884014     
   1.0000000000000001E-015
   1.0000000000000001E-015
   1.6387269887214298E-002
  0.21943403697356953     
   1.0000000000000001E-015
   1.6387269887085682E-002
   1.0000000000000001E-015
   1.0000000000000001E-015
   1.2850842815681940E-002
   2.2528162618641126E-014
   1.0500943788175335E-015
   1.0000000000000001E-015
   1.0000000000000001E-015
   1.5030436937608792E-003
   3.0383617519900273E-014
   1.5030436938472621E-003
   1.0758650072320109E-015
   1.5030436936719258E-003
   2.7620272041571646E-015
   1.0000000000000001E-015
   1.0000000000000001E-015
   1.0000000000000001E-015
   3.7874327773494095E-003
   1.5030436937579022E-003
   1.0000000000000001E-015
   1.5030436937609533E-003
   1.0000000000000001E-015
   1.0000000000000001E-015
   1.0000000000000001E-015
   1.5030436936956833E-003
   1.0000000000000001E-015
   1.0000000000000001E-015
   1.0437696051946846E-015
   3.8343198516820236E-014
   1.5030436937547844E-003
   1.0000000000000001E-015
   1.1132251438179904E-015
   1.8785405281215169E-015
   1.0000000000000001E-015
   1.0000000000000001E-015
   2.8756590294355314E-015
   1.0000000000000001E-015
   1.4869530041624866E-015
   1.0000000000000001E-015
  0.36197260889229954     
   1.0000000000000001E-015
  0.36197260889230110     
   1.0000000000000001E-015
   1.7200609253788347E-015
   1.0000000000000001E-015
   1.0000000000000001E-015
   6.5032923644454425E-003
   1.0000000000000001E-015
   1.0000000000000001E-015
   1.0000000000000001E-015
   1.0000000000000001E-015
   1.1089276270203955E-015
   1.0000000000000001E-015
   6.5032923643415959E-003
   1.5030436937578545E-003
   1.0000000000000001E-015
   1.1113825113614716E-015
   3.7874327773628168E-003
   6.5032923644306991E-003
   1.0000000000000001E-015
   1.0000000000000001E-015
   1.0000000000000001E-015
   1.0000000000000001E-015
   2.0126534056711047E-002
   3.6770131752744566E-002
   1.0000000000000001E-015
   1.0000000000000001E-015
   1.0000000000000001E-015
   1.0000000000000001E-015
   1.0000000000000001E-015
   1.0000000000000001E-015
   1.0000000000000001E-015
   1.0000000000000001E-015
   1.0000000000000001E-015
   1.0000000000000001E-015
   3.7874327773311667E-003
   1.5030436937826107E-003
   1.5215077601316717E-015
   9.5437325625155386E-003
   2.7599565682288951E-015
   1.0000000000000001E-015
   2.8165687786051174E-015
   6.5032923637988339E-003
   5.0715687838191408E-002
   3.7874327773971244E-003
   1.0000000000000001E-015
   1.0000000000000001E-015
   1.0000000000000001E-015
   4.1293332562206138E-002
  0.12174653919568547     
   3.1061494179487868E-015
   1.5030436937468596E-003
   1.0000000000000001E-015
   1.2132516514911749E-015
   1.0000000000000001E-015
   1.0000000000000001E-015
   1.0000000000000001E-015
  0.32202454489693338     
   1.0000000000000001E-015
   1.0000000000000001E-015
   1.2395966880185738E-002
   1.0000000000000001E-015
   1.0000000000000001E-015
   1.9617013607017283E-002
  0.36197260889229987     
   1.8169918938759308E-015
   1.2893737022010628E-014
   1.0000000000000001E-015
   1.2780752751330438E-014
   1.0000000000000001E-015
   1.0000000000000001E-015
  0.36197260889230232     
   5.4005792872083278E-015
   1.0000000000000001E-015
   1.0000000000000001E-015
   6.2730391891709277E-015
  0.36197260889228594     
  0.36197260889101301     
   2.8928980465030156E-015
   6.2476493729161330E-003
  0.31675351984346495     
   6.2476493718055474E-003
   1.4558577089319172E-013
  0.36197260889230948     
   1.0000000000000001E-015
   1.0000000000000001E-015
   1.4439593765672438E-003
   1.0000000000000001E-015
   6.7333295378240018E-014
   1.0000000000000001E-015
   1.0000000000000001E-015
   1.0000000000000001E-015
   3.6385496282851306E-003
   1.0000000000000001E-015
   1.4439593768939755E-003
   1.0000000000000001E-015
   1.4439593768946341E-003
   1.0000000000000001E-015
   1.0000000000000001E-015
   1.5030436937358027E-003
   1.0000000000000001E-015
   8.7231322751349692E-015
   1.0000000000000001E-015
   1.5030436938061182E-003
   1.6201154851705758E-015
   1.0000000000000001E-015
   1.0000000000000001E-015
   1.2850842815691243E-002
   1.0000000000000001E-015
   4.2422986671027054E-015
   1.6387269887055661E-002
   1.0000000000000001E-015
   3.7874327773834856E-003
   1.7214715712958773E-015
   1.5030436937622186E-003
   2.1828773550174671E-015
   1.3258072324872838E-015
   6.5032923644967235E-003
   8.5200851611532721E-015
   1.0000000000000001E-015
   2.4717561648220137E-014
   1.0000000000000001E-015
   1.6387269887170298E-002
   1.0000000000000001E-015
  0.17207944562909044     
   6.5032923643191009E-003
   1.7964485385553844E-015
   1.0000000000000001E-015
   8.6334139509212752E-015
   5.8349101216816637E-015
  0.36197260889230959     
  0.43251214190735721     
   1.0000000000000001E-015
  0.43251214190736886     
   1.0000000000000001E-015
   3.1807696164656757E-002
  0.35305302719823040     
   1.0000000000000001E-015
   1.3837754392751436E-014
   1.4978892366038963E-013
   1.0000000000000001E-015
   2.4429670253911907E-015
   1.5319698204033915E-015
  0.36197260889230376     
   1.5319698204030187E-015
   1.0000000000000001E-015
   1.4439593768964525E-003
   1.0000000000000001E-015
   1.4439593768690261E-003
   8.8970929350296161E-015
  0.43251214190740167     
   1.0000000000000001E-015
  0.37737470296709752     
   1.9335364431223242E-002
   1.0000000000000001E-015
  0.43251214190739506     
   1.0000000000000001E-015
   6.6752924990587848E-015
   7.6751853875841174E-015
   1.0000000000000001E-015
   2.2708966714389724E-014
   6.2476493724788369E-003
   1.0000000000000001E-015
   1.0000000000000001E-015
   1.0000000000000001E-015
   3.6385496282532975E-003
   1.8973975186093720E-015
   2.4772053313835476E-015
   3.6385496282733396E-003
   1.4439593768909417E-003
   1.0000000000000001E-015
   1.0000000000000001E-015
   1.0000000000000001E-015
   1.0000000000000001E-015
   6.5032923644389147E-003
   1.0000000000000001E-015
   1.0000000000000001E-015
   1.0000000000000001E-015
  0.32202454489714544     
   1.0000000000000001E-015
   1.0000000000000001E-015
   1.9617013607019597E-002
   1.0000000000000001E-015
   1.0000000000000001E-015
   1.0000000000000001E-015
   1.0000000000000001E-015
   1.0000000000000001E-015
   1.0000000000000001E-015
   1.0000000000000001E-015
   9.5437325623044540E-003
   1.3243665236015304E-015
   3.1202954406827913E-014
   1.5030436935770199E-003
   5.3354680218727158E-014
  0.43251214190737231     
   3.3303818512850141E-015
   1.0000000000000001E-015
   1.0674333249024864E-015
  0.37737470296704856     
   4.0733258543106880E-015
   2.1288176906705390E-015
   3.4682557115444075E-015
   1.0000000000000001E-015
   1.9335364431276991E-002
   1.9335364431241946E-002
   1.0000000000000001E-015
   1.0000000000000001E-015
   1.7479462633544095E-014
   6.2476493733021644E-003
   1.4439593768908441E-003
   1.0000000000000001E-015
   1.0000000000000001E-015
   1.0000000000000001E-015
   1.5743089913766422E-002
   1.0000000000000001E-015
   1.0000000000000001E-015
   1.0000000000000001E-015
   1.0000000000000001E-015
   9.1685705355279180E-003
   1.4439593768679720E-003
   1.0000000000000001E-015
   1.4439593768325429E-003
   1.0000000000000001E-015
   6.2476493726040241E-003
   1.0000000000000001E-015
   1.0000000000000001E-015
   1.0000000000000001E-015
   1.0000000000000001E-015
   1.2081401105530976E-014
   1.0425143243944369E-015
   2.8312562709387698E-015
   1.4439593768726755E-003
   1.0000000000000001E-015
   1.0000000000000001E-015
   1.0000000000000001E-015
   1.0000000000000001E-015
   1.0000000000000001E-015
   4.4281108935244337E-014
   1.0000000000000001E-015
   1.4439593770322438E-003
   1.0000000000000001E-015
   1.0000000000000001E-015
   1.9567434438905863E-014
   5.3430141162345658E-015
   1.4439593767987399E-003
   1.0000000000000001E-015
   1.0000000000000001E-015
   1.4439593768912915E-003
   1.0000000000000001E-015
   1.0000000000000001E-015
   1.0000000000000001E-015
   3.6385496282848422E-003
   1.0000000000000001E-015
   1.0000000000000001E-015
   1.0000000000000001E-015
   1.4439593768943958E-003
  0.21080813326511177     
   1.5743089912608459E-002
   1.0000000000000001E-015
   1.0000000000000001E-015
  0.14061680753255495     
   1.4439593767978773E-003
   1.9335364430763450E-002
   1.0000000000000001E-015
   3.6385496282779809E-003
   1.4439593761758048E-003
   4.6632767065883012E-014
   9.1685705355356150E-003
   1.0000000000000001E-015
   6.2476493725688344E-003
   1.0000000000000001E-015
   1.0583645739003646E-015
   3.6385496282851093E-003
   1.0000000000000001E-015
   1.0000000000000001E-015
   1.4439593768938767E-003
   1.4439593768936273E-003
   1.0000000000000001E-015
   1.0000000000000001E-015
   1.0000000000000001E-015
   1.5243193151825582E-015
   1.0000000000000001E-015
   1.0000000000000001E-015
   1.4439593768991097E-003
   2.6146996822977930E-015
   1.0000000000000001E-015
   3.5324705963920663E-002
   1.9335364431020775E-002
   7.3208208067365305E-002
   1.3847068728856738E-015
   1.0000000000000001E-015
   7.1134534595787868E-013
   1.0000000000000001E-015
   1.0000000000000001E-015
   1.4439593768841305E-003
   1.0000000000000001E-015
   1.0000000000000001E-015
   3.6385496278901648E-003
   2.3103350030958994E-002
   1.0000000000000001E-015
   2.3104959214907254E-015
   1.1967826671433067E-015
   9.2974249540554672E-014
   1.0000000000000001E-015
   1.0000000000000001E-015
   1.5743089913830347E-002
   1.0000000000000001E-015
   1.0000000000000001E-015
   1.4439593769161850E-003
   1.5743089913653047E-002
   9.2560652511827011E-015
   2.7032008868992641E-002
   3.6385496282857251E-003
   1.0000000000000001E-015
   1.0000000000000001E-015
   1.0000000000000001E-015
   1.0000000000000001E-015
   1.1936043476783519E-015
   9.1685705355201100E-003
   1.0000000000000001E-015
   1.0000000000000001E-015
   8.4565748164948804E-015
   1.0000000000000001E-015
   1.4439593768063145E-003
   1.0000000000000001E-015
   1.4439593769732546E-003
  0.10555407078253577     
  0.11696070952884380     
   1.0000000000000001E-015
   1.0000000000000001E-015
   3.6385496282463348E-003
   4.3011257854329723E-015
   1.0000000000000001E-015
   1.0000000000000001E-015
   1.0000000000000001E-015
   1.4439593767985696E-003
   1.4660780853407306E-015
  0.12277191135243294     
   1.4306246773855725E-014
   1.0000000000000001E-015
   1.0000000000000001E-015
   1.0000000000000001E-015
   1.0000000000000001E-015
   1.0000000000000001E-015
   1.0000000000000001E-015
   1.5743089913645213E-002
   1.0000000000000001E-015
   1.0000000000000001E-015
   1.0000000000000001E-015
   1.4439593768943173E-003
   1.0000000000000001E-015
   3.5324705963653995E-002
   1.0000000000000001E-015
   1.0000000000000001E-015
   1.0000000000000001E-015
   1.8327478233185478E-015
   1.4439593769020845E-003
   1.0000000000000001E-015
   4.7150353295936943E-015
   1.0000000000000001E-015
  0.21752687265294388     
   1.7036465397033932E-015
   1.4439593768841652E-003
  0.20414251033111255     
   1.4439593755248177E-003
   2.3103350030315904E-002
   1.0000000000000001E-015
   3.1109161722836884E-002
   1.5355782895714757E-015
   1.0000000000000001E-015
   4.7408869827963852E-013
   1.3647760033189922E-015
   3.5324705963939294E-002
   9.1685705355212394E-003
   3.9670100745633791E-002
   1.4557817495698611E-014
   1.0000000000000001E-015
   1.0000000000000001E-015
   1.9564550254132798E-015
   1.0000000000000001E-015
   1.0000000000000001E-015
   1.0000000000000001E-015
   3.6385496282925569E-003
   3.6385496282811437E-003
   1.0000000000000001E-015
   1.2131302458405487E-015
   1.4439593768934484E-003
   1.0000000000000001E-015
   1.4439593768912017E-003
   3.6385496282719367E-003
   6.8189017043418637E-015
   1.0000000000000001E-015
   5.7646591846881872E-015
   1.0000000000000001E-015
   1.0716943817026374E-015
   1.0000000000000001E-015
   1.0000000000000001E-015
   1.0000000000000001E-015
   6.2476493725903449E-003
   1.0000000000000001E-015
   6.2476493725869544E-003
   1.0000000000000001E-015
   9.1685705355485734E-003
   3.4775848533609371E-015
   1.0000000000000001E-015
   1.4439593768935605E-003
   1.4439593768924442E-003
   1.0000000000000001E-015
   1.0000000000000001E-015
   3.1755326338576072E-015
   2.3103350030350661E-002
   1.4439593768942967E-003
   1.0000000000000001E-015
   1.0150717031128690E-015
   1.0000000000000001E-015
   1.0000000000000001E-015
   4.7237919932214143E-015
   1.0000000000000001E-015
   1.0000000000000001E-015
   1.0000000000000001E-015
   1.0000000000000001E-015
   1.0000000000000001E-015
   3.6385496277797748E-003
   1.4439593772922991E-003
   3.5324705963860149E-002
   1.6047017253595166E-015
   1.0000000000000001E-015
   1.0000000000000001E-015
   1.0000000000000001E-015
   1.0000000000000001E-015
   6.2476493726062055E-003
   9.1685705355656743E-003
   6.2476493725686765E-003
   1.0000000000000001E-015
   1.0000000000000001E-015
   1.4439593764963468E-003
   1.4439593768965650E-003
   1.0000000000000001E-015
   1.5016197357491837E-015
   3.6385496282792247E-003
   1.0000000000000001E-015
   1.0000000000000001E-015
   1.0000000000000001E-015
   1.0000000000000001E-015
   3.7347978954466028E-015
   1.4439593768911302E-003
   1.4439593768943040E-003
   1.4439593768933170E-003
   1.0000000000000001E-015
   1.0000000000000001E-015
   1.0000000000000001E-015
   1.4439593768941590E-003
   1.0000000000000001E-015
   1.0000000000000001E-015
   1.0000000000000001E-015
  0.12277191135241088     
   3.9670100745596105E-002
   1.8272138383231176E-015
   3.6385496275881070E-003
   1.3771593636381024E-015
   1.0000000000000001E-015
   1.4439593768263955E-003
   1.0000000000000001E-015
   1.0000000000000001E-015
   1.0000000000000001E-015
   1.4439593763074753E-003
   8.9525409388070900E-015
   1.4274616818551737E-013
   1.4439593768538744E-003
   2.4994431662482529E-015
   1.0000000000000001E-015
   1.0000000000000001E-015
   1.0000000000000001E-015
   1.0000000000000001E-015
   5.7272658983202655E-015
   1.4593542956327673E-014
   8.9012681250442011E-002
   1.1829109563098049E-015
   1.0000000000000001E-015
   3.6385496238098090E-003
   3.6385496282904206E-003
   1.0000000000000001E-015
   1.2345679012818671E-002
   1.4439593769432723E-003
   1.0000000000000001E-015
   1.0000000000000001E-015
   1.4439593768952707E-003
   1.4439593767579628E-003
   3.6385496281137455E-003
   1.0000000000000001E-015
   1.0000000000000001E-015
   1.2686008907991331E-013
   1.0000000000000001E-015
   1.2345679012345203E-002
   1.4439593769085192E-003
   6.2476493725864037E-003
   1.0000000000000001E-015
   1.4439593765878990E-003
   1.0000000000000001E-015
   1.0000000000000001E-015
   2.7075839271623299E-015
   3.6385496282968078E-003
   1.0000000000000001E-015
   1.0000000000000001E-015
   2.1387991349279755E-015
   1.0000000000000001E-015
   1.0000000000000001E-015
   1.0000000000000001E-015
   6.0798133684806333E-014
   6.2476493725897404E-003
   4.4314221624164728E-015
   1.0000000000000001E-015
   3.6385496282850521E-003
   1.2481151553597769E-015
   1.0000000000000001E-015
   8.5601599197943186E-015
   1.4439593768879870E-003
   1.4439593768830669E-003
   1.0000000000000001E-015
   1.4439593733408394E-003
   1.0666123503654254E-015
   1.0000000000000001E-015
   1.0000000000000001E-015
   1.4439593768443859E-003
   1.9218701827931576E-014
   1.0000000000000001E-015
   1.0000000000000001E-015
   1.8552819056097643E-015
   1.0000000000000001E-015
   1.0000000000000001E-015
   1.0000000000000001E-015
   1.0000000000000001E-015
   1.4439593769623356E-003
   1.0000000000000001E-015
   1.0000000000000001E-015
   1.0000000000000001E-015
   1.0000000000000001E-015
   1.0000000000000001E-015
   1.4439593768934391E-003
   1.4439593768803651E-003
   1.4439593768937990E-003
   4.0116207401156835E-015
   1.0000000000000001E-015
   7.4556165518036382E-015
   1.6020339232924118E-015
   1.6193952460252824E-015
   1.0000000000000001E-015
   1.0000000000000001E-015
   4.6649341174463380E-015
   1.0000000000000001E-015
   1.4439593768844486E-003
