           1         658
 time 0.0
         658
           1  -1.6983768299911108     
           2  -1.2558260970202610     
           3   4.7326234905968878     
           4  -3.6093350919623850     
           5 -0.95706004254232102     
           6  -5.0243798582451911     
           7   3.6468165148852059     
           8   3.1857876658953659     
           9  -2.5285613460891554     
          10   4.9402957943448227     
          11   1.0540512691080408     
          12   3.1680741466817537     
          13  -1.1194334513432098     
          14  -1.0000000000000049     
          15  -1.7391246817480766     
          16   1.0000000000000049     
          17  0.48456160316547020     
          18   3.3041484302631061     
          19   4.7326234911622986     
          20  -2.0996607157123512     
          21  0.33774234078444670     
          22  -3.9223700495806364     
          23  -2.3190285504291688     
          24 -0.84444143752715783     
          25   3.6468165148865186     
          26   3.6919523863606889     
          27   1.0717742806792458     
          28  -2.6869973821198676     
          29   3.6468165148846303     
          30   1.9805918829816376     
          31   2.0671637144162620     
          32  -3.7562857542279158     
          33  -2.2752080655181550     
          34 -0.52912298261561674     
          35 -0.41350934019613095     
          36  0.76950396066446736     
          37   1.5736333254356836     
          38  -2.4510108065632772     
          39  -2.2683735505649061     
          40  -4.5947008922106383     
          41  -6.3379998888695761     
          42  -4.0457792828884678     
          43  -2.6712465937249013     
          44  -4.5947008922120256     
          45  -5.1173294807524687     
          46  -3.9512699344871223     
          47  -2.9119110789895624     
          48  -4.5947008922151840     
          49  -3.3456614138818894     
          50  -2.4719360415034393     
          51 -0.62614328878656456     
          52  -2.9813659788705791     
          53  -3.2814178548548134     
          54  -1.8736514316901227     
          55   2.3663117455807372     
          56  -6.6232903891659811     
          57  -4.5947008922099579     
          58  -2.5880477976871838     
          59  -3.3560278252056812     
          60   2.0236533935785737     
          61 -0.88802403714957145     
          62  -1.6927022813735988     
          63   3.6468165149208409     
          64   1.8234082574418085     
          65   4.5947008922066592     
          66 -0.80306396401955704     
          67  -1.1192528082415842     
          68  -5.2732991795342396E-002
          69   2.0127391969666837     
          70  -3.3034952421359978     
          71  0.78199776932923237     
          72   9.5149674992044658E-002
          73   1.4653994368618026     
          74   1.0270426155500796     
          75   3.7562857542238466     
          76  -2.2100754655007253     
          77   3.6365941050060928     
          78  -4.7326234911673843     
          79   1.0298762719732695     
          80 -0.78168091500486570     
          81  -1.1401362154285790     
          82 -0.75014996852430660     
          83  -1.8630599290390608     
          84   2.1341203243478439     
          85   8.1073036074371476     
          86   4.2060182125472547     
          87   1.9064023566137542     
          88   4.6607590326109491     
          89  -1.7532065171939539     
          90  -1.1548367476733734     
          91   2.4142040462702088     
          92  -1.4151951631630102     
          93   2.1665285329841755     
          94   1.8234082574423993     
          95   4.5947008922047639     
          96  -3.8584942067745138     
          97  -4.5947008922077215     
          98  -5.0857071206942308     
          99  -1.4599455454099406     
         100  -1.1941031371071180     
         101  -4.5947008922085040     
         102  -2.3397688605444542     
         103  -3.7673927262234290     
         104  0.79406740130552333     
         105  -2.2272289740492601     
         106  -1.5741881825459692     
         107   4.5947008922959345     
         108  -3.6468165149213565     
         109  -5.5497094477619724     
         110  -2.6099147077922469     
         111  -5.7708231390254507     
         112  -4.5947008922085688     
         113  -7.5056118336070218E-002
         114  -2.8095250896801698     
         115   1.7145130652296245     
         116   2.6457511581737916     
         117  0.97900822998009818     
         118  -4.7326234911585630     
         119   2.4740165949432988     
         120  -1.7195170605311123     
         121 -0.72634156159048402     
         122  -2.9813659788720219     
         123  -4.7326234911673959     
         124  -1.4531879494256246     
         125  -2.2091940395298888     
         126  0.31974224595178857     
         127  -4.5947008922169923     
         128  -5.7305990027655778     
         129  -3.3148586478438284     
         130  0.52672041054892083     
         131 -0.66966460641979109     
         132  -4.5947008922199606     
         133  -1.8342993417823208     
         134 -0.26089443880153551     
         135 -0.35519500909997598     
         136 -0.84155226809783856     
         137  -2.5285613460832708     
         138 -0.58972752684244512     
         139  -2.1749319067314308     
         140   1.9782167817679808     
         141  -2.0516517960543226     
         142   3.1857876658799036     
         143   3.6468165148857867     
         144   4.7326234911638698     
         145   3.3552722230243344     
         146   1.0790869116002144     
         147   2.7676550072891737     
         148  -1.5386214986532398     
         149  -4.4964493419794866     
         150  -4.7672218279352654     
         151   6.4012807718147893E-002
         152  -3.7562857542116452     
         153  -3.7562857542318566     
         154  0.43153198868228637     
         155  -1.0753727911589530     
         156   1.0993845381550598     
         157   5.1746953909253302     
         158   3.1857876659250057     
         159   4.0869262414962453     
         160   4.5947008922089418     
         161   2.3020242208382466     
         162   2.5161515631289020     
         163  -6.4363444174441424     
         164  -4.7326234911638112     
         165  -4.7326234911644374     
         166   3.2814178548457038     
         167 -0.35158798546811426     
         168   2.2973504460940859     
         169   7.5673803426616146     
         170  -1.4955166256913393     
         171  -2.6869973821118158     
         172  -3.1777072431027928     
         173   1.4285022694121865     
         174   2.8944801860215681     
         175  -9.4101534377323784E-002
         176  0.74667863411551927     
         177   2.7676550072193007     
         178  -10.560403826595140     
         179  -2.9813659787832081     
         180  -5.0575901952023239     
         181 -0.27173876648252421     
         182  -4.2703320599477488     
         183  0.82333047807114190     
         184  0.71090827648268184     
         185   1.5562197577121615     
         186  -1.0483493074726846     
         187  -1.4801920434973048     
         188  -7.3097900688192912     
         189  -4.9294246993188748     
         190  -3.4083506184782060     
         191  -1.5608866438654994     
         192   1.0265023072348280     
         193  -1.6332043761695163     
         194  -2.8864686418378569     
         195  -1.9266792659168490     
         196   5.4098109347909986     
         197  -1.1703311203341120     
         198   4.7326234911630634     
         199  0.24347978883895260     
         200   2.2089017958248678     
         201   2.5285613460833014     
         202  -4.4298178181146064E-002
         203   7.4100057290979873     
         204   4.6721802243871515     
         205  0.47194666012854986     
         206  -2.3616112573567181     
         207   4.5947008922223747     
         208   3.3134965212353582     
         209  -2.7676550063533210     
         210  -1.3693090219383850     
         211  0.11700211941188281     
         212   2.6044630766381505     
         213  0.76704188926887262     
         214  -5.4325781560096944     
         215  -4.5947008922073609     
         216  -2.3335660846674631     
         217  -2.2973504461035348     
         218   1.1192937209785676     
         219  -1.4646065077631132     
         220   3.6468165148821039     
         221   2.4375663316682310     
         222  -4.5947008922075616     
         223  -2.7143391619613841     
         224  -4.5947008922071433     
         225  -1.2530932964301715     
         226   3.7271760616871732     
         227  -2.4788524581236109     
         228   1.3626000976848915     
         229  -2.6539657359363962     
         230  -4.5947008922075954     
         231  -3.7562857542264658     
         232  -5.9160223757486872     
         233  -2.6044630773708550     
         234   2.2752080655191138     
         235  0.52813240095715985     
         236  -3.8580554163896053     
         237   2.6669475748712066     
         238   4.5947008922072161     
         239   1.2328780537020645     
         240  -4.6181705729484266     
         241  0.61591413916147308     
         242  -1.6407089274274154     
         243  -4.7326234911646621     
         244  -1.2236408083765282     
         245   1.5975121593014210     
         246  -3.0805964406109267     
         247 -0.38494480696816374     
         248 -0.20355461504539546     
         249   3.0805927519340415     
         250   4.5947008922081940     
         251  -3.4408447438159843E-002
         252 -0.92047961174737025     
         253   2.6869973821334932     
         254  -2.2456921542672084     
         255  -2.4019164586807644     
         256   2.5285613460773733     
         257  0.22955431274674390     
         258 -0.24464655684862915     
         259   2.2973504461075187     
         260   4.5947008922182322     
         261  -3.6727844431016119     
         262  -5.9258578865413716     
         263  -3.6468165148895810     
         264  -7.9554816258054606     
         265   2.6604657548282011     
         266   5.4517291710263125     
         267   4.7326234911666694     
         268 -0.43166654494369189     
         269  -4.7326234911789715     
         270   1.7655992597344838     
         271  -1.0708160721309876     
         272   4.5947008923680768     
         273   2.1784422086183475     
         274  -1.4324713064598844     
         275  0.23249438255601607     
         276   1.1534806189212587     
         277   1.4472400930146980     
         278   2.8944801860507043     
         279   6.1482788163293804     
         280  -2.2104276430679506     
         281  -3.5727858295741415     
         282   2.9933352171525973     
         283  -1.7532065171905904     
         284   7.5360774091702014     
         285 -0.65597911927429442     
         286   2.6450245545458353     
         287 -0.75160407053769684     
         288   3.6468165148846796     
         289   2.8899711470351073     
         290  -1.4137926654207378     
         291  0.66417601127525083     
         292  -4.0729871376835973     
         293  0.12968828283720982     
         294 -0.51534120739188283     
         295  0.20586303057797511     
         296   4.7326234911918670     
         297   3.0803205646372271     
         298   6.4595040866173568     
         299 -0.37354535017668494     
         300   1.9646853514374669     
         301   2.3515975013296964     
         302   2.8339233781583721     
         303   6.2859051078257249     
         304   1.2859610027212167     
         305  -1.2582779435703666     
         306   4.2918197874818320     
         307  -4.7326234911762111     
         308  -1.1724564524014822     
         309  -1.4249778891146625     
         310   1.1380418544860433     
         311  -4.5947008922081558     
         312  -4.7326234911653966     
         313  -1.6700470331859605     
         314   3.7562857542214050     
         315   3.1594668598960762     
         316   1.3431823329064891     
         317  -3.3058212047680771     
         318  -3.6433664434284423     
         319 -0.91543480010958700     
         320  0.58329167792956327     
         321  -1.0000000000000004     
         322  0.99999999999999978     
         323  0.62756437988130676     
         324  -1.2238348592662094     
         325  -4.5947008921946155     
         326   3.4002105142323571     
         327  -1.8980095982023770     
         328   2.3576141083237161     
         329 -0.69263116914406786     
         330   1.6443575978482428     
         331  0.95053544149827507     
         332   4.7326234911639204     
         333  -4.7326234911636096     
         334  0.76996847887009778     
         335  -1.6499094934090384     
         336   3.7562857542211421     
         337  0.94810380024018226     
         338  0.50322340503848362     
         339   2.6823658240186727     
         340   4.7326234911643938     
         341   1.9080370902727881     
         342  -2.6656241482753034     
         343   1.3180647172758073     
         344  -1.4777416014243154     
         345   1.8405698964895623     
         346  -1.0054769204558449     
         347  -2.1966892353990248     
         348  -2.3361111963494468     
         349  0.23539948240574055     
         350  -1.6771236517675232     
         351   4.7326234911644143     
         352   2.6132778755613537     
         353 -0.51356007135964277     
         354  -1.2643032365107374     
         355   1.9640079731167943     
         356   1.9347748451599369     
         357   1.7964769410213242     
         358  -4.3470945480038345     
         359  -4.5947008922131518     
         360 -0.70553682210663737     
         361  -1.2063469051933098     
         362  -4.9596301602059674     
         363 -0.82550270197692210     
         364  -4.7326234911591154     
         365  -5.5862049445551580     
         366  -1.8781428771107245     
         367   1.7435134012652809     
         368 -0.17879110113884658     
         369  0.46311511974902347     
         370   2.1267479540225440     
         371  -2.0368604433254380     
         372  -1.9111835564434578     
         373   2.1019446838898661     
         374 -0.45627942357096030     
         375   3.4206619507547038     
         376  -3.7562857542446970     
         377   2.6300582607539185     
         378   2.7676550072961792     
         379  -3.7562857542215697     
         380  -3.2244070362451329     
         381   4.7326234913459597     
         382   3.0255144805682521     
         383  -2.5288088461779443     
         384   3.6468165148837732     
         385   3.8069525134625239     
         386   1.5463012035829307     
         387  -3.7562857542216914     
         388  -4.7326234911628760     
         389  -7.5751963130998785     
         390  -1.9665749665837844     
         391   4.7326234911645297     
         392  0.13128903559831129     
         393 -0.25657734181944347     
         394   2.7676550073102795     
         395  -3.6468165148846632     
         396 -0.33331144553841374     
         397   1.7642115694017706     
         398  -3.3187705661920606     
         399  -1.5567715677616358     
         400  -4.7326234911648477     
         401  -5.0817734985797420     
         402  -4.7326234911654232     
         403   3.1495111497388386     
         404   1.6306227739686721     
         405  -4.7326234911632250     
         406   3.9885847845905715     
         407   7.1046558221936866     
         408   2.8944801860308691     
         409   1.9815472080006007     
         410   2.4933669900428939     
         411   3.9083062527561898     
         412  -2.5285613460827769     
         413   1.5648165876054414     
         414 -0.65995809124984572     
         415  -2.8193298784329901     
         416   1.7735798857081113     
         417  -4.7326234911693588     
         418   2.4207310345682904     
         419   4.7326234911644907     
         420   1.0540206716801168     
         421   3.3584998331650624     
         422 -0.19804179808556244     
         423   3.1857876659091180     
         424  -1.4990745192233921     
         425  -3.0421515465087667     
         426  -3.8764536185946881     
         427   3.6468165148647116     
         428   4.5947008921952861     
         429  -3.4092650862796865     
         430  -4.5947008922089498     
         431   2.2257043333799142     
         432  -2.3394660005826338     
         433   1.1145713664371235     
         434   2.9938778363878824     
         435   1.8915686523435069     
         436  -3.3174681338199954     
         437   4.7326234911661125     
         438   3.1362585996484746     
         439  -3.1857876658844688     
         440 -0.77682980957866710     
         441  -2.4019164586765029     
         442   4.0578595567439573     
         443  -6.9939069537149230     
         444  -6.7443035985837492     
         445   2.1051444598809348     
         446  -4.5947008922203603     
         447  -3.5586883524572168     
         448  -3.1302829512059920     
         449  -1.1061325027716267     
         450   1.9511273792287578     
         451  -7.8776408878763418     
         452  -4.7316537393327920     
         453  -2.7676550072891946     
         454  -3.2768777845108734     
         455  -4.5947008922009527     
         456   2.5939178564599654     
         457   2.8151057168939935     
         458   2.3999429236392524     
         459   2.7919488494217855     
         460  -3.7562857542224064     
         461  -5.8624044059000617     
         462  -3.3804830333903437     
         463   2.9813659788552842     
         464   1.0478512660055297     
         465   2.9283487562180421     
         466  -5.1726803836174549     
         467  0.87154707664590081     
         468  -1.7796535718129580     
         469   2.5983559586594001     
         470  -1.3788700443039104     
         471   3.6468165149085041     
         472   2.2973504461074890     
         473   1.5509559459688749     
         474   1.2963640526185995     
         475   4.0459038156686953     
         476   1.8261429778877354     
         477  -1.5650958127173837     
         478   4.7326234911951710     
         479   3.3214808248494361     
         480   3.8665078073166552     
         481   4.6652080619028995     
         482  0.38437514700499725     
         483  -1.9625510053072970     
         484 -0.62946555333492804     
         485  -3.6208229618002465     
         486 -0.69495317644934373     
         487  -4.7326234922768000     
         488  -1.4898542991574135     
         489   3.9044554301510739     
         490   1.4620426696791373     
         491   3.7562857578372144     
         492  -3.3739289303599218     
         493  -2.7676550072880435     
         494  -5.5088421392613993     
         495  -1.5668481250478552     
         496  0.84056931005731539     
         497   2.4740165948601098     
         498   1.6653958566663476     
         499   5.1721195873920482     
         500  -1.6156525339456766     
         501  -1.0475450233544568     
         502  0.11123072782791162     
         503   1.4281431243643603     
         504   4.5947008922096888     
         505   2.8574651154865602     
         506  0.73901134542433222     
         507  0.95725664256706577     
         508  0.54991000988116501     
         509   4.5947008924057986     
         510   3.1511103755752767     
         511  -3.6468165149629224     
         512  -2.6829792226887883     
         513  -4.5947008922667667     
         514   1.2200985851578159     
         515  -3.7562857542628256     
         516  -4.7326234911640386     
         517  -1.8437640943953038     
         518   2.2752080655247320     
         519  -2.4373534993038120     
         520  -2.0671637144162887     
         521  -1.3508666185196299     
         522  -2.8544767856282443     
         523  0.35426815405380108     
         524   1.2297316097171997     
         525  -1.4638097932075833     
         526   1.2226231757143196     
         527  -4.4150402019889734     
         528  -3.2729255430632977     
         529   2.3491912557694685     
         530   3.6468165148866833     
         531   4.5947008922084844     
         532   3.0786262634424308     
         533  0.87623273341437091     
         534  -4.5947008922073822     
         535  -3.2041581029962778     
         536   4.7326234912707825     
         537   3.6178998564105855     
         538  -4.8421128557824638     
         539 -0.70677717875768697     
         540  -3.2793595332694960     
         541 -0.68958568635274009     
         542  -2.1115171375128523     
         543  -4.0131198999304987     
         544   2.5242016203086552     
         545   1.8339983389005283     
         546   4.1781846561616538     
         547   3.6468165148854905     
         548  -3.4723045841074298     
         549  -3.1857876658352469     
         550   1.0096159745104056     
         551  -3.8825637919284293     
         552  -4.3498190589334005     
         553   1.2710173909416014     
         554   3.0015250990627380     
         555  -4.7326234911900666     
         556   2.6986257949967176     
         557   1.0014991403971618     
         558   4.8500018496291677     
         559   3.2814178548547175     
         560  -3.4705094777045651     
         561  -2.5133058351690623     
         562  -4.7326234911631246     
         563   2.7385973805234456     
         564  -3.3562344911273616     
         565  0.29749721767969589     
         566  -2.6654031638248812     
         567  -1.5585327928788197     
         568  -5.5849075844656291     
         569   3.6164361249125667     
         570  0.24878708888373957     
         571   1.0000000000000051     
         572   2.8541023473573603     
         573  -1.6570255738610749     
         574   1.4410753146788584     
         575   2.0655212351476790     
         576   2.1377736253275672     
         577 -0.27789720590808453     
         578  -4.7326234912006964     
         579   3.7562857542359991     
         580 -0.38109742872700292     
         581   3.7562857542234620     
         582 -0.21945032622608493     
         583   2.1380079781934711     
         584  -4.7326234911844072     
         585   2.6044630773639530     
         586   8.7184911394575515     
         587   4.5947008921176895     
         588  -2.1326712355105495     
         589   2.8944801860355929     
         590  -2.9813659789118154     
         591   2.9829741421551419     
         592 -0.81142568231111878     
         593   4.7326234917318821     
         594   1.4787116456203178     
         595  -3.7562857542215879     
         596  -4.7326234911641833     
         597  -2.5160261780499984     
         598  -6.5174814727309993     
         599 -0.21325089056005547     
         600   4.7326234911635927     
         601   3.1749137296554313     
         602   1.4634448308978951     
         603  -1.5574342903024712     
         604   5.5162285055950839     
         605   8.4221326546893440     
         606  -1.3838275036444538     
         607  0.28929155299128501     
         608   1.3615038015100498     
         609  -2.5679866440449040     
         610 -0.74592737055389147     
         611   2.0882340839435081     
         612  0.55236813192112599     
         613   3.7562857542204497     
         614  0.72306428149247481     
         615   1.5021183453907905     
         616 -0.18877246819901053     
         617   4.7326234911625660     
         618   8.3564884847099952E-002
         619 -0.13339302995371075     
         620  -4.1170272527668645     
         621  -4.7326234913797416     
         622  -4.2250713546637133     
         623   4.7326234911638503     
         624  0.99999999999999933     
         625  -1.0000000000000462     
         626  -2.7849632451062467     
         627   4.0288412062860530     
         628   4.7326234911664464     
         629  0.53421933757738804     
         630  -1.0875021748086724     
         631  -6.7838202094754729     
         632   4.7326234911644347     
         633  -3.3419768441702935     
         634   4.5947008922082011     
         635   4.5947008923954291     
         636  -1.0739943137929608     
         637   3.9273465222673489     
         638   2.2048131614378712     
         639   2.4019164586716402     
         640   3.2280849548002237     
         641 -0.66527277458698242     
         642 -0.65722534013688849     
         643   2.6941736242606269     
         644   4.7326234911588276     
         645  -7.0218304453547223E-002
         646  -3.2814178549949164     
         647 -0.59633525364063966     
         648 -0.52880420786682014     
         649  -3.6510414802176587     
         650  -4.0393890335474767     
         651   1.1044508979127914     
         652  -3.2814178548555377     
         653   5.2003498761694420     
         654   4.2384140031506199     
         655  -1.6494178080518780     
         656  -10.415082602085917     
         657  -1.7785530128448435     
         658   1.9735172449723688     
 time 1.0e30
