           1         221
 time 0.0
         221
           1  0.16686749702884532     
           2 -0.52585932992685724     
           3  -6.1445415479671112E-002
           4  0.42870932452804755     
           5 -0.61104222591570656     
           6  0.25503384452278349     
           7 -0.45864018849169064     
           8 -0.63896970300104250     
           9 -0.40259907131304595     
          10  0.34145151786238298     
          11 -0.75388799315011323     
          12 -0.44122227565475391     
          13  0.19642517008763918     
          14  0.30123076865957732     
          15 -0.10010288647813473     
          16 -0.44514422057973568     
          17 -0.29629978390620448     
          18 -0.69026270836132342     
          19 -0.79569968792744061     
          20 -0.40352709474523396     
          21 -0.69882014216361332     
          22  0.21999702303970364     
          23 -0.56885731569758624     
          24 -0.33911433347379788     
          25 -0.53694523977520070     
          26  0.51029599062127007     
          27  0.35840803728005555     
          28 -0.25207301316661468     
          29  0.39651834311194539     
          30 -0.40012069522854732     
          31 -0.43482706414511746     
          32   5.7463608798230981E-002
          33  0.28359228442370599     
          34   2.1734308952566180E-002
          35  0.43702332367076563     
          36 -0.48242250658157987     
          37 -0.48172647572796773     
          38  0.26498070442401656     
          39 -0.75957116771305211     
          40 -0.57691205178557148     
          41 -0.82063383493955799     
          42 -0.74369016740170202     
          43 -0.68853945428627872     
          44 -0.79571884336015608     
          45  0.17381660771099924     
          46 -0.62666933907086908     
          47  0.11826161644923679     
          48 -0.42318209179059818     
          49 -0.32921785541373177     
          50 -0.72370871282801863     
          51  0.26217475326597828     
          52  0.36262285299361929     
          53 -0.23099840949319742     
          54 -0.30544536220362306     
          55 -0.48572418737485668     
          56 -0.26087313892164332     
          57  0.52336492447171534     
          58 -0.57221193841752049     
          59 -0.33471722627264028     
          60  0.20226472886178173     
          61  0.25664136754183881     
          62  -6.8305021555297898E-002
          63 -0.77810888739234541     
          64  0.16651917883313297     
          65 -0.56842062121927506     
          66 -0.18492297669227503     
          67 -0.42230746493431132     
          68  0.19776721550759407     
          69  0.16288496255226953     
          70  0.49409962543791203     
          71  0.23762366377345587     
          72  -3.4539434670256539E-002
          73  0.55663542045050385     
          74 -0.35558078294830253     
          75 -0.52465842305026089     
          76  0.20030388084542813     
          77  0.27894262065351377     
          78  0.12722011735770217     
          79  0.14649024377096242     
          80 -0.58211250815704307     
          81  0.27857660361182746     
          82  0.18537263933662723     
          83   6.7990310311856955E-002
          84 -0.74711873361863490     
          85  0.39665416158705630     
          86  0.22492410671058233     
          87  0.17755860448374694     
          88 -0.59321795665422905     
          89  0.20542368327712146     
          90  0.53710278183399474     
          91 -0.56627602952676470     
          92 -0.50279183542517236     
          93 -0.80082980292560357     
          94   2.2829317201177798E-002
          95  0.41553862705822031     
          96 -0.50910750472427713     
          97  0.22778786150935507     
          98 -0.45506468939318601     
          99 -0.78726692385395558     
         100 -0.65769282773064019     
         101 -0.62330801005806302     
         102  0.36681854345070136     
         103  0.20490538874183989     
         104 -0.59285463934807370     
         105  0.11606387225836919     
         106  0.35705547287220740     
         107 -0.30831377097195189     
         108  0.13644857837735841     
         109 -0.35933352140738589     
         110  0.35122372215876124     
         111  0.33190214931850021     
         112 -0.36735134465689051     
         113 -0.39032302562574517     
         114 -0.52321885016809722     
         115 -0.62772309529484782     
         116 -0.61490943070072890     
         117 -0.49877681961395570     
         118  0.29885723193620978     
         119   8.8144024222928496E-002
         120   5.9732737840658350E-002
         121 -0.71320979498154402     
         122  0.53015693843833056     
         123 -0.54516417851011767     
         124 -0.32745680126282567     
         125 -0.74240322026071004     
         126  0.28972674775892288     
         127  0.47952690376587898     
         128 -0.33639423289369241     
         129 -0.32533764294538048     
         130 -0.41757995553992711     
         131 -0.58831332872091402     
         132 -0.57731668985689322     
         133  -1.2530673820222793E-003
         134  0.44761810771540916     
         135  0.35040022599389142     
         136 -0.56150435590598324     
         137  0.42412288937219939     
         138  0.34506027873799971     
         139   4.5364661543798472E-002
         140   7.1122977446992947E-002
         141  -8.7215529781973222E-002
         142  0.17418871073883771     
         143  0.45840265818335851     
         144  0.18606482014609693     
         145 -0.63325712063674611     
         146  0.28318880584078854     
         147 -0.52254809299953886     
         148 -0.40526714355429244     
         149  0.31658486643514649     
         150  0.46930744154202259     
         151  0.19117168434589671     
         152 -0.34117114927159836     
         153  0.36518808533392449     
         154  0.33083425397384930     
         155  0.31846184073984313     
         156  0.48506163665885704     
         157  0.28045321959485198     
         158  0.13284271034810916     
         159 -0.43539806227074085     
         160  0.26725429874518086     
         161 -0.69674934917848541     
         162 -0.63381200266256443     
         163  0.34662329790753404     
         164  0.27939349303024391     
         165  0.37069171429446746     
         166  0.25939285429015124     
         167   8.1379369652063133E-002
         168  0.48858084609630670     
         169  0.37091283859806701     
         170  0.45432005262720221     
         171 -0.11708217126692856     
         172  -3.8238930264617249E-002
         173  0.33736513733225532     
         174  0.24915099504051899     
         175  0.41593754298704355     
         176 -0.64340374200922779     
         177  0.45390082340791227     
         178  0.18640447099962637     
         179 -0.49433620644342907     
         180  0.25070425579216760     
         181 -0.31425884972505880     
         182 -0.70747272286011731     
         183  0.52812078658816597     
         184 -0.42638851324860516     
         185 -0.62816242818135870     
         186  0.46506002208356950     
         187  0.21410910647111733     
         188  0.48151004268182823     
         189  -1.2801794016976988E-002
         190 -0.39782562004417937     
         191 -0.38639119462561150     
         192 -0.25934126305206184     
         193 -0.48923561288912709     
         194  0.27721105282792186     
         195 -0.66992779129380109     
         196 -0.28279597427090009     
         197  0.51484979671196873     
         198  0.33742493744352747     
         199  0.38149953454628527     
         200   1.9173512826503286E-003
         201  0.42783098854968238     
         202  0.32777780671309925     
         203 -0.49449776461404876     
         204  0.40522142269187134     
         205 -0.37016429481950935     
         206  0.10355466381512567     
         207  0.15424366168840928     
         208 -0.53863583088110700     
         209 -0.70722946253589625     
         210  0.34859141038275299     
         211 -0.59860859704339886     
         212 -0.21709248413241550     
         213  0.26284863210167403     
         214 -0.66052949137945904     
         215  0.16455319301359847     
         216  0.12503447063294762     
         217 -0.14941081741671866     
         218   6.3348380919376085E-002
         219  0.48251421392828647     
         220 -0.75492935651763493     
         221 -0.66573299676171471     
 time 1.0e30
