           1         658
 time 0.0
         658
           1   1.0000000000000001E-015
           2   3.0053102397121816E-013
           3   1.9933895614720272E-003
           4   1.0000000000000001E-015
           5   1.0000000000000001E-015
           6   1.0000000000000001E-015
           7   5.6538508633133004E-003
           8   9.7080654127048045E-003
           9   2.4462791934519511E-002
          10   1.0000000000000001E-015
          11   1.0000000000000001E-015
          12   1.0000000000000001E-015
          13   1.0000000000000001E-015
          14  0.99999999999999278     
          15   1.0000000000000001E-015
          16  0.99999999999999356     
          17   1.0000000000000001E-015
          18   1.0000000000000001E-015
          19   1.9933895611534804E-003
          20   1.0000000000000001E-015
          21   1.0000000000000001E-015
          22   1.0000000000000001E-015
          23   1.0000000000000001E-015
          24   1.0000000000000001E-015
          25   5.6538508633108709E-003
          26   1.0000000000000001E-015
          27   1.0000000000000001E-015
          28   1.9183640481223042E-002
          29   5.6538508633146769E-003
          30   1.0000000000000001E-015
          31   5.4764674118603932E-002
          32   5.0230269374608007E-003
          33   3.7317756412768278E-002
          34   1.0000000000000001E-015
          35   1.0000000000000001E-015
          36   1.0000000000000001E-015
          37   1.0000000000000001E-015
          38   1.0000000000000001E-015
          39   1.0000000000000001E-015
          40   2.2437322020219430E-003
          41   1.0000000000000001E-015
          42   1.0000000000000001E-015
          43   1.0000000000000001E-015
          44   2.2437322020205167E-003
          45   1.0000000000000001E-015
          46   1.0000000000000001E-015
          47   1.0000000000000001E-015
          48   2.2437322020188231E-003
          49   1.6173964118957843E-015
          50   1.0000000000000001E-015
          51   1.0000000000000001E-015
          52   1.2657234745432655E-002
          53   8.6248957140831022E-003
          54   1.0000000000000001E-015
          55   3.1894232978460994E-002
          56   1.0000000000000001E-015
          57   2.2437322020224045E-003
          58   1.0000000000000001E-015
          59   1.0000000000000001E-015
          60   1.0000000000000001E-015
          61   1.0000000000000001E-015
          62  0.12180852432179420     
          63   5.6538508632394029E-003
          64   9.0461613813069164E-002
          65   2.2437322020242303E-003
          66   1.0000000000000001E-015
          67   1.0000000000000001E-015
          68   3.3883708310069566E-015
          69   6.0932638276629800E-002
          70   1.1902660732841000E-015
          71   1.0000000000000001E-015
          72   1.0000000000000001E-015
          73   1.1778739370937193E-015
          74   1.0000000000000001E-015
          75   5.0230269374680900E-003
          76   1.0000000000000001E-015
          77   1.0000000000000001E-015
          78   1.9933895611499394E-003
          79   1.5976549150712832E-015
          80   1.0000000000000001E-015
          81   1.2380578791465470E-015
          82   1.0000000000000001E-015
          83   8.3002791723195482E-002
          84   1.0000000000000001E-015
          85   1.0000000000000001E-015
          86   1.0000000000000001E-015
          87   7.5707993334468857E-002
          88   2.1030689492969181E-015
          89  0.10584435346857066     
          90   1.0000000000000001E-015
          91   1.0000000000000001E-015
          92   1.0000000000000001E-015
          93   1.0000000000000001E-015
          94   9.0461613813027614E-002
          95   2.2437322020259342E-003
          96   1.0000000000000001E-015
          97   2.2437322020236491E-003
          98   1.0000000000000001E-015
          99   1.0000000000000001E-015
         100   1.0000000000000001E-015
         101   2.2437322020231591E-003
         102   1.0000000000000001E-015
         103   1.0000000000000001E-015
         104   1.0000000000000001E-015
         105   1.0000000000000001E-015
         106   1.0000000000000001E-015
         107   2.2437322019655697E-003
         108   5.6538508632371131E-003
         109   1.0000000000000001E-015
         110   1.0000000000000001E-015
         111   1.0000000000000001E-015
         112   2.2437322020233690E-003
         113   1.0000000000000001E-015
         114   1.0000000000000001E-015
         115   1.0000000000000001E-015
         116   1.0000000000000001E-015
         117   1.0000000000000001E-015
         118   1.9933895611551253E-003
         119   2.6692519356592614E-002
         120   1.0000000000000001E-015
         121   1.0000000000000001E-015
         122   1.2657234745423905E-002
         123   1.9933895611502542E-003
         124   1.0000000000000001E-015
         125   1.0000000000000001E-015
         126   1.5960450248836119E-015
         127   2.2437322020173863E-003
         128   1.0000000000000001E-015
         129   1.0983086194074197E-015
         130   1.0000000000000001E-015
         131   1.0000000000000001E-015
         132   2.2437322020159591E-003
         133   2.7148619363679824E-015
         134   3.7123961331210004E-015
         135   1.0000000000000001E-015
         136   1.0000000000000001E-015
         137   2.4462791934593487E-002
         138   1.0000000000000001E-015
         139   1.0000000000000001E-015
         140   1.0000000000000001E-015
         141   1.0000000000000001E-015
         142   9.7080654127666248E-003
         143   5.6538508633123940E-003
         144   1.9933895611521936E-003
         145   1.0000000000000001E-015
         146   1.0000000000000001E-015
         147   1.7043241009636126E-002
         148   1.0000000000000001E-015
         149   1.0000000000000001E-015
         150   1.0000000000000001E-015
         151   1.0000000000000001E-015
         152   5.0230269374905165E-003
         153   5.0230269374547413E-003
         154   1.0000000000000001E-015
         155  0.74776274604603787     
         156  0.68454420948159511     
         157   1.0000000000000001E-015
         158   9.7080654125831344E-003
         159   3.3770002978498199E-014
         160   2.2437322020227887E-003
         161   1.0000000000000001E-015
         162   1.0000000000000001E-015
         163   4.2905607946742485E-015
         164   1.9933895611522361E-003
         165   1.9933895611521178E-003
         166   8.6248957141144920E-003
         167   1.0000000000000001E-015
         168   3.5899715232587566E-002
         169   1.0000000000000001E-015
         170  0.19991022970192793     
         171   1.9183640481297112E-002
         172   1.0000000000000001E-015
         173   2.6887170018109278E-015
         174   1.4246811431375793E-002
         175   2.1115308875203700E-015
         176   1.0000000000000001E-015
         177   1.7043241010213522E-002
         178   1.0000000000000001E-015
         179   1.2657234745929421E-002
         180   1.0000000000000001E-015
         181   7.1688265788681245E-014
         182   1.0000000000000001E-015
         183   1.0000000000000001E-015
         184   1.0000000000000001E-015
         185   1.0000000000000001E-015
         186  0.82789631482110249     
         187   1.0000000000000001E-015
         188   1.0000000000000001E-015
         189   1.0000000000000001E-015
         190   1.0000000000000001E-015
         191   1.0000000000000001E-015
         192  0.90065876654255883     
         193   1.0000000000000001E-015
         194   1.0000000000000001E-015
         195   1.0000000000000001E-015
         196   1.0000000000000001E-015
         197   1.0000000000000001E-015
         198   1.9933895611529656E-003
         199   1.0000000000000001E-015
         200   4.2004359510244248E-002
         201   2.4462791934592713E-002
         202   1.0000000000000001E-015
         203   1.0000000000000001E-015
         204   1.0000000000000001E-015
         205   1.0000000000000001E-015
         206   2.4713751775694043E-014
         207   2.2437322020139525E-003
         208   1.0000000000000001E-015
         209   1.7043241017327650E-002
         210   1.0000000000000001E-015
         211   1.0000000000000001E-015
         212   2.1733375334815289E-002
         213   1.0000000000000001E-015
         214   1.0000000000000001E-015
         215   2.2437322020239315E-003
         216   1.0000000000000001E-015
         217   3.5899715232391535E-002
         218   1.0000000000000001E-015
         219   1.0000000000000001E-015
         220   5.6538508633193112E-003
         221   1.0000000000000001E-015
         222   2.2437322020239900E-003
         223   1.0000000000000001E-015
         224   2.2437322020243109E-003
         225   1.0000000000000001E-015
         226   1.0000000000000001E-015
         227   1.8805788973813483E-015
         228   1.0000000000000001E-015
         229   1.0000000000000001E-015
         230   2.2437322020239779E-003
         231   5.0230269374636925E-003
         232   1.0000000000000001E-015
         233   2.1733375326655691E-002
         234   3.7317756412747670E-002
         235   1.0000000000000001E-015
         236   1.0000000000000001E-015
         237   1.0000000000000001E-015
         238   2.2437322020242120E-003
         239   1.0000000000000001E-015
         240   1.0000000000000001E-015
         241   1.0000000000000001E-015
         242  0.13799833142532733     
         243   1.9933895611516385E-003
         244   1.0000000000000001E-015
         245  0.15354062718069342     
         246   1.0000000000000001E-015
         247   1.0000000000000001E-015
         248   1.0000000000000001E-015
         249   1.0000000000000001E-015
         250   2.2437322020232770E-003
         251   1.0000000000000001E-015
         252   1.0000000000000001E-015
         253   1.9183640481087116E-002
         254   1.0000000000000001E-015
         255   3.0044737065141405E-002
         256   2.4462791934668292E-002
         257   1.0000000000000001E-015
         258   1.0000000000000001E-015
         259   3.5899715232310232E-002
         260   2.2437322020164522E-003
         261   1.0000000000000001E-015
         262   1.0000000000000001E-015
         263   5.6538508633020906E-003
         264   1.0000000000000001E-015
         265   1.0000000000000001E-015
         266   1.0000000000000001E-015
         267   1.9933895611501601E-003
         268   1.1873644332071807E-015
         269   1.9933895611433348E-003
         270   1.0000000000000001E-015
         271  0.76057225034905651     
         272   2.2437322019187968E-003
         273   1.0000000000000001E-015
         274  0.23749598615545883     
         275   1.0000000000000001E-015
         276   1.0000000000000001E-015
         277  0.22794898290121934     
         278   1.4246811431181417E-002
         279   1.0000000000000001E-015
         280   1.0000000000000001E-015
         281   1.0000000000000001E-015
         282   1.0000000000000001E-015
         283  0.10584435346884136     
         284   1.5837390366997280E-014
         285   1.0000000000000001E-015
         286   1.0000000000000001E-015
         287   1.0000000000000001E-015
         288   5.6538508633146014E-003
         289   1.0000000000000001E-015
         290   3.4927046970993803E-014
         291   1.0000000000000001E-015
         292   1.0000000000000001E-015
         293   1.4264893544713434E-015
         294   1.3923268836397447E-015
         295   1.9888269566746517E-015
         296   1.9933895611358369E-003
         297   1.0000000000000001E-015
         298   1.0000000000000001E-015
         299   1.0000000000000001E-015
         300   1.0000000000000001E-015
         301   1.0000000000000001E-015
         302   1.8666053416393680E-015
         303   1.0000000000000001E-015
         304   1.0000000000000001E-015
         305   1.0000000000000001E-015
         306   1.0000000000000001E-015
         307   1.9933895611450297E-003
         308   1.0000000000000001E-015
         309   1.0048356561667509E-015
         310   1.0000000000000001E-015
         311   2.2437322020236522E-003
         312   1.9933895611507421E-003
         313   1.3332291886232949E-015
         314   5.0230269374723410E-003
         315   1.0000000000000001E-015
         316   1.0000000000000001E-015
         317   1.0000000000000001E-015
         318   2.4896473907206475E-015
         319   1.0000000000000001E-015
         320   1.0000000000000001E-015
         321   1.0000000000000002     
         322   1.0000000000000004     
         323   1.4953299290308447E-014
         324   1.0000000000000001E-015
         325   2.2437322020325331E-003
         326   1.0000000000000001E-015
         327   1.0000000000000001E-015
         328   1.0000000000000001E-015
         329   1.0000000000000001E-015
         330   1.0000000000000001E-015
         331   1.0000000000000001E-015
         332   1.9933895611521490E-003
         333   1.9933895611524105E-003
         334   1.0000000000000001E-015
         335   1.0000000000000001E-015
         336   5.0230269374736923E-003
         337   1.0000000000000001E-015
         338   1.0000000000000001E-015
         339   1.0000000000000001E-015
         340   1.9933895611518315E-003
         341   1.0000000000000001E-015
         342   1.0000000000000001E-015
         343   1.0000000000000001E-015
         344   1.0000000000000001E-015
         345   8.7134619987236858E-002
         346   1.0000000000000001E-015
         347   4.2946276203257201E-002
         348   1.0000000000000001E-015
         349   1.0000000000000001E-015
         350   1.0122833625364522E-015
         351   1.9933895611518116E-003
         352   1.0000000000000001E-015
         353   1.0000000000000001E-015
         354   1.0000000000000001E-015
         355   1.0000000000000001E-015
         356   1.0000000000000001E-015
         357   1.0000000000000001E-015
         358   1.0000000000000001E-015
         359   2.2437322020204247E-003
         360   1.0000000000000001E-015
         361   1.0000000000000001E-015
         362   1.0000000000000001E-015
         363   1.0000000000000001E-015
         364   1.9933895611551023E-003
         365   1.0000000000000001E-015
         366   8.0368430999574317E-002
         367  0.10821783483057394     
         368   1.0000000000000001E-015
         369   1.0000000000000001E-015
         370   2.0893473160224422E-015
         371   3.5566249140659245E-015
         372   1.0000000000000001E-015
         373   1.0000000000000001E-015
         374   1.0000000000000001E-015
         375   1.0000000000000001E-015
         376   5.0230269374313859E-003
         377   1.0000000000000001E-015
         378   1.7043241009576805E-002
         379   5.0230269374730557E-003
         380   1.0000000000000001E-015
         381   1.9933895610501980E-003
         382   4.0491234965527849E-014
         383   1.0000000000000001E-015
         384   5.6538508633161731E-003
         385   1.0000000000000001E-015
         386   1.0000000000000001E-015
         387   5.0230269374724884E-003
         388   1.9933895611530523E-003
         389   1.0000000000000001E-015
         390   1.0000000000000001E-015
         391   1.9933895611519495E-003
         392   1.0000000000000001E-015
         393   3.8417796596641755E-015
         394   1.7043241009461741E-002
         395   5.6538508633142085E-003
         396   1.0000000000000001E-015
         397   1.0000000000000001E-015
         398   1.0000000000000001E-015
         399   1.0000000000000001E-015
         400   1.9933895611514772E-003
         401   1.0000000000000001E-015
         402   1.9933895611515115E-003
         403   1.0000000000000001E-015
         404   1.0000000000000001E-015
         405   1.9933895611526178E-003
         406   1.0008157860778104E-014
         407   1.0000000000000001E-015
         408   1.4246811431317551E-002
         409   1.0000000000000001E-015
         410   1.0000000000000001E-015
         411   1.0000000000000001E-015
         412   2.4462791934603663E-002
         413   1.0000000000000001E-015
         414   1.0000000000000001E-015
         415   1.0000000000000001E-015
         416  0.10106411583896568     
         417   1.9933895611490182E-003
         418   1.0000000000000001E-015
         419   1.9933895611516082E-003
         420   1.0000000000000001E-015
         421   1.0000000000000001E-015
         422   1.0000000000000001E-015
         423   9.7080654126446737E-003
         424   1.0000000000000001E-015
         425   1.0000000000000001E-015
         426   1.0000000000000001E-015
         427   5.6538508633553206E-003
         428   2.2437322020316319E-003
         429   1.0000000000000001E-015
         430   2.2437322020232194E-003
         431   1.0000000000000001E-015
         432   6.8683614231600679E-015
         433   1.0000000000000001E-015
         434   4.4193917138105176E-015
         435   1.1987020010440593E-015
         436   1.0000000000000001E-015
         437   1.9933895611513146E-003
         438   1.0000000000000001E-015
         439   9.7080654127465835E-003
         440   1.0000000000000001E-015
         441   3.0044737065221483E-002
         442   1.0000000000000001E-015
         443   1.0000000000000001E-015
         444   1.0000000000000001E-015
         445   1.0000000000000001E-015
         446   2.2437322020152704E-003
         447   2.6578960445100014E-015
         448   1.0000000000000001E-015
         449   1.0000000000000001E-015
         450   1.0000000000000001E-015
         451   1.0000000000000001E-015
         452   2.0259593491476796E-015
         453   1.7043241009635671E-002
         454   1.0000000000000001E-015
         455   2.2437322020283476E-003
         456   1.0500018151717245E-015
         457   1.0000000000000001E-015
         458   1.0000000000000001E-015
         459   1.0000000000000001E-015
         460   5.0230269374713955E-003
         461   1.0000000000000001E-015
         462   1.0000000000000001E-015
         463   1.2657234745517812E-002
         464   1.0000000000000001E-015
         465   1.0000000000000001E-015
         466   8.6073439244869486E-015
         467   1.0000000000000001E-015
         468   1.0000000000000001E-015
         469   1.0000000000000001E-015
         470  0.27663469849442079     
         471   5.6538508632645859E-003
         472   3.5899715232301704E-002
         473  0.17282324350353978     
         474   1.0000000000000001E-015
         475   1.0000000000000001E-015
         476   1.0000000000000001E-015
         477   1.0000000000000001E-015
         478   1.9933895611344353E-003
         479   8.2081298442870357E-015
         480   1.0000000000000001E-015
         481   9.4989861963168527E-015
         482   1.0000000000000001E-015
         483   1.0000000000000001E-015
         484   1.0000000000000001E-015
         485   4.6600556528489726E-014
         486   1.0000000000000001E-015
         487   1.9933895605264511E-003
         488   1.0000000000000001E-015
         489   1.4111082375814436E-012
         490   1.0000000000000001E-015
         491   5.0230269310181132E-003
         492   1.0000000000000001E-015
         493   1.7043241009644272E-002
         494   1.3379745005332330E-013
         495   1.0000000000000001E-015
         496   1.0000000000000001E-015
         497   2.6692519357791423E-002
         498  0.12999602736750318     
         499   1.0000000000000001E-015
         500  0.14676014618248409     
         501   1.0000000000000001E-015
         502   1.0000000000000001E-015
         503   1.0000000000000001E-015
         504   2.2437322020228590E-003
         505   1.0000000000000001E-015
         506   1.0000000000000001E-015
         507   1.0000000000000001E-015
         508   1.0000000000000001E-015
         509   2.2437322018946612E-003
         510   1.0000000000000001E-015
         511   5.6538508631525071E-003
         512   1.0000000000000001E-015
         513   2.2437322019854037E-003
         514   1.0000000000000001E-015
         515   5.0230269373997194E-003
         516   1.9933895611518072E-003
         517   1.0000000000000001E-015
         518   3.7317756412624248E-002
         519   1.0000000000000001E-015
         520   5.4764674118603682E-002
         521  0.30029639625195320     
         522   1.0000000000000001E-015
         523   1.0000000000000001E-015
         524  0.43727903292675546     
         525   1.0000000000000001E-015
         526  0.44753757510043646     
         527   1.0000000000000001E-015
         528   1.0000000000000001E-015
         529   1.0000000000000001E-015
         530   5.6538508633103271E-003
         531   2.2437322020235125E-003
         532   1.0000000000000001E-015
         533   1.0000000000000001E-015
         534   2.2437322020243265E-003
         535   1.0000000000000001E-015
         536   1.9933895610921236E-003
         537   1.0000000000000001E-015
         538   1.0000000000000001E-015
         539   1.0000000000000001E-015
         540   1.0000000000000001E-015
         541   1.0000000000000001E-015
         542   1.0000000000000001E-015
         543   1.0000000000000001E-015
         544   1.0000000000000001E-015
         545   1.0000000000000001E-015
         546   3.5885838021773549E-014
         547   5.6538508633126247E-003
         548   1.0000000000000001E-015
         549   9.7080654129492565E-003
         550  0.96244328312966310     
         551   1.0000000000000001E-015
         552   2.3789010147082472E-014
         553   1.0000000000000001E-015
         554   1.0000000000000001E-015
         555   1.9933895611377382E-003
         556   1.0000000000000001E-015
         557   1.2134553240590067E-015
         558   1.0000000000000001E-015
         559   8.6248957140836486E-003
         560   1.0000000000000001E-015
         561   1.0000000000000001E-015
         562   1.9933895611529118E-003
         563   1.0000000000000001E-015
         564   1.0000000000000001E-015
         565   1.0000000000000001E-015
         566   1.0000000000000001E-015
         567  0.16948693322539690     
         568   1.0000000000000001E-015
         569   1.0000000000000001E-015
         570   1.0000000000000001E-015
         571  0.99999999999999367     
         572   1.0000000000000001E-015
         573   1.0000000000000001E-015
         574   1.0000000000000001E-015
         575   1.0000000000000001E-015
         576   1.0000000000000001E-015
         577   1.0000000000000001E-015
         578   1.9933895611314867E-003
         579   5.0230269374470062E-003
         580   1.0000000000000001E-015
         581   5.0230269374679200E-003
         582   1.0000000000000001E-015
         583   1.0000000000000001E-015
         584   1.9933895611407787E-003
         585   2.1733375326730434E-002
         586   1.0000000000000001E-015
         587   2.2437322020828869E-003
         588   4.8339744911696569E-002
         589   1.4246811431283847E-002
         590   1.2657234745198189E-002
         591   1.0000000000000001E-015
         592   1.0000000000000001E-015
         593   1.9933895608310755E-003
         594  0.20915392898376334     
         595   5.0230269374725578E-003
         596   1.9933895611522834E-003
         597   1.0000000000000001E-015
         598   1.0000000000000001E-015
         599   1.0000000000000001E-015
         600   1.9933895611518237E-003
         601   1.0000000000000001E-015
         602   1.0000000000000001E-015
         603   1.0462620179180093E-015
         604   1.0000000000000001E-015
         605   1.0000000000000001E-015
         606  0.27269185615419839     
         607   1.0000000000000001E-015
         608  0.29102115958463670     
         609   1.0000000000000001E-015
         610   1.0000000000000001E-015
         611   1.0000000000000001E-015
         612   1.0000000000000001E-015
         613   5.0230269374735405E-003
         614   1.0000000000000001E-015
         615   1.0000000000000001E-015
         616   1.0000000000000001E-015
         617   1.9933895611531269E-003
         618   1.0000000000000001E-015
         619   1.0000000000000001E-015
         620   1.0000000000000001E-015
         621   1.9933895610311668E-003
         622   1.0000000000000001E-015
         623   1.9933895611522032E-003
         624   1.0000000000000004     
         625  0.99999999999993727     
         626   1.0000000000000001E-015
         627   1.6926024498484001E-015
         628   1.9933895611509355E-003
         629   1.0000000000000001E-015
         630   5.5387590355088466E-014
         631   3.0206526711475001E-015
         632   1.9933895611519729E-003
         633   1.0000000000000001E-015
         634   2.2437322020231764E-003
         635   2.2437322019017839E-003
         636   1.0000000000000001E-015
         637   6.2276574207997815E-015
         638   1.0000000000000001E-015
         639   3.0044737065300128E-002
         640   1.7157644223021884E-014
         641   1.0000000000000001E-015
         642   1.0000000000000001E-015
         643   1.0000000000000001E-015
         644   1.9933895611550815E-003
         645   1.0000000000000001E-015
         646   8.6248957135863970E-003
         647   1.0000000000000001E-015
         648   1.0000000000000001E-015
         649   1.0000000000000001E-015
         650   1.0000000000000001E-015
         651  0.67206975216359754     
         652   8.6248957140804619E-003
         653   1.0000000000000001E-015
         654   4.2034890591967220E-015
         655   1.0000000000000001E-015
         656   1.0000000000000001E-015
         657   1.0000000000000001E-015
         658   1.0000000000000001E-015
 time 1.0e30
