  -1.6983768299911109E-015
  -3.7741470286727744E-013
   9.4339622645331443E-003
  -3.6093350919623851E-015
  -9.5706004254232101E-016
  -5.0243798582451914E-015
   2.0618556701028922E-002
   3.0927835051500371E-002
  -6.1855670103047593E-002
   4.9402957943448228E-015
   1.0540512691080409E-015
   3.1680741466817539E-015
  -1.1194334513432099E-015
 -0.99999999999999767     
  -1.7391246817480766E-015
  0.99999999999999845     
   4.8456160316547028E-016
   3.3041484302631066E-015
   9.4339622641526674E-003
  -2.0996607157123514E-015
   3.3774234078444675E-016
  -3.9223700495806367E-015
  -2.3190285504291691E-015
  -8.4444143752715793E-016
   2.0618556701027486E-002
   3.6919523863606895E-015
   1.0717742806792460E-015
  -5.1546391752575034E-002
   2.0618556701030688E-002
   1.9805918829816376E-015
  0.11320754716980944     
  -1.8867924528287082E-002
  -8.4905660377372238E-002
  -5.2912298261561680E-016
  -4.1350934019613099E-016
   7.6950396066446746E-016
   1.5736333254356836E-015
  -2.4510108065632772E-015
  -2.2683735505649064E-015
  -1.0309278350511961E-002
  -6.3379998888695766E-015
  -4.0457792828884680E-015
  -2.6712465937249014E-015
  -1.0309278350508521E-002
  -5.1173294807524691E-015
  -3.9512699344871229E-015
  -2.9119110789895625E-015
  -1.0309278350507826E-002
  -5.4112607662307446E-015
  -2.4719360415034395E-015
  -6.2614328878656464E-016
  -3.7735849056611530E-002
  -2.8301886792453046E-002
  -1.8736514316901228E-015
   7.5471698113220756E-002
  -6.6232903891659819E-015
  -1.0309278350512555E-002
  -2.5880477976871840E-015
  -3.3560278252056815E-015
   2.0236533935785739E-015
  -8.8802403714957156E-016
 -0.20618556701025254     
   2.0618556700960907E-002
  0.16494845360826227     
   1.0309278350513543E-002
  -8.0306396401955708E-016
  -1.1192528082415844E-015
  -1.7867893123106733E-016
  0.12264150943396528     
  -3.9320383099699209E-015
   7.8199776932923245E-016
   9.5149674992044670E-017
   1.7260558041113307E-015
   1.0270426155500798E-015
   1.8867924528294024E-002
  -2.2100754655007254E-015
   3.6365941050060934E-015
  -9.4339622641460459E-003
   1.6453868878333835E-015
  -7.8168091500486574E-016
  -1.4115546248116772E-015
  -7.5014996852430668E-016
 -0.15463917525786053     
   2.1341203243478440E-015
   8.1073036074371479E-015
   4.2060182125472547E-015
  0.14432989690732984     
   9.8018976016392299E-015
 -0.18556701030927855     
  -1.1548367476733735E-015
   2.4142040462702090E-015
  -1.4151951631630103E-015
   2.1665285329841756E-015
  0.16494845360823995     
   1.0309278350517119E-002
  -3.8584942067745143E-015
  -1.0309278350513255E-002
  -5.0857071206942308E-015
  -1.4599455454099406E-015
  -1.1941031371071181E-015
  -1.0309278350512761E-002
  -2.3397688605444544E-015
  -3.7673927262234296E-015
   7.9406740130552336E-016
  -2.2272289740492604E-015
  -1.5741881825459693E-015
   1.0309278350444324E-002
  -2.0618556700955470E-002
  -5.5497094477619725E-015
  -2.6099147077922471E-015
  -5.7708231390254511E-015
  -1.0309278350513870E-002
  -7.5056118336070227E-017
  -2.8095250896801700E-015
   1.7145130652296248E-015
   2.6457511581737920E-015
   9.7900822998009825E-016
  -9.4339622641530056E-003
   6.6037735849055354E-002
  -1.7195170605311124E-015
  -7.2634156159048410E-016
  -3.7735849056603710E-002
  -9.4339622641475586E-003
  -1.4531879494256247E-015
  -2.2091940395298890E-015
   5.1032302089646432E-016
  -1.0309278350505283E-002
  -5.7305990027655782E-015
  -3.6407378250441009E-015
   5.2672041054892091E-016
  -6.6966460641979115E-016
  -1.0309278350505385E-002
  -4.9798694629096672E-015
  -9.6854350575959389E-016
  -3.5519500909997602E-016
  -8.4155226809783865E-016
  -6.1855670103090690E-002
  -5.8972752684244516E-016
  -2.1749319067314310E-015
   1.9782167817679811E-015
  -2.0516517960543226E-015
   3.0927835051547208E-002
   2.0618556701028901E-002
   9.4339622641497096E-003
   3.3552722230243347E-015
   1.0790869116002145E-015
   4.7169811320755616E-002
  -1.5386214986532400E-015
  -4.4964493419794871E-015
  -4.7672218279352661E-015
   6.4012807718147901E-017
  -1.8867924528316975E-002
  -1.8867924528284116E-002
   4.3153198868228642E-016
 -0.80412371134021110     
  0.75257731958764396     
   5.1746953909253302E-015
   3.0927835051400503E-002
   1.3801551134823065E-013
   1.0309278350512041E-002
   2.3020242208382467E-015
   2.5161515631289022E-015
  -2.7615527018506302E-014
  -9.4339622641497929E-003
  -9.4339622641504816E-003
   2.8301886792477481E-002
  -3.5158798546811428E-016
   8.2474226804235690E-002
   7.5673803426616146E-015
 -0.29896907216500779     
  -5.1546391752619596E-002
  -3.1777072431027929E-015
   3.8408383388940405E-015
   4.1237113402102808E-002
  -1.9869829640077909E-016
   7.4667863411551928E-016
   4.7169811321162783E-002
  -1.0560403826595140E-014
  -3.7735849056986695E-002
  -5.0575901952023241E-015
  -1.9480480916687581E-014
  -4.2703320599477487E-015
   8.2333047807114192E-016
   7.1090827648268188E-016
   1.5562197577121617E-015
 -0.86792452830189049     
  -1.4801920434973049E-015
  -7.3097900688192922E-015
  -4.9294246993188749E-015
  -3.4083506184782062E-015
  -1.5608866438654995E-015
  0.92452830188721102     
  -1.6332043761695165E-015
  -2.8864686418378570E-015
  -1.9266792659168490E-015
   5.4098109347909993E-015
  -1.1703311203341122E-015
   9.4339622641517549E-003
   2.4347978883895260E-016
   9.2783505154651877E-002
   6.1855670103089483E-002
  -4.4298178181146067E-017
   7.4100057290979871E-015
   4.6721802243871522E-015
   4.7194666012854993E-016
  -5.8364274404998630E-014
   1.0309278350501581E-002
   3.3134965212353583E-015
  -4.7169811326093138E-002
  -1.3693090219383850E-015
   1.1700211941188281E-016
   5.6603773590244724E-002
   7.6704188926887266E-016
  -5.4325781560096946E-015
  -1.0309278350513745E-002
  -2.3335660846674633E-015
  -8.2474226804124556E-002
   1.1192937209785678E-015
  -1.4646065077631133E-015
   2.0618556701033304E-002
   2.4375663316682311E-015
  -1.0309278350514465E-002
  -2.7143391619613843E-015
  -1.0309278350514999E-002
  -1.2530932964301717E-015
   3.7271760616871738E-015
  -4.6616776224691450E-015
   1.3626000976848917E-015
  -2.6539657359363964E-015
  -1.0309278350514484E-002
  -1.8867924528290662E-002
  -5.9160223757486880E-015
  -5.6603773584917493E-002
   8.4905660377361136E-002
   5.2813240095715987E-016
  -3.8580554163896056E-015
   2.6669475748712067E-015
   1.0309278350514709E-002
   1.2328780537020647E-015
  -4.6181705729484266E-015
   6.1591413916147313E-016
 -0.22641509433962179     
  -9.4339622641486619E-003
  -1.2236408083765284E-015
  0.24528301886792400     
  -3.0805964406109269E-015
  -3.8494480696816375E-016
  -2.0355461504539548E-016
   3.0805927519340417E-015
   1.0309278350512607E-002
  -3.4408447438159847E-017
  -9.2047961174737028E-016
   5.1546391752471186E-002
  -2.2456921542672086E-015
  -7.2164948453499148E-002
   6.1855670103135564E-002
   2.2955431274674392E-016
  -2.4464655684862919E-016
   8.2474226804080800E-002
   1.0309278350503772E-002
  -3.6727844431016122E-015
  -5.9258578865413719E-015
  -2.0618556701012779E-002
  -7.9554816258054618E-015
   2.6604657548282015E-015
   5.4517291710263129E-015
   9.4339622641456660E-003
  -5.1254550247156870E-016
  -9.4339622641378875E-003
   1.7655992597344839E-015
 -0.81443298969060285     
   1.0309278350391285E-002
   2.1784422086183475E-015
 -0.34020618556708876     
   2.3249438255601608E-016
   1.1534806189212588E-015
  0.32989690721656650     
   4.1237113401955287E-002
   6.1482788163293813E-015
  -2.2104276430679506E-015
  -3.5727858295741415E-015
   2.9933352171525974E-015
 -0.18556701030939715     
   1.1935179976493797E-013
  -6.5597911927429443E-016
   2.6450245545458355E-015
  -7.5160407053769694E-016
   2.0618556701030692E-002
   2.8899711470351074E-015
  -4.9379602832396633E-014
   6.6417601127525085E-016
  -4.0729871376835980E-015
   1.8499895486694844E-016
  -7.1752341729908358E-016
   4.0942594459621501E-016
   9.4339622641281089E-003
   3.0803205646372275E-015
   6.4595040866173575E-015
  -3.7354535017668495E-016
   1.9646853514374671E-015
   2.3515975013296967E-015
   5.2898165154670998E-015
   6.2859051078257255E-015
   1.2859610027212168E-015
  -1.2582779435703667E-015
   4.2918197874818326E-015
  -9.4339622641404063E-003
  -1.1724564524014823E-015
  -1.4318685922316435E-015
   1.1380418544860434E-015
  -1.0309278350514244E-002
  -9.4339622641458828E-003
  -2.2265554510172587E-015
   1.8867924528297726E-002
   3.1594668598960765E-015
   1.3431823329064892E-015
  -3.3058212047680772E-015
  -9.0706977593207877E-015
  -9.1543480010958707E-016
   5.8329167792956331E-016
  -1.0000000000000007     
   1.0000000000000002     
   9.3841579963020056E-015
  -1.2238348592662094E-015
  -1.0309278350524670E-002
   3.4002105142323575E-015
  -1.8980095982023772E-015
   2.3576141083237164E-015
  -6.9263116914406793E-016
   1.6443575978482428E-015
   9.5053544149827513E-016
   9.4339622641495986E-003
  -9.4339622641502162E-003
   7.6996847887009781E-016
  -1.6499094934090385E-015
   1.8867924528301480E-002
   9.4810380024018238E-016
   5.0322340503848369E-016
   2.6823658240186730E-015
   9.4339622641490400E-003
   1.9080370902727884E-015
  -2.6656241482753037E-015
   1.3180647172758074E-015
  -1.4777416014243155E-015
  0.16037735849056589     
  -1.0054769204558449E-015
  -9.4339622636168394E-002
  -2.3361111963494470E-015
   2.3539948240574057E-016
  -1.6977243696006424E-015
   9.4339622641489863E-003
   2.6132778755613539E-015
  -5.1356007135964279E-016
  -1.2643032365107375E-015
   1.9640079731167943E-015
   1.9347748451599372E-015
   1.7964769410213241E-015
  -4.3470945480038350E-015
  -1.0309278350510626E-002
  -7.0553682210663747E-016
  -1.2063469051933099E-015
  -4.9596301602059681E-015
  -8.2550270197692212E-016
  -9.4339622641539979E-003
  -5.5862049445551588E-015
 -0.15094339622641526     
  0.18867924528301835     
  -1.7879110113884661E-016
   4.6311511974902352E-016
   4.4435151295932225E-015
  -7.2443485992066163E-015
  -1.9111835564434579E-015
   2.1019446838898664E-015
  -4.5627942357096032E-016
   3.4206619507547039E-015
  -1.8867924528260884E-002
   2.6300582607539186E-015
   4.7169811320710832E-002
  -1.8867924528301237E-002
  -3.2244070362451333E-015
   9.4339622640299773E-003
   1.2250681772429605E-013
  -2.5288088461779444E-015
   2.0618556701031299E-002
   3.8069525134625239E-015
   1.5463012035829308E-015
  -1.8867924528299718E-002
  -9.4339622641517913E-003
  -7.5751963130998790E-015
  -1.9665749665837844E-015
   9.4339622641498692E-003
   1.3128903559831129E-016
  -9.8571361293264045E-016
   4.7169811320632693E-002
  -2.0618556701029165E-002
  -3.3331144553841376E-016
   1.7642115694017707E-015
  -3.3187705661920607E-015
  -1.5567715677616359E-015
  -9.4339622641482681E-003
  -5.0817734985797426E-015
  -9.4339622641495778E-003
   3.1495111497388389E-015
   1.6306227739686722E-015
  -9.4339622641504313E-003
   3.9918386165280069E-014
   7.1046558221936870E-015
   4.1237113402066740E-002
   1.9815472080006010E-015
   2.4933669900428942E-015
   3.9083062527561898E-015
  -6.1855670103104339E-002
   1.5648165876054416E-015
  -6.5995809124984581E-016
  -2.8193298784329902E-015
  0.17924528301886408     
  -9.4339622641456226E-003
   2.4207310345682907E-015
   9.4339622641481762E-003
   1.0540206716801169E-015
   3.3584998331650627E-015
  -1.9804179808556246E-016
   3.0927835051442313E-002
  -1.4990745192233922E-015
  -3.0421515465087671E-015
  -3.8764536185946887E-015
   2.0618556701066292E-002
   1.0309278350522033E-002
  -3.4092650862796866E-015
  -1.0309278350514038E-002
   2.2257043333799143E-015
  -1.6068298029196331E-014
   1.1145713664371236E-015
   1.3231118902293569E-014
   2.2674271286763762E-015
  -3.3174681338199956E-015
   9.4339622641500184E-003
   3.1362585996484750E-015
  -3.0927835051527682E-002
  -7.7682980957866720E-016
  -7.2164948453563457E-002
   4.0578595567439578E-015
  -6.9939069537149233E-015
  -6.7443035985837498E-015
   2.1051444598809350E-015
  -1.0309278350503116E-002
  -9.4586236956398506E-015
  -3.1302829512059923E-015
  -1.1061325027716267E-015
   1.9511273792287578E-015
  -7.8776408878763428E-015
  -9.5861381301308479E-015
  -4.7169811320754713E-002
  -3.2768777845108736E-015
  -1.0309278350519657E-002
   2.7236184576893126E-015
   2.8151057168939936E-015
   2.3999429236392528E-015
   2.7919488494217856E-015
  -1.8867924528299204E-002
  -5.8624044059000619E-015
  -3.3804830333903438E-015
   3.7735849056671829E-002
   1.0478512660055299E-015
   2.9283487562180424E-015
  -4.4523039073242521E-014
   8.7154707664590086E-016
  -1.7796535718129583E-015
   2.5983559586594001E-015
 -0.38144329896900087     
   2.0618556700982994E-002
   8.2474226804060136E-002
  0.26804123711344174     
   1.2963640526185996E-015
   4.0459038156686959E-015
   1.8261429778877354E-015
  -1.5650958127173839E-015
   9.4339622641280603E-003
   2.7263145885673778E-014
   3.8665078073166559E-015
   4.4314746982961740E-014
   3.8437514700499726E-016
  -1.9625510053072969E-015
  -6.2946555333492808E-016
  -1.6873236511102598E-013
  -6.9495317644934377E-016
  -9.4339622634068091E-003
  -1.4898542991574137E-015
   5.5096092207557794E-012
   1.4620426696791374E-015
   1.8867924522216112E-002
  -3.3739289303599219E-015
  -4.7169811320758898E-002
  -7.3706903097946979E-013
  -1.5668481250478554E-015
   8.4056931005731547E-016
   6.6037735849800702E-002
  0.21649484536092492     
   5.1721195873920489E-015
 -0.23711340206196835     
  -1.0475450233544568E-015
   1.1123072782791163E-016
   1.4281431243643603E-015
   1.0309278350514040E-002
   2.8574651154865603E-015
   7.3901134542433223E-016
   9.5725664256706591E-016
   5.4991000988116500E-016
   1.0309278350365027E-002
   3.1511103755752768E-015
  -2.0618556700881936E-002
  -2.6829792226887884E-015
  -1.0309278350470012E-002
   1.2200985851578161E-015
  -1.8867924528232997E-002
  -9.4339622641482161E-003
  -1.8437640943953041E-015
   8.4905660377289971E-002
  -2.4373534993038123E-015
 -0.11320754716981038     
 -0.40566037735850685     
  -2.8544767856282445E-015
   3.5426815405380111E-016
  0.53773584905659944     
  -1.4638097932075834E-015
  0.54716981132078135     
  -4.4150402019889739E-015
  -3.2729255430632981E-015
   2.3491912557694687E-015
   2.0618556701026435E-002
   1.0309278350514340E-002
   3.0786262634424312E-015
   8.7623273341437098E-016
  -1.0309278350515608E-002
  -3.2041581029962778E-015
   9.4339622640785391E-003
   3.6178998564105858E-015
  -4.8421128557824644E-015
  -7.0677717875768699E-016
  -3.2793595332694961E-015
  -6.8958568635274018E-016
  -2.1115171375128523E-015
  -4.0131198999304990E-015
   2.5242016203086556E-015
   1.8339983389005284E-015
   1.4993765779607673E-013
   2.0618556701028069E-002
  -3.4723045841074299E-015
  -3.0927835051695503E-002
  0.97169811320794908     
  -3.8825637919284295E-015
  -1.0347788973093939E-013
   1.2710173909416015E-015
   3.0015250990627384E-015
  -9.4339622641335177E-003
   2.6986257949967177E-015
   1.2152744639554546E-015
   4.8500018496291683E-015
   2.8301886792454014E-002
  -3.4705094777045652E-015
  -2.5133058351690625E-015
  -9.4339622641516230E-003
   2.7385973805234459E-015
  -3.3562344911273620E-015
   2.9749721767969592E-016
  -2.6654031638248813E-015
 -0.26415094339624384     
  -5.5849075844656295E-015
   3.6164361249125673E-015
   2.4878708888373961E-016
  0.99999999999999878     
   2.8541023473573605E-015
  -1.6570255738610750E-015
   1.4410753146788585E-015
   2.0655212351476794E-015
   2.1377736253275676E-015
  -2.7789720590808456E-016
  -9.4339622641251199E-003
   1.8867924528275869E-002
  -3.8109742872700297E-016
   1.8867924528291453E-002
  -2.1945032622608495E-016
   2.1380079781934712E-015
  -9.4339622641366264E-003
   5.6603773584962151E-002
   8.7184911394575524E-015
   1.0309278350583428E-002
 -0.10309278350509272     
   4.1237113402036479E-002
  -3.7735849056434442E-002
   2.9829741421551420E-015
  -8.1142568231111883E-016
   9.4339622637622470E-003
  0.30927835051553576     
  -1.8867924528299461E-002
  -9.4339622641507592E-003
  -2.5160261780499984E-015
  -6.5174814727309995E-015
  -2.1325089056005550E-016
   9.4339622641474059E-003
   3.1749137296554313E-015
   1.4634448308978952E-015
  -1.6294843433465661E-015
   5.5162285055950847E-015
   8.4221326546893440E-015
 -0.37735849056603687     
   2.8929155299128505E-016
  0.39622641509434575     
  -2.5679866440449040E-015
  -7.4592737055389154E-016
   2.0882340839435082E-015
   5.5236813192112606E-016
   1.8867924528297435E-002
   7.2306428149247492E-016
   1.5021183453907906E-015
  -1.8877246819901054E-016
   9.4339622641515276E-003
   8.3564884847099963E-017
  -1.3339302995371076E-016
  -4.1170272527668652E-015
  -9.4339622640072507E-003
  -4.2250713546637137E-015
   9.4339622641497149E-003
  0.99999999999999978     
 -0.99999999999998346     
  -2.7849632451062469E-015
   6.8192264958099566E-015
   9.4339622641488909E-003
   5.3421933757738810E-016
  -6.0234124968570552E-014
  -2.0491564636336481E-014
   9.4339622641497912E-003
  -3.3419768441702939E-015
   1.0309278350512161E-002
   1.0309278350374488E-002
  -1.0739943137929609E-015
   2.4458168713450469E-014
   2.2048131614378712E-015
   7.2164948453606256E-002
   5.5386333176151916E-014
  -6.6527277458698246E-016
  -6.5722534013688855E-016
   2.6941736242606270E-015
   9.4339622641533248E-003
  -7.0218304453547233E-017
  -2.8301886792031525E-002
  -5.9633525364063973E-016
  -5.2880420786682019E-016
  -3.6510414802176593E-015
  -4.0393890335474772E-015
  0.74226804123711243     
  -2.8301886792450631E-002
   5.2003498761694423E-015
   1.7816126890589811E-014
  -1.6494178080518781E-015
  -1.0415082602085919E-014
  -1.7785530128448438E-015
   1.9735172449723688E-015
