           1        268
 time -1e30 
         243
           1   0.008130081300813009
          10 -0.008333333333333333
         100   0.008130081300813009
         101   0.008130081300813009
         102   0.008130081300813009
         103   0.008130081300813009
         104   0.008130081300813009
         105   0.008130081300813009
         106   0.008130081300813009
         107   0.008130081300813009
         108   0.008130081300813009
         109   0.008130081300813009
          11 -0.008333333333333333
         110   0.008130081300813009
         111   0.008130081300813009
         112   0.008130081300813009
         113   0.008130081300813009
         114   0.008130081300813009
         115   0.008130081300813009
         116   0.008130081300813009
         117   0.008130081300813009
         118   0.008130081300813009
         119   0.008130081300813009
          12 -0.008333333333333333
         120   0.008130081300813009
         121   0.008130081300813009
         122   0.008130081300813009
         123   0.008130081300813009
         124   0.008130081300813009
         125   0.008130081300813009
         126   0.008130081300813009
         127   0.008130081300813009
         128   0.008130081300813009
         129   0.008130081300813009
          13 -0.008333333333333333
         134 -0.008333333333333333
         135 -0.008333333333333333
         136 -0.008333333333333333
         137 -0.008333333333333333
          14 -0.008333333333333333
         144 -0.008333333333333333
         145 -0.008333333333333333
         146 -0.008333333333333333
         147 -0.008333333333333333
         148 -0.008333333333333333
         149 -0.008333333333333333
          15   0.008130081300813009
         150 -0.008333333333333333
         151 -0.008333333333333333
         152 -0.008333333333333333
         153 -0.008333333333333333
         154 -0.008333333333333333
         155 -0.008333333333333333
         156 -0.008333333333333333
         157 -0.008333333333333333
         158 -0.008333333333333333
         159 -0.008333333333333333
          16   0.008130081300813009
         160 -0.008333333333333333
         161 -0.008333333333333333
         162 -0.008333333333333333
         163 -0.008333333333333333
         164 -0.008333333333333333
         165 -0.008333333333333333
         166 -0.008333333333333333
         167 -0.008333333333333333
         168 -0.008333333333333333
         169 -0.008333333333333333
          17   0.008130081300813009
         170   0.008130081300813009
         171   0.008130081300813009
         172   0.008130081300813009
         173 -0.008333333333333333
         174 -0.008333333333333333
         175 -0.008333333333333333
         176 -0.008333333333333333
         177 -0.008333333333333333
         178 -0.008333333333333333
         179 -0.008333333333333333
          18   0.008130081300813009
         180 -0.008333333333333333
         181 -0.008333333333333333
         182 -0.008333333333333333
         183 -0.008333333333333333
         184 -0.008333333333333333
         185 -0.008333333333333333
         186 -0.008333333333333333
         187 -0.008333333333333333
         188 -0.008333333333333333
         189 -0.008333333333333333
          19   0.008130081300813009
         190 -0.008333333333333333
         191 -0.008333333333333333
         192 -0.008333333333333333
         193 -0.008333333333333333
         194 -0.008333333333333333
         195 -0.008333333333333333
         196 -0.008333333333333333
         197 -0.008333333333333333
         198 -0.008333333333333333
         199 -0.008333333333333333
           2   0.008130081300813009
          20   0.008130081300813009
         200 -0.008333333333333333
         201 -0.008333333333333333
         202 -0.008333333333333333
         203 -0.008333333333333333
         204 -0.008333333333333333
         205 -0.008333333333333333
         206 -0.008333333333333333
         207 -0.008333333333333333
         208 -0.008333333333333333
         209 -0.008333333333333333
          21   0.008130081300813009
         210 -0.008333333333333333
         211 -0.008333333333333333
         212 -0.008333333333333333
         213 -0.008333333333333333
         214 -0.008333333333333333
         215 -0.008333333333333333
         216 -0.008333333333333333
         217 -0.008333333333333333
         218 -0.008333333333333333
         219 -0.008333333333333333
          22   0.008130081300813009
         220 -0.008333333333333333
         221 -0.008333333333333333
         222 -0.008333333333333333
         223   0.008130081300813009
         224   0.008130081300813009
         225   0.008130081300813009
         226 -0.008333333333333333
         227 -0.008333333333333333
         228 -0.008333333333333333
          23   0.008130081300813009
         230 -0.008333333333333333
         231 -0.008333333333333333
         232 -0.008333333333333333
          24   0.008130081300813009
         246 -0.008333333333333333
         247 -0.008333333333333333
         248 -0.008333333333333333
         249 -0.008333333333333333
          25   0.008130081300813009
         250 -0.008333333333333333
         251 -0.008333333333333333
         252 -0.008333333333333333
         253 -0.008333333333333333
         254 -0.008333333333333333
         255 -0.008333333333333333
         256 -0.008333333333333333
         257 -0.008333333333333333
         258 -0.008333333333333333
         259 -0.008333333333333333
          26   0.008130081300813009
         260 -0.008333333333333333
         261 -0.008333333333333333
         262 -0.008333333333333333
         263 -0.008333333333333333
         264 -0.008333333333333333
         265 -0.008333333333333333
         266 -0.008333333333333333
         267 -0.008333333333333333
         268 -0.008333333333333333
          28   0.008130081300813009
          29   0.008130081300813009
           3   0.008130081300813009
          30   0.008130081300813009
          31   0.008130081300813009
          32   0.008130081300813009
          33   0.008130081300813009
          34   0.008130081300813009
          35   0.008130081300813009
          36   0.008130081300813009
          37   0.008130081300813009
          38   0.008130081300813009
          39   0.008130081300813009
           4 -0.008333333333333333
          40   0.008130081300813009
          41   0.008130081300813009
          42   0.008130081300813009
          43   0.008130081300813009
          44   0.008130081300813009
          45   0.008130081300813009
          46   0.008130081300813009
          47   0.008130081300813009
          48   0.008130081300813009
          49   0.008130081300813009
           5 -0.008333333333333333
          50   0.008130081300813009
          51   0.008130081300813009
          52   0.008130081300813009
          53   0.008130081300813009
          54   0.008130081300813009
          55   0.008130081300813009
          56   0.008130081300813009
          57   0.008130081300813009
          58   0.008130081300813009
          59   0.008130081300813009
           6 -0.008333333333333333
          60   0.008130081300813009
          61   0.008130081300813009
          62   0.008130081300813009
          63   0.008130081300813009
          64   0.008130081300813009
          65   0.008130081300813009
          66   0.008130081300813009
          67   0.008130081300813009
          68   0.008130081300813009
          69   0.008130081300813009
           7 -0.008333333333333333
          70   0.008130081300813009
          71   0.008130081300813009
          72   0.008130081300813009
          73   0.008130081300813009
          74   0.008130081300813009
          75   0.008130081300813009
          76   0.008130081300813009
          77   0.008130081300813009
          78   0.008130081300813009
          79   0.008130081300813009
           8 -0.008333333333333333
          80   0.008130081300813009
          81   0.008130081300813009
          82   0.008130081300813009
          83   0.008130081300813009
          84   0.008130081300813009
          85   0.008130081300813009
          86   0.008130081300813009
          87   0.008130081300813009
          88   0.008130081300813009
          89   0.008130081300813009
           9 -0.008333333333333333
          90   0.008130081300813009
          91   0.008130081300813009
          92   0.008130081300813009
          93   0.008130081300813009
          94   0.008130081300813009
          95   0.008130081300813009
          96   0.008130081300813009
          97   0.008130081300813009
          98   0.008130081300813009
          99   0.008130081300813009
 time 1e30