1   1161
time    0.0
1161
1 1.734896816E-2
2 6.469449620E-3
3 3.997678769E-2
4 2.286077962E-2
5 1.532580579E-2
6 6.468298261E-3
7 4.532388505E-2
8 4.828671122E-2
9 8.359397992E-2
10 2.080254023E-2
11 1.347283804E-2
12 1.973774453E-2
13 3.065137321E-2
14 2.232919421E-2
15 1.347168668E-2
16 6.852327932E-2
17 5.269520942E-2
18 5.904568883E-2
19 1.144967567E-2
20 2.592168141E-3
21 5.764376078E-2
22 4.181569088E-2
23 4.816617029E-2
24 4.144775493E-2
25 4.441058110E-2
26 7.971784980E-2
27 6.083258072E-2
28 1.646691020E-2
29 6.486782771E-3
30 5.871335970E-2
31 4.561984107E-2
32 4.703082042E-3
33 6.976115264E-2
34 5.951204301E-2
35 5.822872976E-2
36 5.978102522E-2
37 1.120076022E-1
38 9.891408352E-2
39 5.872277600E-2
40 1.245458896E-1
41 1.293641496E-1
42 1.541535470E-2
43 6.764193163E-2
44 5.454841300E-2
45 1.435710548E-2
46 8.018021913E-2
47 8.499847906E-2
48 4.399684736E-3
49 6.468474231E-3
50 1.195515855E-2
51 4.103979516E-1
52 8.226949676E-2
53 1.721858917E-2
54 2.054416184E-1
55 4.080606141E-1
56 7.153259821E-2
57 1.782097655E-1
58 1.199963609E-1
59 4.649844742E-2
60 1.371643935E-2
61 4.581394839E-3
62 1.006807916E-2
63 6.964551882E-2
64 1.763226861E-1
65 1.181092815E-1
66 3.427514753E-3
67 4.942854104E-2
68 3.195111926E-3
69 1.138704865E-2
70 1.213686865E-2
71 9.185014387E-3
72 1.740029928E-2
73 5.496304248E-3
74 2.288698360E-2
75 7.720099264E-2
76 1.838781599E-1
77 1.256647553E-1
78 1.098298857E-2
79 1.935917178E-2
80 1.738439661E-1
81 5.800519096E-2
82 1.884173940E-2
83 8.031134301E-3
84 3.808382075E-1
85 1.814832935E-1
86 6.564451830E-2
87 2.648106674E-2
88 1.567046164E-2
89 1.615403262E-2
90 1.444340374E-2
91 1.452754973E-2
92 1.157646956E-1
93 1.438600868E-1
94 2.201293126E-1
95 4.111643464E-1
96 1.690123441E-1
97 2.702494900E-1
98 2.983448812E-1
99 8.443437986E-1
100 5.429623292E-1
101 1.733133735E-1
102 6.512708592E-2
103 5.431648083E-2
104 5.317356891E-2
105 1.544107148E-1
106 1.825061060E-1
107 4.271235540E-1
108 9.523535879E-3
109 6.017424023E-3
110 6.427399325E-3
111 1.597150358E-2
112 6.969046376E-3
113 1.246532729E-2
114 6.423216088E-2
115 2.588259492E-2
116 1.194442113E-2
117 3.615395442E-2
118 1.287530259E-2
119 2.241940685E-2
120 1.341694964E-2
121 2.237648306E-2
122 8.438309277E-3
123 9.369190734E-3
124 1.891329499E-2
125 9.910837784E-3
126 5.589397886E-3
127 3.728532628E-2
128 3.544838840E-2
129 1.628432457E-2
130 2.051530600E-2
131 1.134165420E-2
132 1.097579319E-2
133 3.446471008E-2
134 3.262777220E-2
135 1.346370837E-2
136 5.677539428E-2
137 3.419299387E-2
138 3.386511611E-3
139 7.543224706E-2
140 8.112572977E-2
141 3.674986111E-2
142 4.939061819E-2
143 4.021696639E-2
144 6.588892226E-2
145 3.508244000E-2
146 1.071281754E-1
147 8.891209324E-3
148 5.519987742E-3
149 6.881178354E-3
150 1.980483800E-2
151 7.652603426E-3
152 1.175191091E-2
153 1.311310152E-2
154 2.603676117E-2
155 1.388452659E-2
156 1.700618798E-2
157 1.771458216E-2
158 4.808059738E-2
159 9.741879940E-3
160 2.266553958E-2
161 1.051330501E-2
162 1.363496640E-2
163 1.434336058E-2
164 1.506261158E-1
165 1.707981020E-1
166 1.122765498E-1
167 9.553929128E-2
168 1.339667001E-1
169 1.662565743E-1
170 1.271882775E-1
171 1.684275307E-1
172 2.160174473E-1
173 1.234456033E-1
174 2.658826195E-1
175 1.326648688E-1
176 7.414331666E-2
177 5.740605814E-2
178 5.991598319E-2
179 8.441467616E-2
180 7.068012859E-2
181 9.431530288E-2
182 7.757804436E-2
183 8.008796941E-2
184 1.045866624E-1
185 1.482953274E-1
186 1.092270306E-1
187 1.504662837E-1
188 4.863806842E-1
189 4.213297767E-1
190 6.095528059E-1
191 8.121718016E-1
192 1.291056999E+0
193 5.823209530E-1
194 4.506096349E-1
195 4.178276268E-1
196 4.332269888E-2
197 1.241981675E-1
198 8.663438480E-2
199 3.324550212E-2
200 3.277610605E-2
201 1.109847203E-1
202 3.329642820E-2
203 1.050341036E-1
204 1.575183558E-2
205 1.885010367E-2
206 9.448751079E-2
207 1.726961250E-1
208 9.500783295E-2
209 9.531127182E-2
210 9.662730415E-2
211 9.972557224E-2
212 2.014916228E-1
213 1.574979480E-1
214 2.413552634E-1
215 1.492924459E-1
216 2.341973623E-1
217 1.556204189E-1
218 1.483555959E-1
219 2.397898207E-1
220 1.472783502E-1
221 6.678833210E-2
222 1.506456475E-1
223 5.739312421E-2
224 5.764597999E-2
225 6.463851696E-2
226 1.351323424E-1
227 5.744405029E-2
228 1.066519728E-1
229 1.458915520E-2
230 9.949407159E-2
231 2.091712825E-2
232 2.064484218E-2
233 9.113866759E-2
234 1.345037551E-2
235 1.283957502E-2
236 1.328451481E-2
237 9.844647064E-2
238 1.833513870E-1
239 1.047744437E-1
240 9.750962066E-2
241 1.045021576E-1
242 1.749959830E-1
243 9.730769096E-2
244 3.937369359E-2
245 5.863275789E-3
246 4.472079095E-2
247 8.299088582E-2
248 1.765498872E-2
249 1.381608453E-2
250 6.926181490E-3
251 1.060531666E-2
252 3.609757784E-2
253 5.249198757E-2
254 3.609950621E-2
255 7.495509300E-2
256 1.132251879E-1
257 5.043374818E-2
258 3.847651587E-2
259 4.144467520E-2
260 7.971477007E-2
261 3.650065746E-3
262 7.329200912E-3
263 1.692333038E-2
264 4.966098072E-3
265 2.548305872E-2
266 2.713261148E-2
267 1.898349814E-2
268 5.783908493E-2
269 3.331774011E-2
270 2.445877589E-2
271 1.723969070E-2
272 9.090577361E-3
273 2.342481933E-2
274 1.456585511E-2
275 1.750263866E-1
276 1.019090493E-1
277 2.416198518E-1
278 1.566568237E-1
279 2.890861223E-1
280 1.663027429E-1
281 2.440714932E-1
282 1.076648119E-1
283 1.269094015E-1
284 7.744354656E-1
285 4.129930537E-1
286 7.516276840E-2
287 2.148735709E-1
288 1.304871539E-1
289 1.172539742E-1
290 1.436602168E-1
291 1.546765632E-1
292 8.519188478E-2
293 1.299105428E-1
294 2.623398414E-1
295 1.395564621E-1
296 1.417562336E-1
297 8.155922591E-2
298 1.207454748E-2
299 4.323241513E-3
300 1.442078750E-1
301 7.801193703E-3
302 2.704578329E-2
303 2.212700284E-1
304 1.517853500E-1
305 1.965040080E-1
306 3.289333066E-1
307 2.061499273E-1
308 2.839186775E-1
309 1.475119962E-1
310 1.667565858E-1
311 2.402673020E-2
312 1.187449562E-2
313 2.479815527E-2
314 2.862821084E-2
315 2.143591278E-2
316 5.899422605E-2
317 6.534470546E-2
318 9.283678209E-3
319 4.684199148E-2
320 5.319247089E-2
321 3.177766198E-3
322 3.375262536E-2
323 3.710025578E-3
324 3.143901927E-3
325 3.956244846E-3
326 3.382671067E-3
327 6.841455345E-3
328 3.263910061E-2
329 9.818254295E-3
330 2.842720093E-3
331 2.269146314E-3
332 2.142968373E-2
333 1.892319093E-1
334 3.788762505E-2
335 6.644852994E-2
336 3.341757926E-2
337 3.284400548E-2
338 2.198067684E-1
339 6.846248422E-2
340 9.702338910E-2
341 1.959763765E-2
342 1.074013012E-2
343 1.144852431E-2
344 5.067204705E-2
345 4.144660357E-2
346 1.692525875E-2
347 5.930781889E-2
348 4.347974899E-2
349 4.983022840E-2
350 8.349722822E-2
351 8.238575974E-3
352 1.401254979E-2
353 9.686613217E-2
354 1.032166116E-1
355 9.946102239E-2
356 1.258672650E-1
357 1.368836114E-1
358 6.162495915E-2
359 6.739893296E-2
360 1.121175910E-1
361 8.738854167E-2
362 1.274060209E-1
363 5.214736865E-2
364 5.792134247E-2
365 8.326501653E-2
366 1.185722852E-1
367 5.578084554E-2
368 1.215351114E-1
369 1.126340853E-1
370 5.236031011E-2
371 5.102155220E-2
372 1.236504317E-1
373 9.888441130E-2
374 1.479413540E-1
375 8.766757881E-2
376 8.632882090E-2
377 1.905649217E-2
378 2.185557691E-2
379 4.606511019E-2
380 3.233056262E-2
381 5.118318391E-3
382 4.074664248E-2
383 7.303651672E-2
384 1.227973896E-1
385 1.733098723E-2
386 3.022554570E-2
387 1.873266002E-2
388 1.726625618E-1
389 2.013007196E-2
390 3.302463043E-2
391 2.153174475E-2
392 4.285011654E-2
393 4.200467578E-3
394 3.232901976E-2
395 2.083613407E-2
396 1.596959449E-1
397 2.557887626E-2
398 3.791297000E-2
399 1.607796941E-2
400 4.052440235E-2
401 1.114639255E-1
402 1.612247985E-1
403 6.865295452E-2
404 5.716006884E-2
405 2.110899707E-1
406 2.693555653E-1
407 2.808415918E-1
408 1.454416964E-1
409 1.724403217E-1
410 2.307059163E-1
411 2.421919428E-1
412 1.573702307E-1
413 2.325316207E-2
414 3.558725580E-2
415 3.007273041E-1
416 1.326865387E-2
417 3.776734684E-2
418 2.403279927E-2
419 1.503034206E-2
420 2.590941095E-2
421 1.673575915E-2
422 3.183777672E-2
423 1.997984083E-2
424 1.080618903E-2
425 3.647814490E-2
426 4.260192213E-2
427 3.359946492E-2
428 1.932327030E-2
429 1.032081309E-2
430 1.986491735E-2
431 2.344694611E-2
432 4.911890198E-2
433 4.756206636E-3
434 9.128856946E-2
435 1.271162612E-2
436 1.243934005E-2
437 4.634072894E-3
438 4.428852125E-3
439 5.079012679E-3
440 8.966112303E-2
441 1.108417968E-2
442 2.562636554E-3
443 9.525358146E-2
444 1.348647894E-1
445 3.006626462E-3
446 2.801405693E-3
447 6.260189971E-3
448 9.761654251E-2
449 8.909499938E-2
450 1.817859443E-1
451 2.213971523E-1
452 8.927447379E-2
453 1.051805603E-2
454 1.032090009E-1
455 1.428202089E-1
456 1.096204594E-2
457 1.075682517E-2
458 1.046855029E-1
459 7.387902066E-2
460 1.459247561E-1
461 1.935146727E-1
462 7.413187644E-2
463 1.009428288E-1
464 2.433798449E-1
465 3.481072379E-2
466 1.068564592E-1
467 7.604997698E-2
468 1.236398936E-1
469 4.257097314E-3
470 8.174345970E-2
471 1.956856290E-1
472 7.630283276E-2
473 1.238927494E-1
474 1.507037017E-1
475 2.931407178E-1
476 1.228155037E-1
477 3.628923389E-1
478 1.737579215E-1
479 3.432707411E-3
480 2.435095426E-1
481 4.523729927E-2
482 3.374441358E-2
483 2.898624892E-2
484 2.076883214E-2
485 4.663897206E-2
486 2.005688739E-1
487 3.038792171E-2
488 2.217050493E-2
489 1.078023821E-2
490 8.127406362E-2
491 3.585771540E-3
492 3.419910839E-3
493 3.889210417E-3
494 5.205242744E-3
495 8.898885245E-2
496 1.130056036E-2
497 1.068975988E-2
498 1.113469966E-2
499 1.160399924E-2
500 8.179438578E-2
501 3.940232991E-3
502 4.409532569E-3
503 2.187142652E-2
504 1.507508464E-2
505 3.348285596E-2
506 2.233168171E-2
507 2.099292380E-2
508 1.497247910E-2
509 1.912091384E-2
510 1.077592526E-2
511 1.022837993E-2
512 1.059673294E-2
513 1.002315916E-2
514 2.918369658E-2
515 1.803252233E-2
516 1.669376442E-2
517 4.564163790E-2
518 3.432038049E-3
519 3.800391059E-3
520 3.226817280E-3
521 2.238735470E-2
522 1.123618045E-2
523 9.897422539E-3
524 3.876977834E-3
525 8.025412579E-3
526 1.455025762E-1
527 9.468745781E-2
528 1.342986658E-1
529 5.694066320E-3
530 3.007881839E-1
531 3.553652469E-1
532 2.381935211E-1
533 2.778047291E-1
534 1.456820506E-1
535 3.742728593E-1
536 3.857588858E-1
537 3.009371737E-1
538 1.492001296E-1
539 4.442942472E-1
540 4.988713102E-1
541 2.269896107E-1
542 9.486693222E-2
543 3.234577410E-1
544 3.349437675E-1
545 1.344781402E-1
546 3.630689489E-1
547 3.745549754E-1
548 1.379962192E-1
549 4.330903368E-1
550 4.876673998E-1
551 1.726806759E-1
552 4.012714846E-1
553 4.127575111E-1
554 2.309462705E-1
555 2.424322970E-1
556 4.710231057E-1
557 3.862013936E-1
558 5.295584670E-1
559 1.628192028E-1
560 1.787486394E-1
561 1.910827331E-1
562 4.562227814E-1
563 2.870213413E-2
564 4.103622787E-2
565 1.920122728E-2
566 7.672146780E-3
567 1.098381050E-2
568 5.696566449E-2
569 3.513066390E-2
570 2.360158340E-2
571 2.691324712E-2
572 4.746475764E-2
573 3.593567714E-2
574 3.924734086E-2
575 1.410067655E-2
576 1.741234027E-2
577 5.883259768E-3
578 3.252845730E-3
579 2.679271951E-3
580 3.329432505E-3
581 3.047624961E-3
582 2.220816238E-2
583 3.866610370E-2
584 8.991772694E-2
585 7.876655269E-2
586 7.742779478E-2
587 1.500566743E-1
588 1.252906539E-1
589 1.063756683E-1
590 1.349365731E-1
591 2.964395177E-2
592 2.830519386E-2
593 7.616805296E-2
594 5.725306734E-2
595 8.581397223E-2
596 1.715401961E-2
597 1.528200965E-2
598 6.367812080E-2
599 4.476313518E-2
600 7.332404007E-2
601 8.581436847E-2
602 9.158834228E-2
603 1.363070003E-1
604 1.632969004E-2
605 8.578384074E-3
606 6.308590581E-3
607 1.435235789E-2
608 1.208256440E-2
609 2.439702785E-1
610 9.262599428E-2
611 1.211868992E-1
612 2.250552929E-1
613 2.536161978E-1
614 3.313849480E-1
615 8.617489204E-1
616 5.003065085E-1
617 1.022719135E-1
618 6.313328319E-3
619 4.043534826E-3
620 9.791280509E-3
621 4.594300448E-3
622 2.903587010E-2
623 4.331258430E-3
624 1.007900411E-2
625 4.882024051E-3
626 2.932359370E-2
627 7.809210619E-3
628 2.612230558E-3
629 2.705380021E-2
630 1.499636376E-1
631 1.447666575E-1
632 1.692082272E-1
633 8.167342913E-1
634 4.552918794E-1
635 8.359976241E-3
636 3.280154589E-2
637 2.760456583E-2
638 3.136882181E-1
639 3.381297877E-1
640 1.511808206E+0
641 1.760157082E+0
642 9.856558518E-1
643 1.924867024E+0
644 1.456888958E+0
645 1.934467014E+0
646 1.398714670E+0
647 2.182815891E+0
648 7.877544224E-3
649 8.177962652E-2
650 2.962450071E-2
651 2.049517481E-1
652 8.435014709E-2
653 3.219502128E-2
654 4.857909776E-2
655 6.883396812E-3
656 7.752477040E-2
657 1.060971036E-1
658 9.320132180E-2
659 2.814243510E-1
660 4.840433467E-1
661 2.541924981E-1
662 1.224811801E-1
663 8.078547911E-2
664 1.514268527E-1
665 8.969917198E-2
666 2.292692252E-1
667 7.032605425E-2
668 2.863035330E-2
669 9.927172689E-2
670 2.163734434E-1
671 4.189924391E-1
672 1.891415905E-1
673 5.743027247E-2
674 2.464826440E-2
675 6.072154683E-1
676 3.773646197E-1
677 2.456533017E-1
678 2.128712936E-1
679 1.023547116E+0
680 1.288719661E+0
681 5.799836154E-1
682 4.482722974E-1
683 4.154902893E-1
684 1.502432313E+0
685 1.714837824E+0
686 6.292029411E-1
687 1.980010369E+0
688 8.943754865E-1
689 5.171556526E-3
690 3.784273440E-2
691 3.613949614E-3
692 4.303513042E-2
693 5.739282200E-2
694 4.429930337E-2
695 6.993110950E-2
696 5.291899922E-2
697 9.883354467E-2
698 3.811702805E-2
699 1.188424916E-2
700 4.330942408E-2
701 5.766711566E-2
702 4.457359703E-2
703 2.579131641E-2
704 2.467057815E-2
705 1.560952390E-2
706 8.586447075E-2
707 1.317790162E-1
708 5.734175602E-2
709 4.828070178E-2
710 6.792006093E-2
711 6.190697270E-2
712 1.062878643E-2
713 1.393654489E-2
714 4.974782306E-2
715 1.447338862E-2
716 3.222971539E-2
717 1.583208947E-2
718 1.636601287E-2
719 2.204792288E-2
720 6.242683176E-3
721 6.779526902E-3
722 2.453585368E-2
723 8.138227752E-3
724 1.008728537E-2
725 2.784361214E-2
726 1.144598622E-2
727 1.197990962E-2
728 1.766181963E-2
729 2.434555996E-1
730 6.955453433E-2
731 1.852421950E-1
732 1.165614545E-1
733 1.647741294E-1
734 7.032802540E-2
735 7.851996213E-2
736 1.762317016E-1
737 2.919193622E-1
738 2.184214488E-1
739 2.425488615E-1
740 2.473671214E-1
741 1.856394407E-1
742 1.180182970E-1
743 5.610950875E-2
744 4.452038354E-2
745 6.864779625E-2
746 7.346605618E-2
747 4.933755655E-2
748 9.755023142E-2
749 1.602080442E-1
750 1.843354569E-1
751 1.891537168E-1
752 1.650252172E-1
753 2.132378921E-1
754 4.330411262E-2
755 5.766180421E-2
756 4.456828557E-2
757 2.578600496E-2
758 3.651526543E-3
759 9.388379032E-3
760 9.553068956E-2
761 8.243717093E-2
762 6.365489031E-2
763 4.152041190E-2
764 4.725726439E-2
765 9.679486251E-2
766 1.224266686E-1
767 6.491906326E-2
768 4.278458484E-2
769 4.852143733E-2
770 1.515302926E-2
771 1.563660023E-2
772 1.492062643E-2
773 1.392597135E-2
774 1.401011734E-2
775 4.825995138E-3
776 4.110021335E-3
777 4.501442978E-2
778 1.108375434E-1
779 1.156558034E-1
780 5.392812265E-2
781 6.914184248E-2
782 7.396010242E-2
783 1.397832161E-1
784 9.864260616E-2
785 1.445571516E-1
786 5.011104762E-2
787 5.830298435E-2
788 8.069819634E-2
789 4.970875051E-2
790 1.468552810E-1
791 7.241802084E-2
792 6.060111377E-2
793 8.299632576E-2
794 5.200687993E-2
795 7.698323752E-2
796 1.065156592E-1
797 1.289108712E-1
798 9.792142538E-2
799 4.593592311E-3
800 5.185698896E-3
801 1.144617172E-2
802 1.944543938E-2
803 3.598937232E-3
804 3.683083222E-3
805 4.469725093E-3
806 2.861004139E-3
807 1.206955523E-2
808 3.475321394E-3
809 5.114644648E-3
810 1.132230450E-2
811 1.932157216E-2
812 3.453110724E-3
813 1.266166182E-2
814 4.067427979E-3
815 3.992034487E-3
816 4.597738515E-3
817 4.243671868E-3
818 7.922807035E-3
819 8.392106613E-3
820 6.029003773E-3
821 2.143740980E-2
822 2.709715988E-2
823 2.916983878E-2
824 2.092050366E-2
825 5.265483003E-2
826 5.671789830E-2
827 2.543290641E-2
828 2.227901371E-2
829 2.076894551E-2
830 1.082720770E-2
831 1.289988660E-2
832 1.137511747E-2
833 3.505923695E-3
834 4.044847457E-3
835 4.934116759E-3
836 4.650551485E-3
837 3.638487785E-2
838 4.044794612E-2
839 1.855963668E-2
840 9.704597537E-3
841 1.059386684E-2
842 1.482270431E-2
843 1.166881161E-2
844 1.177727644E-2
845 1.266654574E-2
846 1.238298047E-2
847 4.411730683E-2
848 4.818037510E-2
849 1.689538321E-2
850 1.374149051E-2
851 1.034553445E-2
852 2.349397550E-2
853 8.751011248E-3
854 1.443292126E-2
855 6.666615351E-3
856 3.490649574E-3
857 3.074686506E-2
858 1.600390081E-2
859 2.168581082E-2
860 2.895144711E-2
861 3.531208174E-2
862 2.578212557E-2
863 1.391950491E-2
864 1.074353913E-2
865 7.765562205E-2
866 2.558204498E-2
867 9.713583545E-3
868 1.025250731E-2
869 6.560722340E-2
870 1.085821134E-2
871 4.665560597E-2
872 8.565488971E-2
873 6.980838756E-2
874 1.325291025E-1
875 1.814970700E-1
876 1.256800681E-1
877 7.093105606E-2
878 1.067284507E-1
879 7.074299099E-2
880 1.773481050E-2
881 8.045552546E-2
882 1.294234929E-1
883 7.360649106E-2
884 1.885747900E-2
885 5.465487363E-2
886 2.838045587E-2
887 6.245977454E-3
888 1.198282994E-2
889 2.400230423E-2
890 2.973915672E-2
891 7.604678304E-3
892 2.915234186E-2
893 3.483425187E-2
894 5.447361103E-2
895 4.846052279E-2
896 2.009128761E-2
897 1.105294087E-2
898 3.344815286E-2
899 2.458707025E-3
900 2.743506462E-2
901 1.790510845E-2
902 2.383313534E-3
903 2.989017561E-3
904 4.265670395E-2
905 1.166725812E-2
906 3.406247011E-2
907 5.903882770E-2
908 4.950887153E-2
909 2.804938187E-2
910 1.851942570E-2
911 6.460902332E-2
912 6.414502080E-2
913 1.135769908E-1
914 1.972454341E-3
915 7.501914596E-2
916 1.313049914E-1
917 1.268657358E-1
918 1.762977057E-1
919 1.245033700E-1
920 1.530538058E-1
921 1.204807039E-1
922 6.554362674E-2
923 1.758337032E-1
924 1.222317441E-1
925 1.240393674E-1
926 1.525898033E-1
927 6.422916679E-2
928 1.372758584E-1
929 1.935617039E-1
930 1.388450670E-1
931 1.734713374E-1
932 2.020217733E-1
933 1.136611368E-1
934 1.867078284E-1
935 2.429936738E-1
936 4.666510483E-2
937 3.713514866E-2
938 2.527252800E-2
939 2.161335375E-2
940 2.690419992E-2
941 4.349578330E-2
942 1.844403221E-2
943 2.373487838E-2
944 3.644428762E-2
945 1.903417021E-2
946 1.141157094E-2
947 9.441817439E-3
948 1.324977227E-2
949 1.009587956E-2
950 4.213736413E-2
951 9.476298997E-2
952 3.451476487E-2
953 3.254501137E-2
954 3.168900530E-2
955 6.818674383E-2
956 1.710464746E-2
957 1.513489396E-2
958 1.894284878E-2
959 1.578895608E-2
960 1.427888789E-2
961 5.077662642E-2
962 7.064620029E-3
963 1.187225772E-2
964 7.470680853E-3
965 8.696291944E-3
966 4.294715076E-3
967 8.213083467E-3
968 3.811506598E-3
969 3.527941324E-3
970 9.102352768E-3
971 1.753811722E-2
972 2.160861686E-2
973 3.246784064E-2
974 7.361247515E-2
975 9.025442417E-2
976 9.874852408E-2
977 2.794549409E-2
978 2.527795074E-2
979 1.738149437E-2
980 6.376639425E-2
981 6.791714264E-2
982 9.231683013E-2
983 6.193014481E-2
984 7.857209383E-2
985 8.706619374E-2
986 1.359562040E-2
987 5.699164032E-3
988 2.418491738E-2
989 7.233243617E-2
990 2.430868036E-2
991 2.704242611E-2
992 3.625410345E-2
993 2.490828564E-2
994 2.351811553E-2
995 2.128107310E-2
996 8.237731818E-3
997 1.097147757E-2
998 2.018315491E-2
999 8.837337099E-3
1000 7.447166983E-3
1001 1.112353807E-1
1002 3.022111799E-1
1003 1.564296182E-1
1004 1.198693783E-1
1005 1.331058692E-1
1006 1.612963235E-1
1007 1.893917147E-1
1008 6.018401759E-2
1009 1.346750778E-1
1010 1.431691777E-1
1011 2.953848057E-1
1012 1.496032440E-1
1013 5.753383281E-2
1014 6.833067370E-2
1015 5.559468578E-2
1016 5.335764335E-2
1017 1.278487036E-1
1018 1.363428035E-1
1019 3.405790432E-1
1020 3.172552943E-1
1021 3.454457486E-1
1022 3.735411398E-1
1023 9.195400572E-1
1024 6.181585878E-1
1025 2.485096321E-1
1026 2.593064730E-1
1027 2.465704851E-1
1028 1.714737325E-1
1029 1.996641868E-1
1030 2.277595780E-1
1031 1.027280704E-1
1032 1.135249112E-1
1033 1.007889233E-1
1034 9.855188089E-2
1035 1.730429411E-1
1036 1.815370411E-1
1037 1.258277500E-1
1038 1.502274375E-1
1039 1.349134926E-1
1040 1.364827012E-1
1041 1.543781859E-1
1042 6.776051979E-2
1043 6.686800680E-2
1044 1.034022523E-1
1045 9.126769428E-2
1046 1.278019397E-1
1047 7.510329195E-2
1048 1.032937462E-1
1049 1.313891374E-1
1050 1.763404379E-1
1051 2.044358290E-1
1052 1.497191922E-1
1053 2.326262833E-1
1054 7.786252008E-1
1055 4.772437313E-1
1056 1.075947757E-1
1057 1.930226841E-2
1058 2.240053650E-2
1059 1.044330419E-2
1060 8.338302808E-3
1061 5.522419764E-3
1062 6.713673456E-3
1063 1.467518004E-2
1064 6.996243885E-3
1065 1.118090312E-2
1066 2.485600994E-2
1067 6.600064445E-2
1068 1.237215681E-2
1069 2.033366339E-2
1070 1.265472724E-2
1071 1.173941718E-2
1072 1.766612004E-2
1073 9.556273767E-3
1074 1.751778035E-2
1075 9.838844196E-3
1076 8.923534131E-3
1077 1.485023700E-2
1078 7.890747519E-1
1079 1.444443179E+0
1080 1.138745932E+0
1081 2.214647912E+0
1082 2.320174238E+0
1083 2.203836426E-2
1084 2.477211001E-2
1085 7.685986823E-2
1086 1.901075700E-2
1087 1.019959172E-1
1088 3.119288717E-2
1089 2.351395102E-2
1090 2.852534382E-2
1091 1.109524055E-2
1092 1.751601771E-2
1093 9.837081560E-3
1094 6.591674452E-2
1095 8.067633293E-3
1096 9.105279345E-2
1097 2.024976346E-2
1098 1.257082731E-2
1099 2.004016588E+0
1100 1.993001172E+0
1101 1.051338040E+0
1102 6.816890843E-1
1103 2.644298251E+0
1104 2.679501740E+0
1105 2.805151103E+0
1106 2.668486324E+0
1107 1.691619703E+0
1108 2.829339176E+0
1109 2.887640203E+0
1110 3.803076148E-1
1111 6.647600469E-1
1112 3.044857373E-1
1113 3.590628003E-1
1114 9.598541644E-1
1115 1.014431227E+0
1116 2.090333207E+0
1117 6.541569179E-1
1118 2.907763240E+0
1119 3.013289566E+0
1120 2.966064266E+0
1121 2.145550009E-2
1122 1.010968228E-2
1123 8.719512166E-3
1124 2.090652317E-2
1125 1.951635306E-2
1126 1.727931063E-2
1127 8.170535248E-3
1128 6.015539151E-2
1129 1.346464518E-1
1130 1.431405517E-1
1131 7.233752168E-2
1132 6.966997833E-2
1133 7.679734053E-2
1134 8.529144044E-2
1135 1.597825007E-1
1136 5.888265742E-2
1137 9.061698379E-2
1138 9.468005205E-2
1139 5.869459234E-2
1140 5.873109927E-2
1141 3.586797172E-2
1142 3.993103998E-2
1143 7.166536635E-2
1144 4.038037447E-2
1145 3.567990664E-2
1146 3.571641357E-2
1147 3.974297491E-2
1148 3.977948183E-2
1149 1.870903404E-2
1150 1.103009789E-2
1151 1.899160447E-2
1152 2.400299727E-2
1153 1.540875106E-2
1154 7.512294689E-3
1155 1.343899756E-2
1156 4.118427365E-2
1157 1.000455814E-2
1158 8.494489948E-3
1159 3.794022122E-3
1160 4.029176065E-2
1161 4.032826758E-2
time 1e+30