           1        1161
 time -1.0e30
        1161
           1   3.6828478186799275E-002
           2   2.3302357355017574E-002
           3   4.6622301936747886E-002
           4   5.2241878316830276E-002
           5   4.4199435924892956E-002
           6   2.7127496988643238E-002
           7   2.3292374765622823E-002
           8   5.3549639824426322E-002
           9   4.0099568877290534E-002
          10   6.1898174629379764E-002
          11   2.4561789309889736E-002
          12   4.2199322033791564E-002
          13   4.1720438910802481E-002
          14   2.7127496988643224E-002
          15   4.7232252336407606E-002
          16   5.7616631226099217E-002
          17   2.4181229647889126E-002
          18   4.5144040871439278E-002
          19   4.5756237898898211E-002
          20   4.6604714710035293E-002
          21   4.6604714710035341E-002
          22   4.0498464537632603E-002
          23   4.8362459295778204E-002
          24   4.0473648736502596E-002
          25   4.4734790321368248E-002
          26   4.6584749531245591E-002
          27   4.9410588440130930E-002
          28   2.2097086912079612E-002
          29   2.2777155839239453E-002
          30   5.8723813978019179E-002
          31   4.5554311678478905E-002
          32   4.5740021016276777E-002
          33   3.1250000000000000E-002
          34   4.5946690803060353E-002
          35   5.5474115655105773E-002
          36   4.9718445552179129E-002
          37   2.2777155839239453E-002
          38   3.9836089949943636E-002
          39   4.4803777432513715E-002
          40   2.9462782549439494E-002
          41   4.2949016933517367E-002
          42   3.5372598195849286E-002
          43   4.7199398334353791E-002
          44   4.5554311678478905E-002
          45   3.6828478186799379E-002
          46   5.6095466740984402E-002
          47   5.8925565098878988E-002
          48   4.8018460715067060E-002
          49   6.2500000000000000E-002
          50   3.3529874853867998E-002
          51   6.2092716145356767E-002
          52   7.2937331727777804E-002
          53   2.0678817688977946E-002
          54   6.5018398623622312E-002
          55   6.2611959524788374E-002
          56   5.2343102193337890E-002
          57   3.0369541118985953E-002
          58   4.8143835499521025E-002
          59   5.8951134883158528E-002
          60   4.4442010048955601E-002
          61   4.8018460715067060E-002
          62   2.4305555555555469E-002
          63   3.0369541118985953E-002
          64   6.0961978701664712E-002
          65   5.2544256772297113E-002
          66   4.6328159246552730E-002
          67   4.7325319423176505E-002
          68   4.4693627325904733E-002
          69   5.3539959821475226E-002
          70   3.3529874853867998E-002
          71   5.4412261386864634E-002
          72   6.5832085649886463E-002
          73   4.0159754261226505E-002
          74   4.5326329664916572E-002
          75   4.7671979922729035E-002
          76   5.7396789079224110E-002
          77   6.0739082237971906E-002
          78   5.2671540181511801E-002
          79   3.8249999344109838E-002
          80   6.2500000000000000E-002
          81   2.6335770090755873E-002
          82   5.5362065277684426E-002
          83   5.3896614241070659E-002
          84   7.1368978689178214E-002
          85   6.7055721778163047E-002
          86   2.9838108642080894E-002
          87   3.3529874853867964E-002
          88   4.6328159246552841E-002
          89   5.0282662096642762E-002
          90   3.4747637005508696E-002
          91   2.3479592818075993E-002
          92   7.9905726050946632E-002
          93   5.6541677226191737E-002
          94   4.1288116660791921E-002
          95   5.2182231904915409E-002
          96   6.0914671044479715E-002
          97   2.3479592818076045E-002
          98   3.6565409970867747E-002
          99   4.2428455730988426E-002
         100   2.2172184987692613E-002
         101   7.2757402169341040E-002
         102   6.0291603433364531E-002
         103   6.7059749707735913E-002
         104   3.7294266260880539E-002
         105   5.9518250139195733E-002
         106   4.6959185636152187E-002
         107   5.6323022619276492E-002
         108   4.4194173824159223E-002
         109   3.2940392293420606E-002
         110   2.9462782549439435E-002
         111   5.3114786599924767E-002
         112   5.3114786599924767E-002
         113   2.0833333333333370E-002
         114   4.3596699941023234E-002
         115   3.2116915914744935E-002
         116   5.9169701021994495E-002
         117   4.3743248220484289E-002
         118   5.3114786599924864E-002
         119   2.9462782549439435E-002
         120   4.6584749531245605E-002
         121   4.7157646068353723E-002
         122   5.8235019365775111E-002
         123   5.3114786599924843E-002
         124   4.6584749531245591E-002
         125   5.8925565098878946E-002
         126   6.2986388658582415E-002
         127   6.8581996195006933E-002
         128   5.6792926420054485E-002
         129   2.0665600760701022E-002
         130   7.1581803636218633E-002
         131   5.1462216302818671E-002
         132   5.0395762560959748E-002
         133   3.4593974085106699E-002
         134   2.0665600760701022E-002
         135   7.4587317492638458E-002
         136   4.9687043865140716E-002
         137   5.1895212590596297E-002
         138   3.5369031155444909E-002
         139   5.3712860301907348E-002
         140   3.3619229901651899E-002
         141   4.2392761969009617E-002
         142   2.0995462886194118E-002
         143   4.2018279036808569E-002
         144   3.5369031155444888E-002
         145   4.6928772900306580E-002
         146   5.1377715790650993E-002
         147   4.4194173824159223E-002
         148   3.2940392293420613E-002
         149   2.9462782549439511E-002
         150   5.3114786599924843E-002
         151   5.3114786599924857E-002
         152   2.0833333333333343E-002
         153   5.3114786599924871E-002
         154   2.9462782549439511E-002
         155   4.6584749531245639E-002
         156   5.7107236817356022E-002
         157   2.5633373368460801E-002
         158   4.7697926513548719E-002
         159   5.3114786599924885E-002
         160   4.6584749531245653E-002
         161   5.8925565098878988E-002
         162   5.3847438955801498E-002
         163   3.9968279282018571E-002
         164   5.3501581695320349E-002
         165   3.1294126459502698E-002
         166   5.9596471231241843E-002
         167   2.3811745568103757E-002
         168   5.5419139968719784E-002
         169   2.2250009753431207E-002
         170   4.8970674844306804E-002
         171   4.0616045571238463E-002
         172   4.3061310290419680E-002
         173   4.0927028926226496E-002
         174   5.7643983018816194E-002
         175   2.5766950661047248E-002
         176   2.3811745568103837E-002
         177   5.7507369602391577E-002
         178   4.3774834263446680E-002
         179   2.6593317743317326E-002
         180   4.2555054013298940E-002
         181   4.1888726384802843E-002
         182   4.4133106511102249E-002
         183   4.4133106511102388E-002
         184   4.6639911695152747E-002
         185   4.6144780305641370E-002
         186   3.6527750455652222E-002
         187   4.4500019506862318E-002
         188   4.2605230368577524E-002
         189   5.2317420850650158E-002
         190   2.3359492858787512E-002
         191   2.1530013023605552E-002
         192   5.6738676527522493E-002
         193   5.7997522908641366E-002
         194   5.1847070638486530E-002
         195   3.3962470724309517E-002
         196   6.2986388658582415E-002
         197   3.7850108994137134E-002
         198   4.9349710603165717E-002
         199   5.0873332942816804E-002
         200   3.4275681297686031E-002
         201   2.6062526111869162E-002
         202   3.4636654069774626E-002
         203   3.7850108994137058E-002
         204   4.5115929657857531E-002
         205   3.0132907912690656E-002
         206   2.6062526111869138E-002
         207   5.5217295370013318E-002
         208   4.7211655159653108E-002
         209   3.4954112627187096E-002
         210   3.0132907912690542E-002
         211   5.1437327607417024E-002
         212   4.8453889802169470E-002
         213   3.8136089728506524E-002
         214   2.6297577291019072E-002
         215   3.9253009800224677E-002
         216   2.5648067192177340E-002
         217   3.7785552482900484E-002
         218   4.2828654192183027E-002
         219   4.0217411425392986E-002
         220   4.0772361148407057E-002
         221   3.7151290840142882E-002
         222   2.5823405310167385E-002
         223   3.9113031730093804E-002
         224   4.3469369028456176E-002
         225   4.0124964083844826E-002
         226   2.4541973679663726E-002
         227   3.7679650622198600E-002
         228   1.9210471868744389E-002
         229   2.5648067192177340E-002
         230   5.1803191046244965E-002
         231   4.7413072655945264E-002
         232   2.4541973679663827E-002
         233   4.8528764909428250E-002
         234   4.3208544519832165E-002
         235   3.8749009551252239E-002
         236   3.7413982135591044E-002
         237   3.7457091009234660E-002
         238   4.7926401084684010E-002
         239   5.1296134384354680E-002
         240   4.5311884500234531E-002
         241   3.7775648249216094E-002
         242   4.5796503944015410E-002
         243   4.9083947359327508E-002
         244   3.6828478186799359E-002
         245   1.6949326553616882E-002
         246   5.3095714402696614E-002
         247   5.1617866233908433E-002
         248   3.6659698564002044E-002
         249   3.9474852827225036E-002
         250   4.9753677492193567E-002
         251   2.4282012626923598E-002
         252   2.8411419876828409E-002
         253   3.4757469089446928E-002
         254   4.6836806070378316E-002
         255   2.9197029298837312E-002
         256   4.4312866058718842E-002
         257   2.3292374765622827E-002
         258   6.7970745500719743E-002
         259   5.2786339895740803E-002
         260   5.8394058597674645E-002
         261   4.8076396299714670E-002
         262   3.6232553337457223E-002
         263   3.4189159016159688E-002
         264   4.7743055555555525E-002
         265   2.9869184955009110E-002
         266   4.4803777432513667E-002
         267   3.2940392293420627E-002
         268   5.0021525585303699E-002
         269   2.3601694660282169E-002
         270   8.0860900955512405E-002
         271   5.3847438955801442E-002
         272   5.9738369910018255E-002
         273   3.6984158668008131E-002
         274   5.9897405877102260E-002
         275   4.8530093972758766E-002
         276   5.7546111231861763E-002
         277   3.3592103680820239E-002
         278   4.3854813399475834E-002
         279   2.6651454052189095E-002
         280   3.7292478694990437E-002
         281   2.1415078056768521E-002
         282   6.5476615258826268E-002
         283   5.2297317766892948E-002
         284   5.4816602592973732E-002
         285   3.2877658823192296E-002
         286   3.4315958539758135E-002
         287   2.0423176227850639E-002
         288   4.4332988791641964E-002
         289   4.8919102725016407E-002
         290   4.1193560690918160E-002
         291   2.9462782549439456E-002
         292   5.1258489768275267E-002
         293   2.6651454052189095E-002
         294   6.4866751035477649E-002
         295   5.4441311486250685E-002
         296   2.7127496988643224E-002
         297   3.6528307702230284E-002
         298   3.9033077434672103E-002
         299   3.6423359588772727E-002
         300   5.7036250108349763E-002
         301   2.1415078056768521E-002
         302   3.6172196359180495E-002
         303   4.3773387701379021E-002
         304   5.8925565098878988E-002
         305   3.5701974762849115E-002
         306   5.5930132041987400E-002
         307   5.3302908104378127E-002
         308   4.1242649360598099E-002
         309   4.2725337320051425E-002
         310   4.2830156113537000E-002
         311   4.4194173824159223E-002
         312   3.2940392293420627E-002
         313   2.0833333333333315E-002
         314   4.4262322166604098E-002
         315   5.9977240730347443E-002
         316   3.0542120148360902E-002
         317   5.3883361200594587E-002
         318   5.7966901229376901E-002
         319   4.4696718772193264E-002
         320   6.1084240296721805E-002
         321   3.9062500000000000E-002
         322   3.2211762700137973E-002
         323   4.5082171484234587E-002
         324   6.2502215865614982E-002
         325   4.0217411425393035E-002
         326   4.0862255355491629E-002
         327   7.3347733276710889E-002
         328   1.5625000000000000E-002
         329   3.8141373067556619E-002
         330   2.6693245954300490E-002
         331   4.6023940396518623E-002
         332   3.9417279864576459E-002
         333   5.8366332182181367E-002
         334   3.0542120148360902E-002
         335   5.5036382107919182E-002
         336   3.8009176936881856E-002
         337   5.3386491908601029E-002
         338   5.8237087182053705E-002
         339   4.0622316147732096E-002
         340   6.1084240296721805E-002
         341   4.4194173824159223E-002
         342   3.6828478186799352E-002
         343   3.6828478186799331E-002
         344   4.5144040871439320E-002
         345   3.9923798781228058E-002
         346   5.1261234677405183E-002
         347   4.8530093972758835E-002
         348   4.4194173824159223E-002
         349   2.5992680836465835E-002
         350   5.4917002971641961E-002
         351   2.1596540268720255E-002
         352   3.9568035527906172E-002
         353   5.0358861468585772E-002
         354   2.9494340132819506E-002
         355   4.3437486122211134E-002
         356   5.7113833852763862E-002
         357   2.1596540268720241E-002
         358   5.1257037856075847E-002
         359   3.7031510808142494E-002
         360   6.0794882968378920E-002
         361   2.7127496988643213E-002
         362   4.4927045397780724E-002
         363   4.0371352746299105E-002
         364   4.3193080537440490E-002
         365   4.8530093972758793E-002
         366   2.3085773086481961E-002
         367   5.0102010982046107E-002
         368   3.0924420412579815E-002
         369   2.3373111142076911E-002
         370   5.7190011057480970E-002
         371   4.7087266432185568E-002
         372   5.2676961803395081E-002
         373   4.2570138316802918E-002
         374   4.4325853743980993E-002
         375   4.1590799020481149E-002
         376   4.6746222284153691E-002
         377   5.3501581695320453E-002
         378   4.4194173824159223E-002
         379   4.3410503392905420E-002
         380   4.7369188271864017E-002
         381   5.7151094044023236E-002
         382   5.0550250840539324E-002
         383   4.2759705987843052E-002
         384   5.6293049322549082E-002
         385   5.5231769865277711E-002
         386   2.5224240226979999E-002
         387   3.8768578067654193E-002
         388   6.1179195495199533E-002
         389   2.5224240226979999E-002
         390   6.8952674266219496E-002
         391   5.3887173335589109E-002
         392   3.6101946312897176E-002
         393   3.6101946312897183E-002
         394   4.8433678505002693E-002
         395   5.0591139108229752E-002
         396   3.5748569245109982E-002
         397   2.3714806696765147E-002
         398   3.2773400438585051E-002
         399   3.9436831633961271E-002
         400   4.6291498749603574E-002
         401   5.2392453288653829E-002
         402   3.9831531722565761E-002
         403   2.9462782549439414E-002
         404   4.9904747988420935E-002
         405   2.0871427740160733E-002
         406   5.2846420258815023E-002
         407   4.2561030914661159E-002
         408   4.6442915990757866E-002
         409   4.8624012284295269E-002
         410   2.0871427740160622E-002
         411   3.7188597566602873E-002
         412   2.3714806696765182E-002
         413   4.9533069412424614E-002
         414   5.0294247334593208E-002
         415   4.9715094602062603E-002
         416   3.4593974085106692E-002
         417   4.4194173824159223E-002
         418   5.6705864760289507E-002
         419   5.3159350306224769E-002
         420   4.1999267069976039E-002
         421   5.3159350306224658E-002
         422   3.4593974085106664E-002
         423   3.2940392293420613E-002
         424   6.0079425030877764E-002
         425   3.8807335914875361E-002
         426   2.4726270069413466E-002
         427   3.9036306070715537E-002
         428   4.4194173824159223E-002
         429   3.2940392293420613E-002
         430   2.0833333333333343E-002
         431   2.9616467810598488E-002
         432   4.6558175886926942E-002
         433   4.6914369336106675E-002
         434   3.8136089728506524E-002
         435   2.5508772870415353E-002
         436   4.5239486606286294E-002
         437   2.0839979987747458E-002
         438   4.0065568216738658E-002
         439   4.7833154247567587E-002
         440   3.8136089728506524E-002
         441   2.5508772870415392E-002
         442   2.5389524708295315E-002
         443   5.1647071113719793E-002
         444   5.1940937192383248E-002
         445   5.0820521071302326E-002
         446   3.8732090677612831E-002
         447   4.5235950671539946E-002
         448   2.0045745763456416E-002
         449   3.9122354923522298E-002
         450   2.5389524708295280E-002
         451   3.6223391426234659E-002
         452   4.3487473871704409E-002
         453   3.9509488183973276E-002
         454   4.3365478624707951E-002
         455   5.0779049416590595E-002
         456   3.8423113609333211E-002
         457   4.1679959975494736E-002
         458   4.6291498749603498E-002
         459   4.6291498749603414E-002
         460   2.8625684626334264E-002
         461   2.4734319608308273E-002
         462   4.2033696940321684E-002
         463   5.0421088567664724E-002
         464   4.6348201055806781E-002
         465   3.4593974085106713E-002
         466   2.2450906793086329E-002
         467   2.2450906793086055E-002
         468   5.6157432972709406E-002
         469   4.7427637345792688E-002
         470   4.3293760013702762E-002
         471   4.6702126190484652E-002
         472   4.9468639216616539E-002
         473   2.6102570427309242E-002
         474   5.2226514567097752E-002
         475   2.5648067192177340E-002
         476   5.5250928211121507E-002
         477   4.6856464220323225E-002
         478   4.3562853520368407E-002
         479   4.7579622032152671E-002
         480   5.1296134384354722E-002
         481   5.7151094044023236E-002
         482   3.5164732646142199E-002
         483   6.1038240630106856E-002
         484   5.1437224541641895E-002
         485   2.6223940595738390E-002
         486   4.6034868551962725E-002
         487   4.2168174149158119E-002
         488   4.7429613393530266E-002
         489   4.0703256319919473E-002
         490   3.7850108994137051E-002
         491   2.3090530143419184E-002
         492   4.5799176159081995E-002
         493   2.0995462886194124E-002
         494   4.4180555678636498E-002
         495   3.7151290840142931E-002
         496   2.2709068725462106E-002
         497   4.8960564985583648E-002
         498   2.0995462886194124E-002
         499   4.5799176159081884E-002
         500   2.0999849864195647E-002
         501   3.7380753416549457E-002
         502   3.7613714332876746E-002
         503   3.9062500000000000E-002
         504   2.1418329030219799E-002
         505   4.8068201023868717E-002
         506   2.7342847857135810E-002
         507   4.7493573267996379E-002
         508   4.3606471766782201E-002
         509   2.3312585072909269E-002
         510   2.3660848906356915E-002
         511   4.4186492406321914E-002
         512   2.3292374765622823E-002
         513   3.8242889913600031E-002
         514   2.7342847857135810E-002
         515   4.7291315489272442E-002
         516   4.7777055427475700E-002
         517   4.3352954310019232E-002
         518   3.7602727701015130E-002
         519   4.1666515436846664E-002
         520   4.6584749531245626E-002
         521   4.4060459945506267E-002
         522   4.2464001973486779E-002
         523   5.4685695714271565E-002
         524   3.9922625018281671E-002
         525   3.9540475315023978E-002
         526   6.2500000000000000E-002
         527   3.8136089728506559E-002
         528   3.2088179443147506E-002
         529   2.1470062276290659E-002
         530   7.3202542596078932E-002
         531   5.7301163457081986E-002
         532   3.8136089728506559E-002
         533   3.2088179443147506E-002
         534   3.7871074852713814E-002
         535   2.7961833517581854E-002
         536   4.0827113105881906E-002
         537   6.2512708453041549E-002
         538   5.8101763361922576E-002
         539   2.1470062276290659E-002
         540   3.6064192723105924E-002
         541   1.4572406798553705E-002
         542   2.7961833517581823E-002
         543   5.5120165424202769E-002
         544   4.9533536824852301E-002
         545   3.7912258250586847E-002
         546   5.5286912634710431E-002
         547   5.5923667035163681E-002
         548   3.5856044757324179E-002
         549   4.7718493417355345E-002
         550   4.2940124552581317E-002
         551   4.5793402200564819E-002
         552   4.6291498749603553E-002
         553   2.7939449893959762E-002
         554   3.8136089728506524E-002
         555   2.3475498322204007E-002
         556   2.3798909189353398E-002
         557   4.2363378613395675E-002
         558   3.8435294501508899E-002
         559   6.2500000000000000E-002
         560   3.6101946312897211E-002
         561   3.1825654444836579E-002
         562   5.7681091377580755E-002
         563   3.6101946312897211E-002
         564   3.1825654444836579E-002
         565   4.0280798420947818E-002
         566   2.9462782549439456E-002
         567   4.8816743891306018E-002
         568   1.2051519546039946E-002
         569   2.9462782549439414E-002
         570   5.2156202362141899E-002
         571   5.1119155412501394E-002
         572   3.8928669726511315E-002
         573   5.4147371550752069E-002
         574   5.8925565098878911E-002
         575   3.6101946312897183E-002
         576   2.2608583130582845E-002
         577   2.8808294412203526E-002
         578   4.1030370077017014E-002
         579   2.6337594025509940E-002
         580   4.2109642519879031E-002
         581   2.1648151831839362E-002
         582   4.2894842175859191E-002
         583   4.8174403339256190E-002
         584   5.3090348428280948E-002
         585   5.1248779323179075E-002
         586   3.2256207069259211E-002
         587   5.7832581540718450E-002
         588   2.3292374765622799E-002
         589   5.7190011057480956E-002
         590   4.4776880946917598E-002
         591   3.9062500000000000E-002
         592   2.5953999098526109E-002
         593   5.8749827847936732E-002
         594   2.3292374765622775E-002
         595   4.2649280761264965E-002
         596   2.4689285756501173E-002
         597   4.2817858867210318E-002
         598   4.6752689492069247E-002
         599   4.1575698379576288E-002
         600   4.6584749531245577E-002
         601   4.8530093972758891E-002
         602   2.5577605335987911E-002
         603   5.2839623637391780E-002
         604   2.5577605335987918E-002
         605   4.6402771882129580E-002
         606   4.7547806580661045E-002
         607   3.6759201761365191E-002
         608   4.2830156113537042E-002
         609   4.8530093972758766E-002
         610   5.3090348428281003E-002
         611   3.1307846599414338E-002
         612   3.9062500000000000E-002
         613   2.3436706154314910E-002
         614   4.3512378764202303E-002
         615   5.0750022045300262E-002
         616   4.6137280263248190E-002
         617   2.6528303509789880E-002
         618   3.4315958539758155E-002
         619   3.1605352940605909E-002
         620   3.6528307702230339E-002
         621   2.9462782549439456E-002
         622   4.7547806580661045E-002
         623   9.4521604938271886E-003
         624   2.9462782549439456E-002
         625   5.2506798307715263E-002
         626   5.2667689517113071E-002
         627   3.6759201761365191E-002
         628   5.4517127704062758E-002
         629   5.8925565098878946E-002
         630   5.7546111231861763E-002
         631   6.2500000000000000E-002
         632   3.8381165556555068E-002
         633   4.8722297273657421E-002
         634   1.7309059001760677E-002
         635   3.4315958539758155E-002
         636   2.3739394958180594E-002
         637   2.7600553744636290E-002
         638   7.0122584279214722E-002
         639   5.0335919183663647E-002
         640   6.4249729658338500E-002
         641   2.7313342747196115E-002
         642   3.3159217505357649E-002
         643   4.1121825525770192E-002
         644   5.7996219402045433E-002
         645   2.3573454531802381E-002
         646   5.1762677377034258E-002
         647   5.9260815680986845E-002
         648   3.1250000000000000E-002
         649   6.2500000000000000E-002
         650   2.3292374765622775E-002
         651   7.4691182680003243E-002
         652   6.9877124296868431E-002
         653   2.9462782549439494E-002
         654   7.9672179899887272E-002
         655   2.2097086912079612E-002
         656   5.3114786599924815E-002
         657   4.2949016933517305E-002
         658   7.5337018857086074E-002
         659   1.9246803287930141E-002
         660   6.3801804152502223E-002
         661   4.9986736280860977E-002
         662   2.2097086912079612E-002
         663   6.6291260736238838E-002
         664   4.2949016933517270E-002
         665   6.9545232596948989E-002
         666   5.8483216058089420E-002
         667   5.7527921964517011E-002
         668   3.6828478186799379E-002
         669   4.4194173824159223E-002
         670   6.2560839580740338E-002
         671   4.6677446988529436E-002
         672   4.4678133147797554E-002
         673   6.6912341219672988E-002
         674   2.6188954780022578E-002
         675   4.4643509436260644E-002
         676   4.9542977253285651E-002
         677   3.2232904342358121E-002
         678   5.2258915795084737E-002
         679   6.4249729658338486E-002
         680   4.0402054364659420E-002
         681   6.8559076093539950E-002
         682   7.0240569171450468E-002
         683   2.1343536763112281E-002
         684   2.8485029622107218E-002
         685   3.7223654632101297E-002
         686   7.3515327701374464E-002
         687   5.8415874917617988E-002
         688   5.5472563609341961E-002
         689   4.4538102542935075E-002
         690   4.6957907395630820E-002
         691   4.6954182505345984E-002
         692   5.2939036488080481E-002
         693   2.7072153239871936E-002
         694   4.7787766327654919E-002
         695   4.9641949294871431E-002
         696   5.4258345532096089E-002
         697   4.6936765494127237E-002
         698   4.4780285511106820E-002
         699   4.5855266442956587E-002
         700   2.7072153239871936E-002
         701   5.1288853896825380E-002
         702   4.5222618177670142E-002
         703   4.6438929319893012E-002
         704   5.2063126196427514E-002
         705   4.5299129903571607E-002
         706   2.6422276484764667E-002
         707   4.6137813370687702E-002
         708   2.6557393299962491E-002
         709   4.6106528817921939E-002
         710   4.5027879500912436E-002
         711   4.7970062515498589E-002
         712   4.9718445552179129E-002
         713   2.3581732130566194E-002
         714   4.7163464261132382E-002
         715   5.7792554742635768E-002
         716   2.9462782549439494E-002
         717   4.7877021642839170E-002
         718   5.7482954066768267E-002
         719   5.0448011234728161E-002
         720   3.4597214207256290E-002
         721   2.9462782549439494E-002
         722   5.7792554742635838E-002
         723   5.4157901935118359E-002
         724   5.4157901935118255E-002
         725   4.7877021642839176E-002
         726   5.8925565098878988E-002
         727   5.6379610800836984E-002
         728   6.0303534611684112E-002
         729   4.8018460715067060E-002
         730   4.8018460715067136E-002
         731   2.7450326911183841E-002
         732   2.7579075070646126E-002
         733   4.7775392614812506E-002
         734   5.3420687992465486E-002
         735   4.8491750091848002E-002
         736   4.9410588440130930E-002
         737   2.8261841312673112E-002
         738   3.1298188155069351E-002
         739   6.5075225048580987E-002
         740   6.2234195586579603E-002
         741   5.8035607868428526E-002
         742   2.8261841312673081E-002
         743   5.5870013906357777E-002
         744   5.1060559617544181E-002
         745   3.1298188155069351E-002
         746   4.7386611333181186E-002
         747   5.4965140992677568E-002
         748   4.7299861655692207E-002
         749   4.6907139187869040E-002
         750   5.4900653822367695E-002
         751   6.2596376310138702E-002
         752   4.7653465212968024E-002
         753   5.5158150141292148E-002
         754   4.4538102542935075E-002
         755   4.9410588440130930E-002
         756   2.7621358640099514E-002
         757   5.6846041544122553E-002
         758   3.0369541118985904E-002
         759   5.6125682453781973E-002
         760   4.4538102542935075E-002
         761   2.4705294220065465E-002
         762   3.0369541118985904E-002
         763   5.0797940633154064E-002
         764   4.8440300098276712E-002
         765   2.7621358640099514E-002
         766   4.1380855682475827E-002
         767   5.0092145993935758E-002
         768   4.8335185399142132E-002
         769   6.0739082237971809E-002
         770   1.9850768890379084E-002
         771   2.6360136999376789E-002
         772   4.6711306074419680E-002
         773   4.7359300598182573E-002
         774   5.1427026580567574E-002
         775   4.1666055401450609E-002
         776   4.5177321618830278E-002
         777   6.9877124296868431E-002
         778   4.9410588440130930E-002
         779   3.6828478186799338E-002
         780   6.9174349112300984E-002
         781   4.9410588440130930E-002
         782   3.6828478186799331E-002
         783   2.3292374765622851E-002
         784   4.6957907395630813E-002
         785   2.7520881376926119E-002
         786   4.2741467584429135E-002
         787   2.7139469428980104E-002
         788   5.6257413415354861E-002
         789   4.9424132266159479E-002
         790   2.6903960258796433E-002
         791   4.6117366177567821E-002
         792   5.2137272383010538E-002
         793   2.7139469428980198E-002
         794   4.4300876102634494E-002
         795   4.3619684326123780E-002
         796   4.6090978999935403E-002
         797   4.8105126622216769E-002
         798   5.4278938857960243E-002
         799   3.8249999344109942E-002
         800   4.2665447428919930E-002
         801   5.1530954024266273E-002
         802   4.2064891770421532E-002
         803   4.4070727820555745E-002
         804   5.8829859624577194E-002
         805   5.0901571643188072E-002
         806   5.7958839801054790E-002
         807   2.2823881709450253E-002
         808   4.5500167678087497E-002
         809   5.2940886356934232E-002
         810   2.4046253094031571E-002
         811   4.0393950545515471E-002
         812   2.2823881709450367E-002
         813   5.3521696843269552E-002
         814   4.1166768541236846E-002
         815   5.4258199424531028E-002
         816   4.0949602275868073E-002
         817   4.0703256319919473E-002
         818   3.7151290840142924E-002
         819   3.7850108994137162E-002
         820   3.6004981748658731E-002
         821   3.5209850252355165E-002
         822   3.5209850252355041E-002
         823   1.7741750131505408E-002
         824   4.4933138147374832E-002
         825   2.4046253094031661E-002
         826   4.0881900537275695E-002
         827   2.6764142589442114E-002
         828   4.1296469027877668E-002
         829   3.6904853532814183E-002
         830   4.6108642786511528E-002
         831   2.4702108398590682E-002
         832   4.2096892385455977E-002
         833   4.9429474899792311E-002
         834   1.9107027672334919E-002
         835   5.2178386719893950E-002
         836   2.4046253094031762E-002
         837   4.0211003239659961E-002
         838   3.9556189539887966E-002
         839   2.4702108398590685E-002
         840   4.7535111775193942E-002
         841   1.9107027672334919E-002
         842   4.7794011764686076E-002
         843   5.1548541882586653E-002
         844   3.4577115812256434E-002
         845   3.7776653272881454E-002
         846   4.3215877141769381E-002
         847   3.7029130619148816E-002
         848   4.8092506188063232E-002
         849   4.2052507120882709E-002
         850   5.3528285178884048E-002
         851   2.4863628569041150E-002
         852   5.1306282440888078E-002
         853   2.0844663946391007E-002
         854   4.0826737806932904E-002
         855   4.6580198651372015E-002
         856   4.7667222538240725E-002
         857   3.7285095674469325E-002
         858   3.7381664269595542E-002
         859   4.1689327892782013E-002
         860   3.6318619243512540E-002
         861   4.5046870879507699E-002
         862   4.9967277836139544E-002
         863   3.6805581144487710E-002
         864   4.2376243286709872E-002
         865   4.2665447428919680E-002
         866   2.5425925455494481E-002
         867   4.0481636691483795E-002
         868   5.1821326775370116E-002
         869   4.5513935994076375E-002
         870   2.1665937156566478E-002
         871   3.6204829719293459E-002
         872   2.2964865202591295E-002
         873   3.9982023066567930E-002
         874   2.5656730544800607E-002
         875   3.7150030710915667E-002
         876   2.1665937156566478E-002
         877   5.0079817338839330E-002
         878   4.0350548676895297E-002
         879   3.6110055257238219E-002
         880   3.9408762006906121E-002
         881   4.5561152602785510E-002
         882   5.1313461089601185E-002
         883   3.7218713841472309E-002
         884   4.1503736928352512E-002
         885   4.3331874313133061E-002
         886   4.9718445552179129E-002
         887   6.2500000000000000E-002
         888   3.4597214207256345E-002
         889   4.4538102542935075E-002
         890   2.3581732130566184E-002
         891   3.2159086029240766E-002
         892   4.6957907395630695E-002
         893   2.6743629556589429E-002
         894   5.1366535552636504E-002
         895   4.0075267562075675E-002
         896   2.6608480936529781E-002
         897   5.0901571643188127E-002
         898   4.2665447428919749E-002
         899   2.7116161095750900E-002
         900   5.0518014319889067E-002
         901   4.3549324117211928E-002
         902   4.2572062293885854E-002
         903   4.8420562195657810E-002
         904   4.6957907395630903E-002
         905   2.9385729191672087E-002
         906   2.4630155290768830E-002
         907   2.5077328702088897E-002
         908   3.9524525105036595E-002
         909   4.4894209276693832E-002
         910   5.0154657404177794E-002
         911   3.8249999344109983E-002
         912   5.3571144208024495E-002
         913   2.8605160183547744E-002
         914   2.2625483165658884E-002
         915   6.6279074913267191E-002
         916   5.6482397443051099E-002
         917   3.6077183662599432E-002
         918   1.7189737797566357E-002
         919   4.2675053038798226E-002
         920   3.7326084668909805E-002
         921   3.8347975311209641E-002
         922   3.9119290822048174E-002
         923   2.7648184380291482E-002
         924   4.6017762035050092E-002
         925   2.4462071570617066E-002
         926   4.4941779671720958E-002
         927   4.8689261537986472E-002
         928   2.2625483165658784E-002
         929   3.3378983643468502E-002
         930   5.0981544119417722E-002
         931   4.3953728008408056E-002
         932   4.8924143141234132E-002
         933   3.4175863393201528E-002
         934   4.6100893052010983E-002
         935   4.5250966331317588E-002
         936   3.3966308257152272E-002
         937   2.1559972041317547E-002
         938   3.0299486635804538E-002
         939   4.6853532781509874E-002
         940   2.1188121643354936E-002
         941   2.1343474468333797E-002
         942   3.8948550650809523E-002
         943   3.7372026173820766E-002
         944   3.5408850085500806E-002
         945   2.4355024443952638E-002
         946   2.3052036437021937E-002
         947   4.1869991050534572E-002
         948   5.8635442998875464E-002
         949   5.3002793352625886E-002
         950   1.8109874086400322E-002
         951   4.2299768738394673E-002
         952   4.2629449280640087E-002
         953   2.3052036437021826E-002
         954   4.3791591698623081E-002
         955   2.2625483165658988E-002
         956   4.0936411566789531E-002
         957   3.7128199768180346E-002
         958   4.3823022352551776E-002
         959   4.5546817537685767E-002
         960   4.1509189298843743E-002
         961   3.6006111004137434E-002
         962   8.8731203735998854E-003
         963   2.4983638918069737E-002
         964   5.1017695540622424E-002
         965   3.1224341649593035E-002
         966   5.2128550340907111E-002
         967   4.2990765059903485E-002
         968   4.6108642786511528E-002
         969   3.9418115010589110E-002
         970   3.3966308257152189E-002
         971   3.0699969461003885E-002
         972   4.7254457281712209E-002
         973   3.6939063622725095E-002
         974   2.3944521004093250E-002
         975   7.9634182850582075E-002
         976   5.9799533150253451E-002
         977   4.8235208598494450E-002
         978   2.9666137528815133E-002
         979   4.3058167610313530E-002
         980   5.6073643723676514E-002
         981   3.2229960083631798E-002
         982   4.3761059803809621E-002
         983   3.6684606624742475E-002
         984   5.6796607567297777E-002
         985   4.7889042008186194E-002
         986   5.5423806026086347E-002
         987   4.7738499466154487E-002
         988   1.6558433367046876E-002
         989   4.3233569330849299E-002
         990   6.4142144973167378E-002
         991   6.2646027565375254E-002
         992   2.9462782549439456E-002
         993   5.2237038234217090E-002
         994   4.8647039894933505E-002
         995   3.8998485899249841E-002
         996   6.2536538858737931E-002
         997   6.5880784586841254E-002
         998   4.2803878267669113E-002
         999   5.3574989089762326E-002
        1000   5.8925565098878988E-002
        1001   3.9918308581834830E-002
        1002   3.6077183662599342E-002
        1003   1.9422363909237704E-002
        1004   4.6296439295176392E-002
        1005   3.1132073314601549E-002
        1006   4.4673813813453117E-002
        1007   4.9152186416751786E-002
        1008   5.6620390370544844E-002
        1009   3.2940392293420606E-002
        1010   5.9961972995421879E-002
        1011   4.8938891525179766E-002
        1012   2.7234393587012649E-002
        1013   4.6182103710829765E-002
        1014   2.4617078199958793E-002
        1015   3.7079562823104109E-002
        1016   3.2940392293420606E-002
        1017   4.6381170783467478E-002
        1018   5.3900524832931347E-002
        1019   2.5385221443110690E-002
        1020   5.0455809369608057E-002
        1021   3.1132073314601549E-002
        1022   5.6860862954612117E-002
        1023   5.1800850116852738E-002
        1024   5.5396349395854659E-002
        1025   2.4617078199958946E-002
        1026   6.2203252185674074E-002
        1027   5.4900356393494366E-002
        1028   4.7597180395039289E-002
        1029   4.7514769284920703E-002
        1030   6.2264146629203210E-002
        1031   3.5743408522634926E-002
        1032   4.7361618625326542E-002
        1033   4.9234156399917690E-002
        1034   5.3992067341222263E-002
        1035   4.4981457961206291E-002
        1036   6.5880784586841212E-002
        1037   5.3823597337692694E-002
        1038   2.8172679749503146E-002
        1039   3.9139458420540646E-002
        1040   3.4337802429083658E-002
        1041   2.7888606611283055E-002
        1042   4.4743664567273682E-002
        1043   3.4929755426840355E-002
        1044   2.4438675269551961E-002
        1045   3.4698317637711071E-002
        1046   4.8649012622372083E-002
        1047   5.3571144208024495E-002
        1048   6.7055721778162977E-002
        1049   3.8630890703439474E-002
        1050   3.6077183662599342E-002
        1051   2.0673094490648018E-002
        1052   5.0684452755131525E-002
        1053   3.1138041251237140E-002
        1054   4.6772244209635078E-002
        1055   3.6520453698416978E-002
        1056   5.4415447619338850E-002
        1057   5.4702998795833346E-002
        1058   6.7908358387527568E-002
        1059   3.7850108994137079E-002
        1060   4.4194173824159223E-002
        1061   3.2940392293420606E-002
        1062   2.9462782549439376E-002
        1063   5.3114786599924781E-002
        1064   5.3114786599924760E-002
        1065   2.0833333333333370E-002
        1066   5.3574989089762153E-002
        1067   6.1560847640930609E-002
        1068   5.3114786599924781E-002
        1069   2.9462782549439376E-002
        1070   4.6584749531245549E-002
        1071   5.6852557849405197E-002
        1072   2.5060859270050858E-002
        1073   5.3114786599924760E-002
        1074   4.6584749531245549E-002
        1075   5.8925565098878911E-002
        1076   5.3412496819025670E-002
        1077   3.9380343867329186E-002
        1078   7.2612730954674701E-002
        1079   2.4284767310567848E-002
        1080   4.6287627850258729E-002
        1081   3.4348175148630582E-002
        1082   5.3554992090227127E-002
        1083   4.4194173824159223E-002
        1084   3.3677415946848366E-002
        1085   2.3231520691764908E-002
        1086   7.2901737678112047E-002
        1087   5.7593670486527374E-002
        1088   3.2328129065764599E-002
        1089   4.2709519647076255E-002
        1090   5.3221606429800998E-002
        1091   1.8695883350190012E-002
        1092   6.6587588078954443E-002
        1093   6.2536538858737931E-002
        1094   4.0765766743505606E-002
        1095   4.8678072707258858E-002
        1096   4.6463041383529947E-002
        1097   6.2646027565375254E-002
        1098   6.4656258131529171E-002
        1099   3.9630639571679484E-002
        1100   2.6482253710744426E-002
        1101   2.3120232948784066E-002
        1102   5.8016330757256221E-002
        1103   1.9643047179247725E-002
        1104   2.4284767310567897E-002
        1105   4.0958209135412121E-002
        1106   3.8212506627695132E-002
        1107   3.5374623875552923E-002
        1108   2.2634120725537218E-002
        1109   4.3739472874313477E-002
        1110   6.9891199326248599E-002
        1111   6.6883985365106924E-002
        1112   6.2500000000000000E-002
        1113   4.1177344773645035E-002
        1114   3.8720427337143176E-002
        1115   2.9887247341711276E-002
        1116   4.9845723141378549E-002
        1117   2.6536296919967579E-002
        1118   4.7780826495038446E-002
        1119   2.6263448308856244E-002
        1120   2.5806911551795063E-002
        1121   4.8938891525179752E-002
        1122   6.2499999999999889E-002
        1123   3.4974687429930457E-002
        1124   3.9918308581834816E-002
        1125   2.1267405753865126E-002
        1126   4.4652570313058491E-002
        1127   3.0920017996896823E-002
        1128   6.2828084738227943E-002
        1129   6.6602550348219769E-002
        1130   4.1059664621523079E-002
        1131   4.9922398064629690E-002
        1132   5.0922615503676757E-002
        1133   3.9918308581834830E-002
        1134   2.7173883440068672E-002
        1135   3.0021055414805747E-002
        1136   4.2665447428919680E-002
        1137   3.9206634678785310E-002
        1138   2.4665017195971188E-002
        1139   2.0937773453876141E-002
        1140   4.2269366134322479E-002
        1141   3.5209850252355235E-002
        1142   2.2565922477563564E-002
        1143   2.0367313440216171E-002
        1144   3.7501856960410446E-002
        1145   4.6523131952671826E-002
        1146   2.0937773453875992E-002
        1147   4.0137820304362887E-002
        1148   3.5052214703719116E-002
        1149   4.4194173824159223E-002
        1150   3.2940392293420606E-002
        1151   2.0833333333333370E-002
        1152   4.3933244823102048E-002
        1153   4.4194173824159223E-002
        1154   3.5408850085500820E-002
        1155   3.5408850085500820E-002
        1156   3.6883669272655094E-002
        1157   1.7139565262912312E-002
        1158   3.4274409484581658E-002
        1159   3.9206634678785136E-002
        1160   3.5408850085500626E-002
        1161   3.5209850252355165E-002
 time 1e30