  0.0000000000E+00    0.7571559420E-13
  0.1500000000E+00    0.1575772042E-03   0.9251499510E-07   0.1492061095E-10   0.2828383443E-12
  0.3750000000E+00    0.2209805860E-03   0.1823843383E-06   0.8997592665E-10   0.4487248253E-12
  0.7125000000E+00    0.3013338632E-03   0.3385285360E-06   0.5889271216E-09   0.5390947692E-13   0.1034561518E-14
  0.1218750000E+01    0.3956988272E-03   0.5824681317E-06   0.3758172927E-08   0.1383214900E-11   0.2484152509E-13
  0.1978125000E+01    0.4897804765E-03   0.9036714744E-06   0.1746307323E-07   0.2831533575E-10   0.3268540844E-13
  0.3117187500E+01    0.2526204383E-05   0.9657919207E-06   0.4300681044E-07   0.1902957482E-09   0.7102703505E-14   0.8450189037E-16
  0.4825781250E+01    0.1937740960E-05   0.9132536255E-06   0.3651720329E-07   0.6581755300E-09   0.6372910515E-12   0.1877594339E-13
  0.5964843750E+01    0.1114391484E-05   0.2180245916E-06   0.6770398186E-08   0.3225193308E-10   0.3101426565E-13   0.2672110528E-15
  0.7103906250E+01    0.4940515274E-06   0.8764903096E-07   0.2496360087E-08   0.2232180184E-10   0.2736030789E-14   0.4069622568E-16
  0.7863281250E+01    0.1640144829E-06   0.3949099727E-07   0.7404437459E-09   0.1683550354E-11   0.9556683266E-13
  0.8622656250E+01    0.9384074396E-07   0.4740834743E-07   0.1676975152E-08   0.1092575173E-11   0.1791054200E-14
  0.9128906250E+01    0.6748318167E-07   0.1445167768E-07   0.1420990124E-09   0.4952628932E-13   0.5969254005E-15
  0.9635156250E+01    0.4307678057E-07   0.1064229780E-07   0.1014464749E-09   0.4677179339E-13   0.3208715900E-15
  0.1014140625E+02    0.2942914910E-07   0.7478719809E-08   0.7583970108E-10   0.2166684567E-13   0.1244678657E-15
  0.1064765625E+02    0.1304023701E-07   0.7830654572E-08   0.5293742682E-10   0.5244479691E-13   0.2706066750E-15
  0.1115390625E+02    0.7786196703E-08   0.5451542290E-08   0.4511789668E-10   0.1221589929E-13   0.2685193325E-16
  0.1166015625E+02    0.7760897390E-08   0.4600845115E-08   0.4019672554E-10   0.1151199207E-13   0.3050116563E-16
  0.1216640625E+02    0.7461090699E-08   0.2770567999E-08   0.3201155926E-10   0.8408444616E-14   0.2424918266E-16
  0.1267265625E+02    0.1195523820E-07   0.5620612447E-09   0.2557500500E-10   0.3124335969E-13   0.5934667962E-15
  0.1317890625E+02    0.1729266784E-07   0.1265408448E-08   0.2408982127E-10   0.3469995013E-14   0.7569185956E-16
  0.1368515625E+02    0.1044098350E-07   0.1225735574E-08   0.1399881026E-10   0.6246463638E-14   0.3808666197E-16
  0.1419140625E+02    0.1599082582E-07   0.4846912423E-08   0.2942063034E-10   0.1508686619E-13   0.5464414294E-16
  0.1452890625E+02    0.2200933411E-07   0.2185869631E-08   0.8518192679E-11   0.1099891348E-14   0.4717825298E-16
  0.1486640625E+02    0.2189386997E-07   0.1357957309E-10   0.7191538951E-11   0.1777486595E-14   0.4865855975E-16
  0.1520390625E+02    0.2700705188E-07   0.2760471697E-10   0.5923010580E-11   0.2450243415E-13   0.4657832677E-15
  0.1571015625E+02    0.3639840353E-07   0.6059849248E-08   0.4379606197E-10   0.1454463076E-13   0.1005895547E-15
  0.1621640625E+02    0.5156996768E-07   0.3219135231E-08   0.2462265166E-10   0.5489564836E-14   0.3577087315E-16
  0.1672265625E+02    0.1159152013E-09   0.4250224113E-08   0.1604344474E-12   0.7026502295E-13   0.4850298642E-14
  0.1706015625E+02    0.2419247466E-07   0.8017020280E-09   0.1570515765E-10   0.2577078226E-13   0.5319656681E-14
  0.1739765625E+02    0.1390583535E-07   0.6576927221E-09   0.8147009923E-11   0.9790295690E-14   0.8149883510E-15
  0.1773515625E+02    0.7106676800E-08   0.6752440704E-09   0.2783610198E-10   0.1989749188E-13   0.6847103453E-14
  0.1807265625E+02    0.7972338722E-08   0.7213950405E-09   0.3391494122E-11   0.2342218507E-14   0.6345084652E-16
  0.1857890625E+02    0.1041686737E-08   0.1149141990E-08   0.8128824169E-11   0.3486102409E-14   0.8473364838E-16
  0.1933828125E+02    0.7001205774E-09   0.1815281050E-08   0.5388109098E-11   0.2569734784E-15   0.3814524118E-16
  0.2009765625E+02    0.1173510454E-08   0.6974920910E-09   0.4098867361E-11   0.6917428133E-14
  0.2123671875E+02    0.2082542843E-09   0.1792996830E-10   0.1230061744E-12   0.6154137387E-16   0.2275020353E-16
  0.2237578125E+02    0.3789288986E-09   0.1777578399E-11   0.2942771969E-13   0.2656029552E-16   0.2484803340E-16
  0.2351484375E+02    0.4090358502E-10   0.3690268683E-12   0.4447590938E-14   0.6259397777E-14   0.5151744620E-17
  0.2465390625E+02    0.6445905249E-11   0.1802382858E-09   0.1524979508E-11   0.7487972367E-14
  0.2579296875E+02    0.8989414341E-12   0.2532717694E-10   0.6495105632E-13   0.1102849035E-15
  0.2750156250E+02    0.5656848846E-09   0.1996952024E-11   0.2886350908E-14   0.1682789425E-16
  0.2921015625E+02    0.4837966431E-10   0.1847737893E-12   0.6955909459E-16   0.5224142623E-16
  0.3091875000E+02    0.9840617822E-11   0.4676960611E-14   0.1834008187E-14
  0.3262734375E+02    0.5885891758E-12   0.5618295465E-15   0.5623021843E-16
  0.3433593750E+02    0.1208135551E-12   0.3512974312E-16   0.6061795012E-16
  0.3604453125E+02    0.6350632420E-14   0.1895137164E-13   0.3232022407E-16
  0.3775312500E+02    0.3318831075E-15   0.9639646126E-15   0.1280567168E-16
  0.3946171875E+02    0.2306992516E-16   0.5840405005E-16
  0.4117031250E+02    0.1155447668E-11   0.2370792019E-17
  0.4287890625E+02    0.1598851633E-12   0.4811941260E-16
  0.4458750000E+02    0.2203301399E-13   0.2519823768E-16
  0.4629609375E+02    0.3017909306E-14   0.5022666773E-16
  0.4800468750E+02    0.4060040686E-15   0.1271120361E-16
  0.4971328125E+02    0.5532074488E-16   0.8126453192E-17
  0.5142187500E+02    0.7510261468E-17   0.1390828086E-16
  0.5313046875E+02    0.1193069381E-16   0.9167908912E-17
  0.5483906250E+02    0.3208011836E-16
  0.5654765625E+02    0.3296233624E-16
