  0.1449500000E-01
  0.9904300000E-01
  0.1645790000E+00
  0.2322020000E+00
  0.3349200000E+00
  0.5884260000E+00
  0.7538930000E+00
  0.8724690000E+00
  0.9933640000E+00
  0.1081307000E+01
  0.1192504000E+01
  0.1281287000E+01
  0.1365262000E+01
  0.1433023000E+01
  0.1514993000E+01
  0.1595120000E+01
  0.1674745000E+01
  0.1737246000E+01
  0.1814522000E+01
  0.1934314000E+01
  0.2013255000E+01
  0.2088284000E+01
  0.2168245000E+01
  0.2243154000E+01
  0.2357507000E+01
  0.2439699000E+01
  0.2833181000E+01
  0.2893107000E+01
  0.2961490000E+01
  0.3032851000E+01
  0.3082036000E+01
  0.3150068000E+01
  0.3225513000E+01
  0.3295805000E+01
  0.3370695000E+01
  0.3447723000E+01
  0.3524736000E+01
  0.3600925000E+01
  0.3680573000E+01
  0.3751173000E+01
  0.3823728000E+01
  0.3916532000E+01
  0.3994420000E+01
  0.4041493000E+01
  0.4108723000E+01
  0.4155287000E+01
  0.4202721000E+01
  0.4249382000E+01
  0.4296714000E+01
  0.4344203000E+01
  0.4390755000E+01
  0.4439410000E+01
  0.4486835000E+01
  0.4533766000E+01
  0.4579493000E+01
  0.4634662000E+01
  0.4704271000E+01
  0.4778654000E+01
  0.4850591000E+01
  0.4928378000E+01
  0.5049820000E+01
  0.5109801000E+01
  0.5167713000E+01
  0.5244213000E+01
  0.5430623000E+01
  0.5484006000E+01
  0.5544059000E+01
  0.5606965000E+01
  0.5749267000E+01
  0.5814898000E+01
  0.5861754000E+01
  0.5908383000E+01
  0.5978142000E+01
  0.6039595000E+01
  0.6100309000E+01
  0.6168090000E+01
  0.6224110000E+01
  0.6298794000E+01
  0.6345555000E+01
  0.6392007000E+01
  0.6438010000E+01
  0.6484680000E+01
  0.6531592000E+01
  0.6604613000E+01
  0.6651150000E+01
  0.6697263000E+01
  0.6740394000E+01
  0.6813378000E+01
  0.6860057000E+01
  0.6906495000E+01
  0.6959649000E+01
  0.7006152000E+01
  0.7058544000E+01
  0.7098277000E+01
  0.7151037000E+01
  0.7202949000E+01
  0.7249406000E+01
  0.7296180000E+01
  0.7342805000E+01
  0.7390189000E+01
  0.7457145000E+01
  0.7519978000E+01
  0.7565827000E+01
  0.7619987000E+01
  0.7680720000E+01
  0.7717817000E+01
  0.7756110000E+01
  0.7793394000E+01
  0.7830799000E+01
  0.7868546000E+01
  0.7906365000E+01
  0.7942704000E+01
  0.7980625000E+01
  0.8018003000E+01
  0.8055872000E+01
  0.8093545000E+01
  0.8131047000E+01
  0.8168847000E+01
  0.8220173000E+01
  0.8265777000E+01
  0.8320884000E+01
  0.8366281000E+01
  0.8411842000E+01
  0.8456920000E+01
  0.8502891000E+01
  0.8546706000E+01
  0.8592095000E+01
  0.8636011000E+01
  0.8682046000E+01
  0.8728195000E+01
  0.8775142000E+01
  0.8822133000E+01
  0.8890468000E+01
  0.8946547000E+01
  0.9000500000E+01
  0.9045938000E+01
  0.9091321000E+01
  0.9136834000E+01
  0.9182569000E+01
  0.9220925000E+01
  0.9258789000E+01
  0.9296727000E+01
  0.9334876000E+01
  0.9371983000E+01
  0.9409611000E+01
  0.9448300000E+01
  0.9486913000E+01
  0.9524441000E+01
  0.9562296000E+01
  0.9600112000E+01
  0.9637914000E+01
  0.9676250000E+01
  0.9713884000E+01
  0.9751370000E+01
  0.9789552000E+01
  0.9827764000E+01
  0.9865581000E+01
  0.9914075000E+01
  0.9960506000E+01
  0.1012738000E+02
  0.1016705500E+02
  0.1021968100E+02
  0.1026864900E+02
  0.1031932300E+02
  0.1036845400E+02
  0.1041815100E+02
  0.1046406700E+02
  0.1051191900E+02
  0.1055879000E+02
  0.1062754000E+02
  0.1067349700E+02
  0.1076532000E+02
  0.1079975700E+02
  0.1084360700E+02
  0.1088989500E+02
  0.1091988400E+02
  0.1094939600E+02
  0.1097931600E+02
  0.1100943400E+02
  0.1103940200E+02
  0.1106897500E+02
  0.1109826000E+02
  0.1112900500E+02
  0.1115872300E+02
  0.1118880100E+02
  0.1121900000E+02
  0.1124915400E+02
  0.1127917800E+02
  0.1130919600E+02
  0.1133933500E+02
  0.1136919200E+02
  0.1139905700E+02
  0.1142894700E+02
  0.1145898700E+02
  0.1148911300E+02
  0.1151887700E+02
  0.1154934700E+02
  0.1157859500E+02
  0.1160845600E+02
  0.1163860000E+02
  0.1166843000E+02
  0.1169803100E+02
  0.1172859500E+02
  0.1176019000E+02
  0.1179090900E+02
  0.1182114600E+02
  0.1185120900E+02
  0.1188107000E+02
  0.1191105800E+02
  0.1194107300E+02
  0.1197107700E+02
  0.1200105000E+02
  0.1203141500E+02
  0.1206097600E+02
  0.1209096400E+02
  0.1212073600E+02
  0.1215063000E+02
  0.1218081000E+02
  0.1221075300E+02
  0.1224109600E+02
  0.1227130600E+02
  0.1230131200E+02
  0.1233141700E+02
  0.1236130200E+02
  0.1239140600E+02
  0.1242695200E+02
