   0.3939041803E+00
   0.3935294740E+00
   0.3921389455E+00
   0.3856705211E+00
   0.3525641627E+00
   0.3028610968E+00
   0.2678720713E+00
   0.2349136756E+00
   0.2140246841E+00
   0.2008656496E+00
   0.1889439330E+00
   0.1779109083E+00
   0.1675229479E+00
   0.1575180330E+00
   0.1478548440E+00
   0.1386383489E+00
   0.1299494024E+00
   0.1218392326E+00
   0.1114028754E+00
   0.1046260482E+00
   0.9840661345E-01
   0.9270179290E-01
   0.8747213817E-01
   0.8085860161E-01
   0.7665899115E-01
   0.7289322926E-01
   0.6953264249E-01
   0.6654082545E-01
   0.6289891381E-01
   0.5979780177E-01
   0.5716438413E-01
   0.5418642959E-01
   0.5177930052E-01
   0.4983536203E-01
   0.4826293270E-01
   0.4698035167E-01
   0.4592715528E-01
   0.4505451929E-01
   0.4433670047E-01
   0.4374513452E-01
   0.4325558627E-01
   0.4283392179E-01
   0.4245493321E-01
   0.4210803623E-01
   0.4179397666E-01
   0.4151445539E-01
   0.4126828071E-01
   0.4105267256E-01
   0.4086686447E-01
   0.4070570835E-01
   0.4055912838E-01
   0.4042214011E-01
   0.4029176001E-01
   0.4016549402E-01
   0.4004265020E-01
   0.3987094255E-01
   0.3969036177E-01
   0.3951110769E-01
   0.3933474737E-01
   0.3915090027E-01
   0.3901498151E-01
   0.3881597359E-01
   0.3860861376E-01
   0.3839969326E-01
   0.3825192363E-01
   0.3806135436E-01
   0.3788913446E-01
   0.3774181708E-01
   0.3762213235E-01
   0.3751632935E-01
   0.3741236873E-01
   0.3730830565E-01
   0.3720608327E-01
   0.3710957493E-01
   0.3702302927E-01
   0.3694949707E-01
   0.3689003950E-01
   0.3684646639E-01
   0.3681287079E-01
   0.3678344533E-01
   0.3675673480E-01
   0.3673092545E-01
   0.3670372593E-01
   0.3668323945E-01
   0.3666069573E-01
   0.3663556622E-01
   0.3659536932E-01
   0.3655401543E-01
   0.3651593397E-01
   0.3648349378E-01
   0.3645727425E-01
   0.3643687628E-01
   0.3642140860E-01
   0.3640978345E-01
   0.3640090729E-01
   0.3639376391E-01
   0.3638740001E-01
   0.3638086255E-01
   0.3637333709E-01
   0.3636487573E-01
   0.3635689239E-01
   0.3635083501E-01
   0.3634612133E-01
   0.3634211797E-01
   0.3633892930E-01
   0.3633645232E-01
   0.3633440786E-01
   0.3633255912E-01
   0.3633076136E-01
   0.3632893421E-01
   0.3632703120E-01
   0.3632502100E-01
   0.3632287744E-01
   0.3632057438E-01
   0.3631808265E-01
   0.3631536772E-01
   0.3631238771E-01
   0.3630908978E-01
   0.3630540725E-01
   0.3630125416E-01
   0.3629651758E-01
   0.3629104611E-01
   0.3628463216E-01
   0.3627698367E-01
   0.3626767741E-01
   0.3625607886E-01
   0.3624119950E-01
   0.3622143357E-01
   0.3619406740E-01
   0.3615443439E-01
   0.3609506036E-01
   0.3600774549E-01
   0.3589284289E-01
   0.3576409257E-01
   0.3563879647E-01
   0.3552913273E-01
   0.3544045075E-01
   0.3537289201E-01
   0.3532370874E-01
   0.3528911246E-01
   0.3526539003E-01
   0.3524941737E-01
   0.3523879204E-01
   0.3523177207E-01
   0.3522714414E-01
   0.3522408646E-01
   0.3522205311E-01
   0.3522068623E-01
   0.3521975325E-01
   0.3521910386E-01
   0.3521864114E-01
   0.3521830262E-01
   0.3521804792E-01
   0.3521785088E-01
   0.3521769436E-01
   0.3521756707E-01
   0.3521746147E-01
   0.3521737240E-01
   0.3521729630E-01
   0.3521725030E-01
   0.3521719075E-01
   0.3521713872E-01
   0.3521709344E-01
   0.3521705410E-01
   0.3521701919E-01
   0.3521698821E-01
   0.3521696071E-01
   0.3521693631E-01
   0.3521691465E-01
   0.3521689544E-01
   0.3521687838E-01
   0.3521686789E-01
   0.3521685394E-01
   0.3521684155E-01
   0.3521683056E-01
   0.3521682080E-01
   0.3521681214E-01
   0.3521680445E-01
   0.3521679763E-01
   0.3521679158E-01
   0.3521678621E-01
   0.3521678144E-01
   0.3521677721E-01
   0.3521677345E-01
   0.3521677012E-01
   0.3521676716E-01
   0.3521676453E-01
   0.3521676220E-01
   0.3521676013E-01
   0.3521675829E-01
   0.3521675666E-01
   0.3521675522E-01
   0.3521675393E-01
   0.3521675279E-01
   0.3521675178E-01
   0.3521675088E-01
   0.3521675008E-01
   0.3521674938E-01
   0.3521674875E-01
   0.3521674819E-01
   0.3521674770E-01
   0.3521674726E-01
   0.3521674687E-01
   0.3521674652E-01
   0.3521674621E-01
   0.3521674594E-01
   0.3521674570E-01
   0.3521674548E-01
   0.3521674529E-01
   0.3521674512E-01
   0.3521674497E-01
   0.3521674484E-01
   0.3521674472E-01
   0.3521674462E-01
   0.3521674452E-01
   0.3521674444E-01
   0.3521674437E-01
   0.3521674430E-01
   0.3521674424E-01
   0.3521674419E-01
   0.3521674414E-01
   0.3521674410E-01
   0.3521674407E-01
   0.3521674404E-01
   0.3521674401E-01
   0.3521674398E-01
