   0.1133564522E-03
   0.2827100507E-03
   0.9106131674E-03
   0.3818934580E-02
   0.1829663529E-01
   0.3830139523E-01
   0.5053125902E-01
   0.5882633142E-01
   0.6162448847E-01
   0.6204403190E-01
   0.6102465510E-01
   0.5870975553E-01
   0.5539343460E-01
   0.5167988082E-01
   0.4816334274E-01
   0.4511592568E-01
   0.4255578067E-01
   0.4040099421E-01
   0.3765028524E-01
   0.3611551632E-01
   0.3471655756E-01
   0.3342124767E-01
   0.3221740583E-01
   0.3058368366E-01
   0.2967454259E-01
   0.2889567265E-01
   0.2823880308E-01
   0.2768992014E-01
   0.2704024441E-01
   0.2655384837E-01
   0.2618291882E-01
   0.2577066747E-01
   0.2546697780E-01
   0.2523599194E-01
   0.2505335559E-01
   0.2489720117E-01
   0.2475654958E-01
   0.2463671776E-01
   0.2454595890E-01
   0.2448402751E-01
   0.2444281442E-01
   0.2441173044E-01
   0.2438137985E-01
   0.2434546804E-01
   0.2430318366E-01
   0.2425923559E-01
   0.2421960435E-01
   0.2418736448E-01
   0.2416208426E-01
   0.2414209036E-01
   0.2412597221E-01
   0.2411160051E-01
   0.2409626516E-01
   0.2407747799E-01
   0.2405428983E-01
   0.2401609909E-01
   0.2398532757E-01
   0.2396475140E-01
   0.2395170065E-01
   0.2393898627E-01
   0.2392827461E-01
   0.2390171155E-01
   0.2386742677E-01
   0.2382758878E-01
   0.2379958888E-01
   0.2375817951E-01
   0.2372367378E-01
   0.2370003118E-01
   0.2368770023E-01
   0.2368288484E-01
   0.2367879454E-01
   0.2366941200E-01
   0.2365391986E-01
   0.2363594770E-01
   0.2361943632E-01
   0.2360692998E-01
   0.2359946945E-01
   0.2359664245E-01
   0.2359704087E-01
   0.2359903833E-01
   0.2360145056E-01
   0.2360359461E-01
   0.2360485195E-01
   0.2360507480E-01
   0.2360441332E-01
   0.2360284729E-01
   0.2359792098E-01
   0.2359029353E-01
   0.2358144406E-01
   0.2357367223E-01
   0.2356815917E-01
   0.2356482701E-01
   0.2356307486E-01
   0.2356230397E-01
   0.2356208894E-01
   0.2356216742E-01
   0.2356237050E-01
   0.2356252622E-01
   0.2356235855E-01
   0.2356165892E-01
   0.2356085492E-01
   0.2356072946E-01
   0.2356143143E-01
   0.2356245678E-01
   0.2356334988E-01
   0.2356400000E-01
   0.2356447508E-01
   0.2356485919E-01
   0.2356520639E-01
   0.2356554562E-01
   0.2356589177E-01
   0.2356625313E-01
   0.2356663521E-01
   0.2356704259E-01
   0.2356747987E-01
   0.2356795217E-01
   0.2356846550E-01
   0.2356902707E-01
   0.2356964570E-01
   0.2357033230E-01
   0.2357110043E-01
   0.2357196707E-01
   0.2357295354E-01
   0.2357408641E-01
   0.2357539786E-01
   0.2357692391E-01
   0.2357869496E-01
   0.2358070135E-01
   0.2358277621E-01
   0.2358420317E-01
   0.2358251374E-01
   0.2357124136E-01
   0.2354222790E-01
   0.2349844191E-01
   0.2345444674E-01
   0.2342080786E-01
   0.2339915517E-01
   0.2338668422E-01
   0.2338003836E-01
   0.2337670565E-01
   0.2337512567E-01
   0.2337442495E-01
   0.2337414663E-01
   0.2337406304E-01
   0.2337406489E-01
   0.2337410130E-01
   0.2337414931E-01
   0.2337419895E-01
   0.2337424613E-01
   0.2337428940E-01
   0.2337432843E-01
   0.2337436336E-01
   0.2337439449E-01
   0.2337442219E-01
   0.2337444681E-01
   0.2337446868E-01
   0.2337448810E-01
   0.2337450535E-01
   0.2337452066E-01
   0.2337453009E-01
   0.2337454262E-01
   0.2337455375E-01
   0.2337456363E-01
   0.2337457240E-01
   0.2337458018E-01
   0.2337458710E-01
   0.2337459323E-01
   0.2337459867E-01
   0.2337460351E-01
   0.2337460780E-01
   0.2337461160E-01
   0.2337461394E-01
   0.2337461706E-01
   0.2337461983E-01
   0.2337462228E-01
   0.2337462446E-01
   0.2337462639E-01
   0.2337462811E-01
   0.2337462963E-01
   0.2337463098E-01
   0.2337463218E-01
   0.2337463325E-01
   0.2337463420E-01
   0.2337463503E-01
   0.2337463578E-01
   0.2337463644E-01
   0.2337463703E-01
   0.2337463755E-01
   0.2337463801E-01
   0.2337463842E-01
   0.2337463878E-01
   0.2337463911E-01
   0.2337463939E-01
   0.2337463965E-01
   0.2337463987E-01
   0.2337464007E-01
   0.2337464025E-01
   0.2337464041E-01
   0.2337464055E-01
   0.2337464068E-01
   0.2337464079E-01
   0.2337464088E-01
   0.2337464097E-01
   0.2337464105E-01
   0.2337464112E-01
   0.2337464118E-01
   0.2337464123E-01
   0.2337464128E-01
   0.2337464132E-01
   0.2337464136E-01
   0.2337464139E-01
   0.2337464142E-01
   0.2337464145E-01
   0.2337464147E-01
   0.2337464149E-01
   0.2337464151E-01
   0.2337464153E-01
   0.2337464154E-01
   0.2337464156E-01
   0.2337464157E-01
   0.2337464158E-01
   0.2337464159E-01
   0.2337464160E-01
   0.2337464160E-01
   0.2337464161E-01
   0.2337464162E-01
