   0.7914155414E+02
   0.3110263528E+02
   0.8930811710E+01
   0.1911860300E+01
   0.1108484769E+01
   0.1030010894E+01
   0.1011975147E+01
   0.9994852590E+00
   0.9917182227E+00
   0.9863120979E+00
   0.9801142992E+00
   0.9722705464E+00
   0.9630413917E+00
   0.9627697943E+00
   0.9670786478E+00
   0.9842075808E+00
   0.1008652774E+01
   0.1034939226E+01
   0.1070548260E+01
   0.1092071791E+01
   0.1111327669E+01
   0.1127675442E+01
   0.1141702388E+01
   0.1158848086E+01
   0.1169048394E+01
   0.1177735809E+01
   0.1184989109E+01
   0.1191619877E+01
   0.1200101478E+01
   0.1207605263E+01
   0.1214456484E+01
   0.1223687871E+01
   0.1232472207E+01
   0.1240369257E+01
   0.1247857986E+01
   0.1255612118E+01
   0.1263132510E+01
   0.1270076240E+01
   0.1276081065E+01
   0.1281212824E+01
   0.1285667453E+01
   0.1289724412E+01
   0.1293577330E+01
   0.1297466823E+01
   0.1301958539E+01
   0.1305872475E+01
   0.1309005572E+01
   0.1311464985E+01
   0.1313615167E+01
   0.1315620753E+01
   0.1317560566E+01
   0.1319593838E+01
   0.1321845375E+01
   0.1324396084E+01
   0.1327755466E+01
   0.1332571815E+01
   0.1336727041E+01
   0.1340130679E+01
   0.1343307543E+01
   0.1346654570E+01
   0.1349444907E+01
   0.1354084811E+01
   0.1358897777E+01
   0.1363598808E+01
   0.1366452675E+01
   0.1369908155E+01
   0.1372600845E+01
   0.1374679218E+01
   0.1376443046E+01
   0.1378185412E+01
   0.1380490470E+01
   0.1383076279E+01
   0.1385520316E+01
   0.1387519319E+01
   0.1388979883E+01
   0.1389979590E+01
   0.1390657283E+01
   0.1391143460E+01
   0.1391536343E+01
   0.1391903419E+01
   0.1392292929E+01
   0.1393078553E+01
   0.1394023155E+01
   0.1394746238E+01
   0.1395576840E+01
   0.1396519344E+01
   0.1398086761E+01
   0.1399591849E+01
   0.1400804535E+01
   0.1401640908E+01
   0.1402155493E+01
   0.1402450215E+01
   0.1402613988E+01
   0.1402706425E+01
   0.1402762297E+01
   0.1402800204E+01
   0.1402829471E+01
   0.1402854386E+01
   0.1402876573E+01
   0.1402896758E+01
   0.1402916233E+01
   0.1402936609E+01
   0.1402958803E+01
   0.1402982981E+01
   0.1403008993E+01
   0.1403036686E+01
   0.1403066003E+01
   0.1403096993E+01
   0.1403129793E+01
   0.1403164609E+01
   0.1403201714E+01
   0.1403241444E+01
   0.1403284209E+01
   0.1403330506E+01
   0.1403380939E+01
   0.1403436256E+01
   0.1403497385E+01
   0.1403565498E+01
   0.1403642095E+01
   0.1403729126E+01
   0.1403829176E+01
   0.1403945738E+01
   0.1404083654E+01
   0.1404249815E+01
   0.1404454352E+01
   0.1404712720E+01
   0.1405049543E+01
   0.1405506041E+01
   0.1406154893E+01
   0.1407129339E+01
   0.1409489842E+01
   0.1414292984E+01
   0.1420042750E+01
   0.1425494334E+01
   0.1429635488E+01
   0.1432298986E+01
   0.1433828187E+01
   0.1434641432E+01
   0.1435051730E+01
   0.1435251222E+01
   0.1435345767E+01
   0.1435389886E+01
   0.1435410401E+01
   0.1435420082E+01
   0.1435424857E+01
   0.1435427424E+01
   0.1435428990E+01
   0.1435430091E+01
   0.1435430960E+01
   0.1435431697E+01
   0.1435432348E+01
   0.1435432932E+01
   0.1435433460E+01
   0.1435433938E+01
   0.1435434370E+01
   0.1435434759E+01
   0.1435435111E+01
   0.1435435427E+01
   0.1435435710E+01
   0.1435435886E+01
   0.1435436122E+01
   0.1435436333E+01
   0.1435436522E+01
   0.1435436690E+01
   0.1435436841E+01
   0.1435436975E+01
   0.1435437094E+01
   0.1435437201E+01
   0.1435437296E+01
   0.1435437380E+01
   0.1435437455E+01
   0.1435437502E+01
   0.1435437564E+01
   0.1435437618E+01
   0.1435437667E+01
   0.1435437711E+01
   0.1435437749E+01
   0.1435437783E+01
   0.1435437814E+01
   0.1435437841E+01
   0.1435437865E+01
   0.1435437886E+01
   0.1435437905E+01
   0.1435437922E+01
   0.1435437937E+01
   0.1435437950E+01
   0.1435437962E+01
   0.1435437972E+01
   0.1435437982E+01
   0.1435437990E+01
   0.1435437997E+01
   0.1435438004E+01
   0.1435438010E+01
   0.1435438015E+01
   0.1435438019E+01
   0.1435438023E+01
   0.1435438027E+01
   0.1435438030E+01
   0.1435438033E+01
   0.1435438035E+01
   0.1435438038E+01
   0.1435438040E+01
   0.1435438041E+01
   0.1435438043E+01
   0.1435438044E+01
   0.1435438046E+01
   0.1435438047E+01
   0.1435438048E+01
   0.1435438049E+01
   0.1435438049E+01
   0.1435438050E+01
   0.1435438051E+01
   0.1435438051E+01
   0.1435438052E+01
   0.1435438052E+01
   0.1435438052E+01
   0.1435438053E+01
   0.1435438053E+01
   0.1435438053E+01
   0.1435438053E+01
   0.1435438054E+01
   0.1435438054E+01
   0.1435438054E+01
   0.1435438054E+01
   0.1435438054E+01
   0.1435438054E+01
