   0.2489987011E+02
   0.1809390736E+02
   0.1191919822E+02
   0.6992646067E+01
   0.3733643694E+01
   0.2720936777E+01
   0.2386752799E+01
   0.2145717731E+01
   0.1993263666E+01
   0.1888134737E+01
   0.1779953869E+01
   0.1665746573E+01
   0.1544823136E+01
   0.1420688429E+01
   0.1298525059E+01
   0.1181756632E+01
   0.1071751602E+01
   0.9687330917E+00
   0.8333763050E+00
   0.7452768717E+00
   0.6627475047E+00
   0.5853484456E+00
   0.5127758727E+00
   0.4180307794E+00
   0.3568117797E+00
   0.3004670413E+00
   0.2488535015E+00
   0.2017472165E+00
   0.1426983650E+00
   0.9121482996E-01
   0.4640991546E-01
   0.5745926154E-02
   0.4893818406E-01
   0.8470081263E-01
   0.1143501417E+00
   0.1390643807E+00
   0.1597836625E+00
   0.1771255473E+00
   0.1915117820E+00
   0.2033423339E+00
   0.2130466034E+00
   0.2210593655E+00
   0.2277812050E+00
   0.2335448666E+00
   0.2385770087E+00
   0.2429898433E+00
   0.2468283454E+00
   0.2501300981E+00
   0.2529519305E+00
   0.2553520370E+00
   0.2573620076E+00
   0.2590708678E+00
   0.2605769374E+00
   0.2619678579E+00
   0.2633074711E+00
   0.2651180407E+00
   0.2668087122E+00
   0.2683189796E+00
   0.2696594204E+00
   0.2709314984E+00
   0.2718562489E+00
   0.2732611462E+00
   0.2748127253E+00
   0.2764898768E+00
   0.2777383785E+00
   0.2794713108E+00
   0.2811067543E+00
   0.2825398055E+00
   0.2837163755E+00
   0.2846640418E+00
   0.2854825409E+00
   0.2862856009E+00
   0.2871269340E+00
   0.2879848105E+00
   0.2888054948E+00
   0.2895369244E+00
   0.2901441497E+00
   0.2906151731E+00
   0.2909635912E+00
   0.2912185245E+00
   0.2914097934E+00
   0.2915632890E+00
   0.2917038091E+00
   0.2918076873E+00
   0.2919217277E+00
   0.2920516948E+00
   0.2922814938E+00
   0.2925667093E+00
   0.2928842108E+00
   0.2931944243E+00
   0.2934674863E+00
   0.2936917557E+00
   0.2938682930E+00
   0.2940039536E+00
   0.2941070359E+00
   0.2941857487E+00
   0.2942474725E+00
   0.2942997964E+00
   0.2943515129E+00
   0.2944093348E+00
   0.2944687656E+00
   0.2945169486E+00
   0.2945472448E+00
   0.2945634198E+00
   0.2945720692E+00
   0.2945772762E+00
   0.2945809191E+00
   0.2945837482E+00
   0.2945860767E+00
   0.2945880824E+00
   0.2945898852E+00
   0.2945915740E+00
   0.2945932195E+00
   0.2945948811E+00
   0.2945966132E+00
   0.2945984695E+00
   0.2946004140E+00
   0.2946026148E+00
   0.2946051718E+00
   0.2946081889E+00
   0.2946118121E+00
   0.2946162523E+00
   0.2946218241E+00
   0.2946290144E+00
   0.2946386093E+00
   0.2946519448E+00
   0.2946714321E+00
   0.2947017479E+00
   0.2947527455E+00
   0.2948470187E+00
   0.2950387760E+00
   0.2954431747E+00
   0.2962013807E+00
   0.2973068622E+00
   0.2985602924E+00
   0.2997512968E+00
   0.3007686651E+00
   0.3015858749E+00
   0.3022193651E+00
   0.3027003489E+00
   0.3030611174E+00
   0.3033297835E+00
   0.3035290156E+00
   0.3036763883E+00
   0.3037852379E+00
   0.3038655626E+00
   0.3039248060E+00
   0.3039684871E+00
   0.3040006879E+00
   0.3040244233E+00
   0.3040419179E+00
   0.3040548125E+00
   0.3040643167E+00
   0.3040713223E+00
   0.3040764862E+00
   0.3040802931E+00
   0.3040830996E+00
   0.3040851689E+00
   0.3040866949E+00
   0.3040875764E+00
   0.3040884705E+00
   0.3040891302E+00
   0.3040894688E+00
   0.3040894734E+00
   0.3040894773E+00
   0.3040894807E+00
   0.3040894837E+00
   0.3040894863E+00
   0.3040894886E+00
   0.3040894907E+00
   0.3040894924E+00
   0.3040894935E+00
   0.3040894949E+00
   0.3040894962E+00
   0.3040894973E+00
   0.3040894983E+00
   0.3040894991E+00
   0.3040894999E+00
   0.3040895005E+00
   0.3040895011E+00
   0.3040895016E+00
   0.3040895021E+00
   0.3040895025E+00
   0.3040895029E+00
   0.3040895032E+00
   0.3040895035E+00
   0.3040895037E+00
   0.3040895040E+00
   0.3040895042E+00
   0.3040895043E+00
   0.3040895045E+00
   0.3040895046E+00
   0.3040895048E+00
   0.3040895049E+00
   0.3040895050E+00
   0.3040895050E+00
   0.3040895051E+00
   0.3040895052E+00
   0.3040895052E+00
   0.3040895053E+00
   0.3040895054E+00
   0.3040895054E+00
   0.3040895054E+00
   0.3040895055E+00
   0.3040895055E+00
   0.3040895055E+00
   0.3040895055E+00
   0.3040895056E+00
   0.3040895056E+00
   0.3040895056E+00
   0.3040895056E+00
   0.3040895056E+00
   0.3040895056E+00
   0.3040895056E+00
   0.3040895057E+00
   0.3040895057E+00
   0.3040895057E+00
   0.3040895057E+00
   0.3040895057E+00
   0.3040895057E+00
   0.3040895057E+00
   0.3040895057E+00
   0.3040895057E+00
   0.3040895057E+00
   0.3040895057E+00
   0.3040895057E+00
