   0.3941308932E+00
   0.3940948941E+00
   0.3939601718E+00
   0.3933083902E+00
   0.3891574333E+00
   0.3794638872E+00
   0.3689345894E+00
   0.3525663384E+00
   0.3372736610E+00
   0.3249537135E+00
   0.3109932432E+00
   0.2953304194E+00
   0.2783098171E+00
   0.2608777947E+00
   0.2441815295E+00
   0.2288702002E+00
   0.2150609638E+00
   0.2026412210E+00
   0.1867034459E+00
   0.1768570808E+00
   0.1678397286E+00
   0.1595442882E+00
   0.1519069498E+00
   0.1420259689E+00
   0.1360080763E+00
   0.1306845745E+00
   0.1260102487E+00
   0.1219206657E+00
   0.1169794026E+00
   0.1129054985E+00
   0.1095302218E+00
   0.1057277645E+00
   0.1027132561E+00
   0.1003073459E+00
   0.9836964388E-01
   0.9677475400E-01
   0.9544025444E-01
   0.9432795480E-01
   0.9342861827E-01
   0.9271318955E-01
   0.9214121511E-01
   0.9165738267E-01
   0.9121769291E-01
   0.9079897235E-01
   0.9040034399E-01
   0.9003292660E-01
   0.8970748946E-01
   0.8942740156E-01
   0.8919103307E-01
   0.8898988916E-01
   0.8881107287E-01
   0.8864534117E-01
   0.8848429035E-01
   0.8832045002E-01
   0.8815122988E-01
   0.8790314074E-01
   0.8766101691E-01
   0.8744061048E-01
   0.8723814867E-01
   0.8702887280E-01
   0.8687153072E-01
   0.8661939670E-01
   0.8634346729E-01
   0.8605487083E-01
   0.8585110138E-01
   0.8557771338E-01
   0.8533648202E-01
   0.8514187943E-01
   0.8499753280E-01
   0.8488209902E-01
   0.8476995794E-01
   0.8464712965E-01
   0.8451392299E-01
   0.8438147033E-01
   0.8426190190E-01
   0.8416335702E-01
   0.8408897840E-01
   0.8403975129E-01
   0.8400695261E-01
   0.8398152201E-01
   0.8395963595E-01
   0.8393811467E-01
   0.8391342982E-01
   0.8389338904E-01
   0.8386952237E-01
   0.8384126080E-01
   0.8379121128E-01
   0.8373460248E-01
   0.8367882210E-01
   0.8363083824E-01
   0.8359359259E-01
   0.8356653029E-01
   0.8354755831E-01
   0.8353439137E-01
   0.8352508516E-01
   0.8351809875E-01
   0.8351214101E-01
   0.8350591499E-01
   0.8349805419E-01
   0.8348819360E-01
   0.8347860223E-01
   0.8347229392E-01
   0.8346898426E-01
   0.8346703153E-01
   0.8346562905E-01
   0.8346445229E-01
   0.8346335802E-01
   0.8346227750E-01
   0.8346117415E-01
   0.8346002544E-01
   0.8345881474E-01
   0.8345752726E-01
   0.8345614785E-01
   0.8345465956E-01
   0.8345304239E-01
   0.8345127206E-01
   0.8344931870E-01
   0.8344714391E-01
   0.8344469865E-01
   0.8344191876E-01
   0.8343871843E-01
   0.8343498025E-01
   0.8343053925E-01
   0.8342515649E-01
   0.8341847312E-01
   0.8340992667E-01
   0.8339858941E-01
   0.8338283627E-01
   0.8335961982E-01
   0.8332284072E-01
   0.8326008784E-01
   0.8315022821E-01
   0.8297729870E-01
   0.8276097639E-01
   0.8254768995E-01
   0.8237074844E-01
   0.8223876108E-01
   0.8214626045E-01
   0.8208378546E-01
   0.8204252375E-01
   0.8201564136E-01
   0.8199826727E-01
   0.8198708530E-01
   0.8197989816E-01
   0.8197527391E-01
   0.8197228905E-01
   0.8197035173E-01
   0.8196908412E-01
   0.8196824551E-01
   0.8196768266E-01
   0.8196729800E-01
   0.8196702933E-01
   0.8196683690E-01
   0.8196669525E-01
   0.8196658797E-01
   0.8196650442E-01
   0.8196643766E-01
   0.8196638309E-01
   0.8196633762E-01
   0.8196631048E-01
   0.8196627599E-01
   0.8196624622E-01
   0.8196622070E-01
   0.8196619890E-01
   0.8196617956E-01
   0.8196616240E-01
   0.8196614717E-01
   0.8196613366E-01
   0.8196612167E-01
   0.8196611103E-01
   0.8196610159E-01
   0.8196609578E-01
   0.8196608806E-01
   0.8196608120E-01
   0.8196607512E-01
   0.8196606971E-01
   0.8196606492E-01
   0.8196606067E-01
   0.8196605690E-01
   0.8196605355E-01
   0.8196605057E-01
   0.8196604794E-01
   0.8196604559E-01
   0.8196604352E-01
   0.8196604167E-01
   0.8196604003E-01
   0.8196603858E-01
   0.8196603729E-01
   0.8196603615E-01
   0.8196603513E-01
   0.8196603423E-01
   0.8196603343E-01
   0.8196603272E-01
   0.8196603209E-01
   0.8196603153E-01
   0.8196603103E-01
   0.8196603059E-01
   0.8196603020E-01
   0.8196602985E-01
   0.8196602954E-01
   0.8196602927E-01
   0.8196602902E-01
   0.8196602881E-01
   0.8196602862E-01
   0.8196602844E-01
   0.8196602829E-01
   0.8196602816E-01
   0.8196602804E-01
   0.8196602794E-01
   0.8196602784E-01
   0.8196602776E-01
   0.8196602768E-01
   0.8196602762E-01
   0.8196602756E-01
   0.8196602751E-01
   0.8196602746E-01
   0.8196602742E-01
   0.8196602739E-01
   0.8196602735E-01
   0.8196602732E-01
   0.8196602730E-01
   0.8196602728E-01
   0.8196602726E-01
   0.8196602724E-01
   0.8196602722E-01
   0.8196602721E-01
