           25
            1
            2
            5
            9
           15
           17
           17
           16
           15
           15
           15
           15
           15
           14
           13
           12
           14
           12
           10
            9
           10
           10
           12
           10
            9
           11
           11
            9
            9
            9
            9
           10
            9
            8
            8
            9
            9
            9
           11
            8
            8
            8
            7
            7
            7
            8
            8
            9
            8
            7
            9
            9
            9
            8
           12
            9
            9
           10
           10
           10
           10
           10
            9
           10
           11
           10
           10
           10
           11
           10
           10
           10
           10
           10
            9
           10
            8
            9
            9
            9
            8
            9
            9
            9
            9
            9
            8
            9
           10
           10
            9
            9
           11
            9
           10
            9
            9
            9
           10
           10
           10
            9
           10
            9
            9
            9
            9
            9
            9
            9
            8
            8
            8
            9
            8
            8
            8
            9
            9
            9
            9
            9
            9
            9
            8
            9
            7
           10
            9
            9
            9
            9
           11
            9
            9
            9
            9
            9
           10
           10
           10
           10
           10
           10
           10
           10
           10
           10
           10
           10
           10
           10
           10
           10
           10
           10
           10
           10
           10
           10
           10
           10
           10
           10
           11
           10
           10
           10
           10
           10
           11
           10
           10
           10
           10
           10
           10
           10
           10
           10
           10
           10
           10
           10
           10
           10
           10
           10
           10
           10
           10
           10
           10
           10
           10
           10
           10
           10
           10
           10
           10
           10
           10
           10
           10
           10
           10
           10
           10
           10
           10
           10
           10
           10
           10
           10
           10
           10
           10
           10
           10
           10
           10
           10
           26
