   0.1000000000E+02
   0.4005741543E+01
   0.1239158863E+01
   0.2906066666E+00
   0.5586454028E-01
   0.2375143308E-01
   0.1667917894E-01
   0.1337856771E-01
   0.1233800004E-01
   0.1208310293E-01
   0.1223620895E-01
   0.1283644249E-01
   0.1397913794E-01
   0.1570651573E-01
   0.1793186202E-01
   0.2049193348E-01
   0.2321519369E-01
   0.2595240777E-01
   0.2978027640E-01
   0.3212751821E-01
   0.3423462112E-01
   0.3609356405E-01
   0.3771577919E-01
   0.3969768954E-01
   0.4084509194E-01
   0.4184321162E-01
   0.4271645395E-01
   0.4348768542E-01
   0.4447473466E-01
   0.4533635892E-01
   0.4610513417E-01
   0.4712491951E-01
   0.4806376304E-01
   0.4894515456E-01
   0.4978265414E-01
   0.5058262284E-01
   0.5133321966E-01
   0.5201027187E-01
   0.5259932337E-01
   0.5310680956E-01
   0.5355535479E-01
   0.5397309448E-01
   0.5438198774E-01
   0.5478768400E-01
   0.5517738498E-01
   0.5553061872E-01
   0.5583448573E-01
   0.5608997543E-01
   0.5630847232E-01
   0.5650570040E-01
   0.5669788866E-01
   0.5690074160E-01
   0.5712866114E-01
   0.5738993018E-01
   0.5767812160E-01
   0.5810180027E-01
   0.5847088089E-01
   0.5878871845E-01
   0.5909055456E-01
   0.5941755093E-01
   0.5965963006E-01
   0.6007493865E-01
   0.6052362852E-01
   0.6096580276E-01
   0.6124499941E-01
   0.6159461212E-01
   0.6186932998E-01
   0.6208410305E-01
   0.6226714672E-01
   0.6244971337E-01
   0.6265610557E-01
   0.6288898972E-01
   0.6312346428E-01
   0.6332744842E-01
   0.6348466228E-01
   0.6359700167E-01
   0.6367578604E-01
   0.6373383106E-01
   0.6378166406E-01
   0.6382690934E-01
   0.6387523362E-01
   0.6393170731E-01
   0.6400202355E-01
   0.6405799186E-01
   0.6412502414E-01
   0.6420459909E-01
   0.6434565904E-01
   0.6449011062E-01
   0.6461312560E-01
   0.6470179007E-01
   0.6475824132E-01
   0.6479145843E-01
   0.6481033508E-01
   0.6482120473E-01
   0.6482790235E-01
   0.6483253896E-01
   0.6483621093E-01
   0.6483947324E-01
   0.6484261213E-01
   0.6484577184E-01
   0.6484899096E-01
   0.6485225181E-01
   0.6485554774E-01
   0.6485889985E-01
   0.6486234099E-01
   0.6486590396E-01
   0.6486961896E-01
   0.6487351507E-01
   0.6487762240E-01
   0.6488197397E-01
   0.6488660742E-01
   0.6489156662E-01
   0.6489690359E-01
   0.6490268076E-01
   0.6490897397E-01
   0.6491587642E-01
   0.6492350409E-01
   0.6493200321E-01
   0.6494156093E-01
   0.6495242061E-01
   0.6496490468E-01
   0.6497944922E-01
   0.6499665825E-01
   0.6501739174E-01
   0.6504291373E-01
   0.6507515268E-01
   0.6511718119E-01
   0.6517414258E-01
   0.6525510589E-01
   0.6537669645E-01
   0.6556841682E-01
   0.6586875281E-01
   0.6628013515E-01
   0.6672131839E-01
   0.6709019084E-01
   0.6734485902E-01
   0.6749886409E-01
   0.6758397609E-01
   0.6762817846E-01
   0.6765015384E-01
   0.6766075309E-01
   0.6766577091E-01
   0.6766813385E-01
   0.6766926252E-01
   0.6766982644E-01
   0.6767013391E-01
   0.6767032430E-01
   0.6767045962E-01
   0.6767056716E-01
   0.6767065883E-01
   0.6767073989E-01
   0.6767081274E-01
   0.6767087860E-01
   0.6767093820E-01
   0.6767099209E-01
   0.6767104073E-01
   0.6767108455E-01
   0.6767112396E-01
   0.6767115935E-01
   0.6767118128E-01
   0.6767121073E-01
   0.6767123708E-01
   0.6767126063E-01
   0.6767128166E-01
   0.6767130043E-01
   0.6767131717E-01
   0.6767133209E-01
   0.6767134538E-01
   0.6767135722E-01
   0.6767136776E-01
   0.6767137713E-01
   0.6767138291E-01
   0.6767139061E-01
   0.6767139746E-01
   0.6767140355E-01
   0.6767140896E-01
   0.6767141377E-01
   0.6767141805E-01
   0.6767142185E-01
   0.6767142522E-01
   0.6767142822E-01
   0.6767143088E-01
   0.6767143325E-01
   0.6767143535E-01
   0.6767143721E-01
   0.6767143887E-01
   0.6767144034E-01
   0.6767144164E-01
   0.6767144280E-01
   0.6767144383E-01
   0.6767144475E-01
   0.6767144556E-01
   0.6767144628E-01
   0.6767144692E-01
   0.6767144749E-01
   0.6767144799E-01
   0.6767144844E-01
   0.6767144884E-01
   0.6767144919E-01
   0.6767144950E-01
   0.6767144978E-01
   0.6767145003E-01
   0.6767145025E-01
   0.6767145044E-01
   0.6767145061E-01
   0.6767145077E-01
   0.6767145090E-01
   0.6767145102E-01
   0.6767145113E-01
   0.6767145123E-01
   0.6767145131E-01
   0.6767145139E-01
   0.6767145145E-01
   0.6767145151E-01
   0.6767145156E-01
   0.6767145161E-01
   0.6767145165E-01
   0.6767145169E-01
   0.6767145172E-01
   0.6767145175E-01
   0.6767145178E-01
   0.6767145180E-01
   0.6767145182E-01
   0.6767145184E-01
   0.6767145186E-01
   0.6767145187E-01
