   0.0000000000E+00
   0.9852518534E+00
   0.9528878048E+00
   0.8097744990E+00
   0.2366732693E+00
   0.3071567534E+00
   0.5754070503E+00
   0.9350361301E+00
   0.1245788157E+01
   0.1469622038E+01
   0.1757989610E+01
   0.2008196159E+01
   0.2070946203E+01
   0.1972616394E+01
   0.1822430655E+01
   0.1675583166E+01
   0.1582640728E+01
   0.1453177486E+01
   0.1476673506E+01
   0.1513567478E+01
   0.1521507279E+01
   0.1509514400E+01
   0.1479120313E+01
   0.1490668668E+01
   0.1513879854E+01
   0.1530234167E+01
   0.1505168393E+01
   0.1429464016E+01
   0.1238093505E+01
   0.1038742644E+01
   0.8943575360E+00
   0.8681692552E+00
   0.8451405575E+00
   0.8382656670E+00
   0.7712990991E+00
   0.7877124783E+00
   0.7974891974E+00
   0.7882274074E+00
   0.7482263465E+00
   0.7020418365E+00
   0.6630222167E+00
   0.6961046666E+00
   0.6769812584E+00
   0.6628218173E+00
   0.6832828843E+00
   0.6976199880E+00
   0.7023857221E+00
   0.7743123864E+00
   0.8599960602E+00
   0.8729037640E+00
   0.8023810553E+00
   0.7695236719E+00
   0.7758636837E+00
   0.7146006069E+00
   0.6501337277E+00
   0.6462924203E+00
   0.6501890618E+00
   0.6226114731E+00
   0.5888323831E+00
   0.5991480313E+00
   0.6036938968E+00
   0.5989936735E+00
   0.6068417451E+00
   0.6307955958E+00
   0.6457889998E+00
   0.6485935554E+00
   0.6257351919E+00
   0.5899006953E+00
   0.5600634817E+00
   0.5677396635E+00
   0.5778879684E+00
   0.5777685858E+00
   0.5675258717E+00
   0.5663040472E+00
   0.5616582666E+00
   0.5488732586E+00
   0.5338700186E+00
   0.5312600448E+00
   0.5373029208E+00
   0.5485390159E+00
   0.5507591321E+00
   0.5645387942E+00
   0.6329375094E+00
   0.6718497865E+00
   0.6819823558E+00
   0.6641224508E+00
   0.6168763663E+00
   0.5750162279E+00
   0.5492596580E+00
   0.5328020365E+00
   0.5224439687E+00
   0.5257819348E+00
   0.5302640291E+00
   0.5364131323E+00
   0.5450541288E+00
   0.5574702152E+00
   0.5754010396E+00
   0.5998174996E+00
   0.6255513303E+00
   0.6358342436E+00
   0.6190692199E+00
   0.5865703622E+00
   0.5553899483E+00
   0.5327439740E+00
   0.5184134802E+00
   0.5100146380E+00
   0.5053195470E+00
   0.5046970546E+00
   0.5048644422E+00
   0.5050574235E+00
   0.5052796078E+00
   0.5055354164E+00
   0.5058302960E+00
   0.5061710026E+00
   0.5065659841E+00
   0.5070259062E+00
   0.5075643769E+00
   0.5081989709E+00
   0.5089526954E+00
   0.5098590129E+00
   0.5109723120E+00
   0.5123400595E+00
   0.5140455535E+00
   0.5162094116E+00
   0.5190111636E+00
   0.5227261278E+00
   0.5277895350E+00
   0.5349067044E+00
   0.5452205327E+00
   0.5604121395E+00
   0.5817777201E+00
   0.6050425388E+00
   0.6145107682E+00
   0.6018298381E+00
   0.5738279437E+00
   0.5462098621E+00
   0.5261953137E+00
   0.5138727203E+00
   0.5093516604E+00
   0.5080774946E+00
   0.5070286504E+00
   0.5061446015E+00
   0.5053877104E+00
   0.5047334041E+00
   0.5041644460E+00
   0.5036678693E+00
   0.5032333818E+00
   0.5028525219E+00
   0.5025181839E+00
   0.5022243269E+00
   0.5019657759E+00
   0.5017380766E+00
   0.5015373808E+00
   0.5013603547E+00
   0.5012041032E+00
   0.5010661065E+00
   0.5009441672E+00
   0.5008363661E+00
   0.5007410237E+00
   0.5006825882E+00
   0.5006049375E+00
   0.5005362065E+00
   0.5004753498E+00
   0.5004214504E+00
   0.5003737019E+00
   0.5003313938E+00
   0.5002938996E+00
   0.5002606666E+00
   0.5002312063E+00
   0.5002050873E+00
   0.5001819283E+00
   0.5001676925E+00
   0.5001487768E+00
   0.5001319900E+00
   0.5001171016E+00
   0.5001038873E+00
   0.5000921764E+00
   0.5000817868E+00
   0.5000725693E+00
   0.5000643916E+00
   0.5000571363E+00
   0.5000506992E+00
   0.5000449878E+00
   0.5000399203E+00
   0.5000354239E+00
   0.5000314342E+00
   0.5000278941E+00
   0.5000247528E+00
   0.5000219655E+00
   0.5000194921E+00
   0.5000172973E+00
   0.5000153497E+00
   0.5000136214E+00
   0.5000120878E+00
   0.5000107268E+00
   0.5000095192E+00
   0.5000084475E+00
   0.5000074964E+00
   0.5000066525E+00
   0.5000059036E+00
   0.5000052390E+00
   0.5000046492E+00
   0.5000041258E+00
   0.5000036613E+00
   0.5000032492E+00
   0.5000028834E+00
   0.5000025588E+00
   0.5000022708E+00
   0.5000020151E+00
   0.5000017883E+00
   0.5000015870E+00
   0.5000014083E+00
   0.5000012498E+00
   0.5000011091E+00
   0.5000009843E+00
   0.5000008735E+00
   0.5000007751E+00
   0.5000006879E+00
   0.5000006105E+00
   0.5000005417E+00
   0.5000004808E+00
   0.5000004266E+00
   0.5000003786E+00
   0.5000003360E+00
   0.5000002982E+00
   0.5000002646E+00
