   0.1199045572E-01
   0.2982349843E-01
   0.9510641725E-01
   0.3808701440E+00
   0.1452639698E+01
   0.2458185225E+01
   0.3342894010E+01
   0.4679629286E+01
   0.5706640636E+01
   0.6894720023E+01
   0.8237456409E+01
   0.9434491993E+01
   0.1096013944E+02
   0.1330396372E+02
   0.1500698135E+02
   0.1614622728E+02
   0.1716251661E+02
   0.1812251749E+02
   0.1707001194E+02
   0.1764085409E+02
   0.1953268843E+02
   0.2270755545E+02
   0.2459724814E+02
   0.2477477743E+02
   0.2404850952E+02
   0.2295396937E+02
   0.2235008024E+02
   0.2189375091E+02
   0.2199503506E+02
   0.2189752829E+02
   0.2165541780E+02
   0.2147424952E+02
   0.2165433089E+02
   0.2182772492E+02
   0.2213245523E+02
   0.2267329330E+02
   0.2338354817E+02
   0.2377876255E+02
   0.2396941576E+02
   0.2410894473E+02
   0.2449542773E+02
   0.2482207144E+02
   0.2509745383E+02
   0.2532870687E+02
   0.2552172652E+02
   0.2568177308E+02
   0.2581382226E+02
   0.2592247695E+02
   0.2601175617E+02
   0.2608496416E+02
   0.2632068117E+02
   0.2641186183E+02
   0.2703490621E+02
   0.2714248888E+02
   0.2717570742E+02
   0.2720259061E+02
   0.2722084507E+02
   0.2723472664E+02
   0.2724521359E+02
   0.2725242810E+02
   0.2725590653E+02
   0.2725959123E+02
   0.2726288008E+02
   0.2726619059E+02
   0.2726838845E+02
   0.2727136829E+02
   0.2727371179E+02
   0.2727541626E+02
   0.2727664778E+02
   0.2727766154E+02
   0.2727875304E+02
   0.2728010015E+02
   0.2728155965E+02
   0.2728283326E+02
   0.2728376586E+02
   0.2728437131E+02
   0.2728473225E+02
   0.2728493432E+02
   0.2728504279E+02
   0.2728509960E+02
   0.2728512920E+02
   0.2728514488E+02
   0.2728515341E+02
   0.2728515019E+02
   0.2728515095E+02
   0.2728515162E+02
   0.2728515743E+02
   0.2728515753E+02
   0.2728515595E+02
   0.2728515451E+02
   0.2728515373E+02
   0.2728515374E+02
   0.2728515424E+02
   0.2728515512E+02
   0.2728515629E+02
   0.2728515804E+02
   0.2728516051E+02
   0.2728516442E+02
   0.2728517117E+02
   0.2728518148E+02
   0.2728519262E+02
   0.2728520097E+02
   0.2728520580E+02
   0.2728520836E+02
   0.2728520984E+02
   0.2728521087E+02
   0.2728521170E+02
   0.2728521244E+02
   0.2728521310E+02
   0.2728521372E+02
   0.2728521431E+02
   0.2728521490E+02
   0.2728521550E+02
   0.2728521613E+02
   0.2728521686E+02
   0.2728521768E+02
   0.2728521862E+02
   0.2728521955E+02
   0.2728522051E+02
   0.2728522156E+02
   0.2728522275E+02
   0.2728522411E+02
   0.2728522567E+02
   0.2728522749E+02
   0.2728522963E+02
   0.2728523216E+02
   0.2728523508E+02
   0.2728523837E+02
   0.2728524157E+02
   0.2728524298E+02
   0.2728523715E+02
   0.2728520949E+02
   0.2728514184E+02
   0.2728504118E+02
   0.2728494024E+02
   0.2728486264E+02
   0.2728481226E+02
   0.2728478266E+02
   0.2728476633E+02
   0.2728475770E+02
   0.2728475316E+02
   0.2728475072E+02
   0.2728474934E+02
   0.2728474849E+02
   0.2728474793E+02
   0.2728474751E+02
   0.2728474718E+02
   0.2728474691E+02
   0.2728474668E+02
   0.2728474649E+02
   0.2728474632E+02
   0.2728474617E+02
   0.2728474604E+02
   0.2728474592E+02
   0.2728474582E+02
   0.2728474574E+02
   0.2728474566E+02
   0.2728474559E+02
   0.2728474552E+02
   0.2728474005E+02
   0.2728474346E+02
   0.2728474463E+02
   0.2728474497E+02
   0.2728474502E+02
   0.2728474503E+02
   0.2728474501E+02
   0.2728474499E+02
   0.2728474497E+02
   0.2728474496E+02
   0.2728474494E+02
   0.2728474493E+02
   0.2728474130E+02
   0.2728474361E+02
   0.2728474443E+02
   0.2728474472E+02
   0.2728474478E+02
   0.2728474481E+02
   0.2728474483E+02
   0.2728474484E+02
   0.2728474484E+02
   0.2728474484E+02
   0.2728474484E+02
   0.2728474484E+02
   0.2728474484E+02
   0.2728474483E+02
   0.2728474483E+02
   0.2728474483E+02
   0.2728474483E+02
   0.2728474483E+02
   0.2728474482E+02
   0.2728474482E+02
   0.2728474482E+02
   0.2728474482E+02
   0.2728474482E+02
   0.2728474482E+02
   0.2728474482E+02
   0.2728474482E+02
   0.2728474482E+02
   0.2728474482E+02
   0.2728474482E+02
   0.2728474482E+02
   0.2728474482E+02
   0.2728474481E+02
   0.2728474481E+02
   0.2728474481E+02
   0.2728474481E+02
   0.2728474481E+02
   0.2728474481E+02
   0.2728474481E+02
   0.2728474481E+02
   0.2728474481E+02
   0.2728474481E+02
   0.2728474481E+02
   0.2728474481E+02
   0.2728474481E+02
   0.2728474481E+02
   0.2728474481E+02
   0.2728474481E+02
   0.2728474481E+02
   0.2728474481E+02
   0.2728474481E+02
   0.2728474481E+02
   0.2728474481E+02
   0.2728474481E+02
   0.2728474481E+02
   0.2728474481E+02
