   0.1000000000E+02
   0.4023737066E+01
   0.1265592092E+01
   0.3206471885E+00
   0.9197422416E-01
   0.7133850174E-01
   0.7511461616E-01
   0.9369511388E-01
   0.1155279849E+00
   0.1424704356E+00
   0.2111327996E+00
   0.3504756989E+00
   0.6066110689E+00
   0.1018598686E+01
   0.1583837037E+01
   0.2258576949E+01
   0.2979488379E+01
   0.3686445345E+01
   0.4712594599E+01
   0.5351645739E+01
   0.5903467122E+01
   0.6370440689E+01
   0.6760622144E+01
   0.7209083722E+01
   0.7457470314E+01
   0.7665238890E+01
   0.7841212470E+01
   0.7992937308E+01
   0.8185039670E+01
   0.8356322748E+01
   0.8517817578E+01
   0.8761246349E+01
   0.9024204832E+01
   0.9318065762E+01
   0.9643896427E+01
   0.9987476392E+01
   0.1032047082E+02
   0.1061241892E+02
   0.1084461441E+02
   0.1101444758E+02
   0.1113057791E+02
   0.1120592057E+02
   0.1125284939E+02
   0.1128116634E+02
   0.1129783059E+02
   0.1130744336E+02
   0.1131289955E+02
   0.1131595571E+02
   0.1131764882E+02
   0.1131857818E+02
   0.1131908434E+02
   0.1131935817E+02
   0.1131950546E+02
   0.1131958428E+02
   0.1131962628E+02
   0.1131965333E+02
   0.1131966489E+02
   0.1131966981E+02
   0.1131967190E+02
   0.1131967278E+02
   0.1131967309E+02
   0.1131967328E+02
   0.1137855415E+02
   0.1170008985E+02
   0.1187714793E+02
   0.1205124341E+02
   0.1215361292E+02
   0.1220926870E+02
   0.1223786236E+02
   0.1225195423E+02
   0.1225868555E+02
   0.1226182472E+02
   0.1226326141E+02
   0.1226390914E+02
   0.1226419763E+02
   0.1226432483E+02
   0.1226438045E+02
   0.1226440460E+02
   0.1226441502E+02
   0.1226441949E+02
   0.1226442140E+02
   0.1226442222E+02
   0.1226442256E+02
   0.1226442268E+02
   0.1226442275E+02
   0.1226442278E+02
   0.1226442280E+02
   0.1226442281E+02
   0.1226442281E+02
   0.1226442281E+02
   0.1226442281E+02
   0.1226442281E+02
   0.1226442281E+02
   0.1226442281E+02
   0.1226442281E+02
   0.1226442281E+02
   0.1226442281E+02
   0.1226442281E+02
   0.1226442281E+02
   0.1226442281E+02
   0.1226442281E+02
   0.1226442281E+02
   0.1226442281E+02
   0.1226442281E+02
   0.1226442281E+02
   0.1226442281E+02
   0.1226442281E+02
   0.1226442281E+02
   0.1226442281E+02
   0.1226442281E+02
   0.1226442281E+02
   0.1226442281E+02
   0.1226442281E+02
   0.1226442281E+02
   0.1226442281E+02
   0.1226442281E+02
   0.1226442281E+02
   0.1226442281E+02
   0.1226442281E+02
   0.1226442281E+02
   0.1226442281E+02
   0.1226442281E+02
   0.1226442281E+02
   0.1226442281E+02
   0.1226442281E+02
   0.1226442281E+02
   0.1226442281E+02
   0.1226442281E+02
   0.1226442281E+02
   0.1226442281E+02
   0.1226442281E+02
   0.1226442281E+02
   0.1226442281E+02
   0.1226442281E+02
   0.1226442281E+02
   0.1226442281E+02
   0.1226442281E+02
   0.1226442281E+02
   0.1226442281E+02
   0.1226442281E+02
   0.1226442281E+02
   0.1226442281E+02
   0.1226442281E+02
   0.1226442281E+02
   0.1226442281E+02
   0.1226442281E+02
   0.1226442281E+02
   0.1226442281E+02
   0.1226442281E+02
   0.1226442281E+02
   0.1226442281E+02
   0.1226442281E+02
   0.1226442281E+02
   0.1226442281E+02
   0.1226442281E+02
   0.1226442281E+02
   0.1226442281E+02
   0.1226442281E+02
   0.1226442281E+02
   0.1226442281E+02
   0.1226442281E+02
   0.1226442281E+02
   0.1226442281E+02
   0.1226442281E+02
   0.1226442281E+02
   0.1226442281E+02
   0.1226442281E+02
   0.1226442281E+02
   0.1226442281E+02
   0.1226442281E+02
   0.1226442281E+02
   0.1226442281E+02
   0.1226442281E+02
   0.1226442281E+02
   0.1226442281E+02
   0.1226442281E+02
   0.1226442281E+02
   0.1226442281E+02
   0.1226442281E+02
   0.1226442281E+02
   0.1226442281E+02
   0.1226442281E+02
   0.1226442281E+02
   0.1226442281E+02
   0.1226442281E+02
   0.1226442281E+02
   0.1226442281E+02
   0.1226442281E+02
   0.1226442281E+02
   0.1226442281E+02
   0.1226442281E+02
   0.1226442281E+02
   0.1226442281E+02
   0.1226442281E+02
   0.1226442281E+02
   0.1226442281E+02
   0.1226442281E+02
   0.1226442281E+02
   0.1226442281E+02
   0.1226442281E+02
   0.1226442281E+02
   0.1226442281E+02
   0.1226442281E+02
   0.1226442281E+02
   0.1226442281E+02
   0.1226442281E+02
   0.1226442281E+02
   0.1226442281E+02
   0.1226442281E+02
   0.1226442281E+02
   0.1226442281E+02
   0.1226442281E+02
   0.1226442281E+02
   0.1226442281E+02
   0.1226442281E+02
   0.1226442281E+02
   0.1226442281E+02
   0.1226442281E+02
   0.1226442281E+02
   0.1226442281E+02
   0.1226442281E+02
   0.1226442281E+02
   0.1226442281E+02
   0.1226442281E+02
   0.1226442281E+02
   0.1226442281E+02
