   0.1159860791E-01
   0.2884991192E-01
   0.9201411536E-01
   0.3687259848E+00
   0.1411905213E+01
   0.2311396641E+01
   0.3064621604E+01
   0.4139610362E+01
   0.4901935940E+01
   0.5890717593E+01
   0.6854861864E+01
   0.7523067720E+01
   0.8859885645E+01
   0.9519374607E+01
   0.9397256732E+01
   0.1140671799E+02
   0.1317108999E+02
   0.1347963623E+02
   0.1267055096E+02
   0.1391298251E+02
   0.1570698473E+02
   0.1668906553E+02
   0.1695915227E+02
   0.1641754616E+02
   0.1585609898E+02
   0.1536672178E+02
   0.1530616575E+02
   0.1525537051E+02
   0.1547454365E+02
   0.1569787657E+02
   0.1596809796E+02
   0.1598565547E+02
   0.1623669221E+02
   0.1648724836E+02
   0.1663367705E+02
   0.1672740067E+02
   0.1680694237E+02
   0.1689399219E+02
   0.1699131293E+02
   0.1708998485E+02
   0.1717990529E+02
   0.1725552421E+02
   0.1731626065E+02
   0.1736443053E+02
   0.1740289202E+02
   0.1743362161E+02
   0.1745755657E+02
   0.1747516149E+02
   0.1748697316E+02
   0.1749380868E+02
   0.1749670993E+02
   0.1749680309E+02
   0.1749507147E+02
   0.1749213714E+02
   0.1748846990E+02
   0.1748273215E+02
   0.1747762135E+02
   0.1747343803E+02
   0.1747018264E+02
   0.1746772473E+02
   0.1746639211E+02
   0.1746492236E+02
   0.1746384991E+02
   0.1746307031E+02
   0.1746265520E+02
   0.1746220379E+02
   0.1746187674E+02
   0.1746163977E+02
   0.1746146802E+02
   0.1746134350E+02
   0.1746125319E+02
   0.1746118764E+02
   0.1746114006E+02
   0.1746110549E+02
   0.1746108037E+02
   0.1746106211E+02
   0.1746104881E+02
   0.1746103914E+02
   0.1746103209E+02
   0.1746102695E+02
   0.1746102320E+02
   0.1746102046E+02
   0.1746101846E+02
   0.1746101739E+02
   0.1746101653E+02
   0.1746101584E+02
   0.1746101508E+02
   0.1746101452E+02
   0.1746101411E+02
   0.1746101381E+02
   0.1746101359E+02
   0.1746101343E+02
   0.1746101331E+02
   0.1746101322E+02
   0.1746101315E+02
   0.1746101310E+02
   0.1746101306E+02
   0.1746101304E+02
   0.1746101302E+02
   0.1746101300E+02
   0.1746101299E+02
   0.1746101298E+02
   0.1746101298E+02
   0.1746101297E+02
   0.1746101297E+02
   0.1746101296E+02
   0.1746101296E+02
   0.1746101296E+02
   0.1746101296E+02
   0.1746101296E+02
   0.1746101296E+02
   0.1746101296E+02
   0.1746101296E+02
   0.1746101296E+02
   0.1746101296E+02
   0.1746101296E+02
   0.1746101296E+02
   0.1746101296E+02
   0.1746101296E+02
   0.1746101296E+02
   0.1746101296E+02
   0.1746101296E+02
   0.1746101296E+02
   0.1746101296E+02
   0.1746101296E+02
   0.1746101296E+02
   0.1746101296E+02
   0.1746101296E+02
   0.1746101296E+02
   0.1746101296E+02
   0.1746101296E+02
   0.1746101296E+02
   0.1746101296E+02
   0.1746101296E+02
   0.1746101296E+02
   0.1746101296E+02
   0.1746101296E+02
   0.1746101296E+02
   0.1746101296E+02
   0.1746101296E+02
   0.1746101296E+02
   0.1746101296E+02
   0.1746101296E+02
   0.1746101296E+02
   0.1746101296E+02
   0.1746101296E+02
   0.1746101296E+02
   0.1746101296E+02
   0.1746101296E+02
   0.1746101296E+02
   0.1746101296E+02
   0.1746101296E+02
   0.1746101296E+02
   0.1746101296E+02
   0.1746101296E+02
   0.1746101296E+02
   0.1746101296E+02
   0.1746101296E+02
   0.1746101296E+02
   0.1746101296E+02
   0.1746101296E+02
   0.1746101296E+02
   0.1746101296E+02
   0.1746101296E+02
   0.1746101296E+02
   0.1746101296E+02
   0.1746101296E+02
   0.1746101296E+02
   0.1746101296E+02
   0.1746101296E+02
   0.1746101296E+02
   0.1746101296E+02
   0.1746101296E+02
   0.1746101296E+02
   0.1746101296E+02
   0.1746101296E+02
   0.1746101296E+02
   0.1746101296E+02
   0.1746101296E+02
   0.1746101296E+02
   0.1746101296E+02
   0.1746101296E+02
   0.1746101296E+02
   0.1746101296E+02
   0.1746101296E+02
   0.1746101296E+02
   0.1746101296E+02
   0.1746101296E+02
   0.1746101296E+02
   0.1746101296E+02
   0.1746101296E+02
   0.1746101296E+02
   0.1746101296E+02
   0.1746101296E+02
   0.1746101296E+02
   0.1746101296E+02
   0.1746101296E+02
   0.1746101296E+02
   0.1746101296E+02
   0.1746101296E+02
   0.1746101296E+02
   0.1746101296E+02
   0.1746101296E+02
   0.1746101296E+02
   0.1746101296E+02
   0.1746101296E+02
   0.1746101296E+02
   0.1746101296E+02
   0.1746101296E+02
   0.1746101296E+02
   0.1746101296E+02
   0.1746101296E+02
   0.1746101296E+02
   0.1746101296E+02
   0.1746101296E+02
   0.1746101296E+02
   0.1746101296E+02
   0.1746101296E+02
   0.1746101296E+02
   0.1746101296E+02
   0.1746101296E+02
   0.1746101296E+02
   0.1746101296E+02
   0.1746101296E+02
   0.1746101296E+02
   0.1746101296E+02
