   0.1000000000E+02
   0.4000021111E+01
   0.1230800078E+01
   0.2813528114E+00
   0.4643707978E-01
   0.1430817857E-01
   0.7162313629E-02
   0.3584969983E-02
   0.2152617224E-02
   0.1491050827E-02
   0.1032730286E-02
   0.7152376577E-03
   0.4953200874E-03
   0.3430034200E-03
   0.2375159534E-03
   0.1644644750E-03
   0.1138773170E-03
   0.7884747652E-04
   0.4731287846E-04
   0.3275654215E-04
   0.2267817189E-04
   0.1570045166E-04
   0.1086958142E-04
   0.6521753252E-05
   0.4515069113E-05
   0.3125826886E-05
   0.2164041565E-05
   0.1498187598E-05
   0.8989156424E-06
   0.5393507505E-06
   0.3236110411E-06
   0.1618057595E-06
   0.8090295942E-07
   0.4045150690E-07
   0.2022576289E-07
   0.1011288476E-07
   0.5056443549E-08
   0.2528222182E-08
   0.1264111230E-08
   0.6320556608E-09
   0.3160278453E-09
   0.1580139273E-09
   0.7900696512E-10
   0.3950348301E-10
   0.1975174164E-10
   0.9875870860E-11
   0.4937935443E-11
   0.2468967725E-11
   0.1234483864E-11
   0.1000000000E-11
   0.1000000000E-11
   0.1000000000E-11
   0.1000000000E-11
   0.1000000000E-11
   0.1000000000E-11
   0.1000000000E-11
   0.1000000000E-11
   0.1000000000E-11
   0.1000000000E-11
   0.1000000000E-11
   0.1000000000E-11
   0.1000000000E-11
   0.1000000000E-11
   0.1000000000E-11
   0.1000000000E-11
   0.1000000000E-11
   0.1000000000E-11
   0.1000000000E-11
   0.1000000000E-11
   0.1000000000E-11
   0.1000000000E-11
   0.1000000000E-11
   0.1000000000E-11
   0.1000000000E-11
   0.1000000000E-11
   0.1000000000E-11
   0.1000000000E-11
   0.1000000000E-11
   0.1000000000E-11
   0.1000000000E-11
   0.1000000000E-11
   0.1000000000E-11
   0.1000000000E-11
   0.1000000000E-11
   0.1000000000E-11
   0.1000000000E-11
   0.1000000000E-11
   0.1000000000E-11
   0.1000000000E-11
   0.1000000000E-11
   0.1000000000E-11
   0.1000000000E-11
   0.1000000000E-11
   0.1000000000E-11
   0.1000000000E-11
   0.1000000000E-11
   0.1000000000E-11
   0.1000000000E-11
   0.1000000000E-11
   0.1000000000E-11
   0.1000000000E-11
   0.1000000000E-11
   0.1000000000E-11
   0.1000000000E-11
   0.1000000000E-11
   0.1000000000E-11
   0.1000000000E-11
   0.1000000000E-11
   0.1000000000E-11
   0.1000000000E-11
   0.1000000000E-11
   0.1000000000E-11
   0.1000000000E-11
   0.1000000000E-11
   0.1000000000E-11
   0.1000000000E-11
   0.1000000000E-11
   0.1000000000E-11
   0.1000000000E-11
   0.1000000000E-11
   0.1000000000E-11
   0.1000000000E-11
   0.1000000000E-11
   0.1000000000E-11
   0.1000000000E-11
   0.1000000000E-11
   0.1000000000E-11
   0.1000000000E-11
   0.1000000000E-11
   0.1000000000E-11
   0.1000000000E-11
   0.1000000000E-11
   0.1000000000E-11
   0.1000000000E-11
   0.1000000000E-11
   0.1000000000E-11
   0.1000000000E-11
   0.1000000000E-11
   0.1000000000E-11
   0.1000000000E-11
   0.1000000000E-11
   0.1000000000E-11
   0.1000000000E-11
   0.1000000000E-11
   0.1000000000E-11
   0.1000000000E-11
   0.1000000000E-11
   0.1000000000E-11
   0.1000000000E-11
   0.1000000000E-11
   0.1000000000E-11
   0.1000000000E-11
   0.1000000000E-11
   0.1000000000E-11
   0.1000000000E-11
   0.1000000000E-11
   0.1000000000E-11
   0.1000000000E-11
   0.1000000000E-11
   0.1000000000E-11
   0.1000000000E-11
   0.1000000000E-11
   0.1000000000E-11
   0.1000000000E-11
   0.1000000000E-11
   0.1000000000E-11
   0.1000000000E-11
   0.1000000000E-11
   0.1000000000E-11
   0.1000000000E-11
   0.1000000000E-11
   0.1000000000E-11
   0.1000000000E-11
   0.1000000000E-11
   0.1000000000E-11
   0.1000000000E-11
   0.1000000000E-11
   0.1000000000E-11
   0.1000000000E-11
   0.1000000000E-11
   0.1000000000E-11
   0.1000000000E-11
   0.1000000000E-11
   0.1000000000E-11
   0.1000000000E-11
   0.1000000000E-11
   0.1000000000E-11
   0.1000000000E-11
   0.1000000000E-11
   0.1000000000E-11
   0.1000000000E-11
   0.1000000000E-11
   0.1000000000E-11
   0.1000000000E-11
   0.1000000000E-11
   0.1000000000E-11
   0.1000000000E-11
   0.1000000000E-11
   0.1000000000E-11
   0.1000000000E-11
   0.1000000000E-11
   0.1000000000E-11
   0.1000000000E-11
   0.1000000000E-11
   0.1000000000E-11
   0.1000000000E-11
   0.1000000000E-11
   0.1000000000E-11
   0.1000000000E-11
   0.1000000000E-11
   0.1000000000E-11
   0.1000000000E-11
   0.1000000000E-11
   0.1000000000E-11
   0.1000000000E-11
   0.1000000000E-11
   0.1000000000E-11
   0.1000000000E-11
   0.1000000000E-11
   0.1000000000E-11
   0.1000000000E-11
   0.1000000000E-11
   0.1000000000E-11
   0.1000000000E-11
   0.1000000000E-11
   0.1000000000E-11
