   0.5569630400E-13  -0.1000000000E+31  -0.1000000000E+31  -0.1000000000E+31  -0.1000000000E+31  -0.1000000000E+31  -0.1000000000E+31  -0.1000000000E+31  -0.1000000000E+31  -0.1000000000E+31
   0.5559011845E-01   0.4249126979E-05   0.2954979497E-05   0.4303287028E-10   0.3846108149E-12  -0.1000000000E+31  -0.1000000000E+31  -0.1000000000E+31  -0.1000000000E+31  -0.1000000000E+31
   0.3774083166E-02   0.2369587448E-05   0.8283196025E-06   0.1949838601E-11  -0.1000000000E+31  -0.1000000000E+31  -0.1000000000E+31  -0.1000000000E+31  -0.1000000000E+31  -0.1000000000E+31
   0.2091633534E-03   0.1346765893E-05   0.2012791490E-05   0.1114412643E-10  -0.1000000000E+31  -0.1000000000E+31  -0.1000000000E+31  -0.1000000000E+31  -0.1000000000E+31  -0.1000000000E+31
   0.6482579661E-05   0.2029911662E-05   0.1024595519E-05   0.2163378899E-09   0.9890405784E-12  -0.1000000000E+31  -0.1000000000E+31  -0.1000000000E+31  -0.1000000000E+31  -0.1000000000E+31
   0.3053273549E-06   0.1248204853E-06   0.9857433993E-08   0.1731664489E-09   0.2360575915E-14  -0.1000000000E+31  -0.1000000000E+31  -0.1000000000E+31  -0.1000000000E+31  -0.1000000000E+31
   0.9456199285E-08   0.2902579201E-07   0.1172550987E-08   0.1315795636E-12  -0.1000000000E+31  -0.1000000000E+31  -0.1000000000E+31  -0.1000000000E+31  -0.1000000000E+31  -0.1000000000E+31
   0.1466997322E-08   0.2810728259E-07   0.9424872668E-10   0.1330869978E-11  -0.1000000000E+31  -0.1000000000E+31  -0.1000000000E+31  -0.1000000000E+31  -0.1000000000E+31  -0.1000000000E+31
   0.6659017707E-08   0.1601157942E-07   0.1514636854E-10   0.3399050768E-14  -0.1000000000E+31  -0.1000000000E+31  -0.1000000000E+31  -0.1000000000E+31  -0.1000000000E+31  -0.1000000000E+31
   0.1650118452E-08   0.1104593135E-09   0.7804058387E-10  -0.1000000000E+31  -0.1000000000E+31  -0.1000000000E+31  -0.1000000000E+31  -0.1000000000E+31  -0.1000000000E+31  -0.1000000000E+31
   0.6320553276E-08   0.6141499269E-09   0.4051606407E-10   0.1637123915E-14  -0.1000000000E+31  -0.1000000000E+31  -0.1000000000E+31  -0.1000000000E+31  -0.1000000000E+31  -0.1000000000E+31
   0.1896852818E-08   0.8420065954E-08   0.3224419896E-08   0.2512586584E-14  -0.1000000000E+31  -0.1000000000E+31  -0.1000000000E+31  -0.1000000000E+31  -0.1000000000E+31  -0.1000000000E+31
   0.3291387941E-08   0.2041046373E-06   0.4279364936E-08   0.4186208140E-12  -0.1000000000E+31  -0.1000000000E+31  -0.1000000000E+31  -0.1000000000E+31  -0.1000000000E+31  -0.1000000000E+31
   0.3986251588E-06   0.5321601454E-06   0.8760703562E-08   0.4423526583E-10  -0.1000000000E+31  -0.1000000000E+31  -0.1000000000E+31  -0.1000000000E+31  -0.1000000000E+31  -0.1000000000E+31
   0.7158754703E-06   0.1478558261E-06   0.1531660171E-07   0.1549432844E-11  -0.1000000000E+31  -0.1000000000E+31  -0.1000000000E+31  -0.1000000000E+31  -0.1000000000E+31  -0.1000000000E+31
   0.7471623653E-07   0.3243540343E-06   0.1220446784E-07   0.4590140941E-12  -0.1000000000E+31  -0.1000000000E+31  -0.1000000000E+31  -0.1000000000E+31  -0.1000000000E+31  -0.1000000000E+31
   0.1448856093E-06   0.2134381538E-05   0.3057437448E-08   0.6936141656E-14  -0.1000000000E+31  -0.1000000000E+31  -0.1000000000E+31  -0.1000000000E+31  -0.1000000000E+31  -0.1000000000E+31
   0.2898791697E-06   0.5530636375E-06   0.1045055712E-08   0.9762722204E-13  -0.1000000000E+31  -0.1000000000E+31  -0.1000000000E+31  -0.1000000000E+31  -0.1000000000E+31  -0.1000000000E+31
   0.9543499743E-07   0.1292608757E-05   0.5952740167E-09   0.9315437621E-11  -0.1000000000E+31  -0.1000000000E+31  -0.1000000000E+31  -0.1000000000E+31  -0.1000000000E+31  -0.1000000000E+31
   0.2515815582E-06   0.2595377218E-07   0.7891537067E-10   0.3422043546E-14  -0.1000000000E+31  -0.1000000000E+31  -0.1000000000E+31  -0.1000000000E+31  -0.1000000000E+31  -0.1000000000E+31
   0.7351963225E-06   0.2226146910E-07   0.1692226600E-09   0.2930903609E-14  -0.1000000000E+31  -0.1000000000E+31  -0.1000000000E+31  -0.1000000000E+31  -0.1000000000E+31  -0.1000000000E+31
   0.1479201388E-07   0.4195063907E-07   0.5888115006E-10   0.9980279123E-16  -0.1000000000E+31  -0.1000000000E+31  -0.1000000000E+31  -0.1000000000E+31  -0.1000000000E+31  -0.1000000000E+31
   0.1555138277E-06   0.1651597497E-07   0.1304776117E-09   0.6371802696E-14  -0.1000000000E+31  -0.1000000000E+31  -0.1000000000E+31  -0.1000000000E+31  -0.1000000000E+31  -0.1000000000E+31
   0.1657732410E-07   0.4198624115E-07   0.2515100544E-08   0.1473551425E-11  -0.1000000000E+31  -0.1000000000E+31  -0.1000000000E+31  -0.1000000000E+31  -0.1000000000E+31  -0.1000000000E+31
   0.3282046293E-08   0.9621720115E-08   0.2459116376E-10   0.1662313037E-15  -0.1000000000E+31  -0.1000000000E+31  -0.1000000000E+31  -0.1000000000E+31  -0.1000000000E+31  -0.1000000000E+31
   0.1104411285E-06   0.6028079643E-07   0.3054709566E-10   0.1003504116E-12  -0.1000000000E+31  -0.1000000000E+31  -0.1000000000E+31  -0.1000000000E+31  -0.1000000000E+31  -0.1000000000E+31
   0.7031773105E-08   0.1584431299E-07   0.2588481203E-10   0.4989839247E-11  -0.1000000000E+31  -0.1000000000E+31  -0.1000000000E+31  -0.1000000000E+31  -0.1000000000E+31  -0.1000000000E+31
   0.2744425507E-08   0.7394457849E-08   0.9007279857E-11   0.8747958245E-14  -0.1000000000E+31  -0.1000000000E+31  -0.1000000000E+31  -0.1000000000E+31  -0.1000000000E+31  -0.1000000000E+31
   0.1272081155E-06   0.8032294846E-07   0.8212003847E-10   0.2806998859E-13  -0.1000000000E+31  -0.1000000000E+31  -0.1000000000E+31  -0.1000000000E+31  -0.1000000000E+31  -0.1000000000E+31
   0.5400169255E-07   0.1148035687E-06   0.5439770737E-09   0.3834662937E-15  -0.1000000000E+31  -0.1000000000E+31  -0.1000000000E+31  -0.1000000000E+31  -0.1000000000E+31  -0.1000000000E+31
   0.1631541149E-07   0.4750495651E-08   0.2223033851E-12  -0.1000000000E+31  -0.1000000000E+31  -0.1000000000E+31  -0.1000000000E+31  -0.1000000000E+31  -0.1000000000E+31  -0.1000000000E+31
   0.3970805938E-08   0.4278153500E-06   0.1765868036E-08   0.2228752993E-14  -0.1000000000E+31  -0.1000000000E+31  -0.1000000000E+31  -0.1000000000E+31  -0.1000000000E+31  -0.1000000000E+31
   0.1093366877E-08   0.1267116372E-06   0.1334901769E-09   0.2308498508E-14  -0.1000000000E+31  -0.1000000000E+31  -0.1000000000E+31  -0.1000000000E+31  -0.1000000000E+31  -0.1000000000E+31
   0.2015582086E-07   0.2643026877E-07   0.7624588420E-10   0.3616494359E-14  -0.1000000000E+31  -0.1000000000E+31  -0.1000000000E+31  -0.1000000000E+31  -0.1000000000E+31  -0.1000000000E+31
   0.5427881898E-07   0.1616969336E-07   0.2065476571E-10   0.1184099641E-13  -0.1000000000E+31  -0.1000000000E+31  -0.1000000000E+31  -0.1000000000E+31  -0.1000000000E+31  -0.1000000000E+31
   0.4623626911E-06   0.1169934010E-07   0.7852245696E-10   0.1819787276E-13  -0.1000000000E+31  -0.1000000000E+31  -0.1000000000E+31  -0.1000000000E+31  -0.1000000000E+31  -0.1000000000E+31
   0.1065838032E-05   0.2952826792E-07   0.3307505112E-10   0.8835369924E-13  -0.1000000000E+31  -0.1000000000E+31  -0.1000000000E+31  -0.1000000000E+31  -0.1000000000E+31  -0.1000000000E+31
   0.3080832177E-07   0.1700223995E-08   0.2464151948E-10   0.1469657528E-13  -0.1000000000E+31  -0.1000000000E+31  -0.1000000000E+31  -0.1000000000E+31  -0.1000000000E+31  -0.1000000000E+31
   0.2000363130E-06   0.5113566071E-09   0.1228628324E-11   0.1614590455E-12  -0.1000000000E+31  -0.1000000000E+31  -0.1000000000E+31  -0.1000000000E+31  -0.1000000000E+31  -0.1000000000E+31
   0.7908877962E-09   0.1270255532E-08   0.2698361296E-11   0.1150532526E-14  -0.1000000000E+31  -0.1000000000E+31  -0.1000000000E+31  -0.1000000000E+31  -0.1000000000E+31  -0.1000000000E+31
   0.1817651201E-07   0.9033265474E-09   0.2961472684E-11   0.2375303107E-14  -0.1000000000E+31  -0.1000000000E+31  -0.1000000000E+31  -0.1000000000E+31  -0.1000000000E+31  -0.1000000000E+31
   0.8775243363E-08   0.6300463421E-07   0.1593528474E-11   0.6912272289E-14  -0.1000000000E+31  -0.1000000000E+31  -0.1000000000E+31  -0.1000000000E+31  -0.1000000000E+31  -0.1000000000E+31
   0.3091734849E-07   0.1039942833E-07   0.5665786507E-09   0.7515761888E-12  -0.1000000000E+31  -0.1000000000E+31  -0.1000000000E+31  -0.1000000000E+31  -0.1000000000E+31  -0.1000000000E+31
   0.9825456250E-09   0.7471817752E-07   0.8757642822E-10  -0.1000000000E+31  -0.1000000000E+31  -0.1000000000E+31  -0.1000000000E+31  -0.1000000000E+31  -0.1000000000E+31  -0.1000000000E+31
   0.1036208503E-07   0.4457543871E-07   0.2495893744E-10  -0.1000000000E+31  -0.1000000000E+31  -0.1000000000E+31  -0.1000000000E+31  -0.1000000000E+31  -0.1000000000E+31  -0.1000000000E+31
   0.1184951046E-07   0.3140105998E-07   0.2195542801E-11  -0.1000000000E+31  -0.1000000000E+31  -0.1000000000E+31  -0.1000000000E+31  -0.1000000000E+31  -0.1000000000E+31  -0.1000000000E+31
   0.3942080709E-08   0.4153829107E-09   0.3684287013E-11  -0.1000000000E+31  -0.1000000000E+31  -0.1000000000E+31  -0.1000000000E+31  -0.1000000000E+31  -0.1000000000E+31  -0.1000000000E+31
   0.1112074503E-08   0.5490186255E-09   0.2913553346E-11  -0.1000000000E+31  -0.1000000000E+31  -0.1000000000E+31  -0.1000000000E+31  -0.1000000000E+31  -0.1000000000E+31  -0.1000000000E+31
   0.6420374452E-09   0.4921045788E-09   0.2703353498E-11  -0.1000000000E+31  -0.1000000000E+31  -0.1000000000E+31  -0.1000000000E+31  -0.1000000000E+31  -0.1000000000E+31  -0.1000000000E+31
   0.8179262766E-09   0.1415385025E-08   0.6293172770E-11  -0.1000000000E+31  -0.1000000000E+31  -0.1000000000E+31  -0.1000000000E+31  -0.1000000000E+31  -0.1000000000E+31  -0.1000000000E+31
   0.4663711194E-08   0.2937251837E-07   0.4466423149E-11  -0.1000000000E+31  -0.1000000000E+31  -0.1000000000E+31  -0.1000000000E+31  -0.1000000000E+31  -0.1000000000E+31  -0.1000000000E+31
   0.1793205297E-08   0.1978914366E-09   0.2699095310E-10  -0.1000000000E+31  -0.1000000000E+31  -0.1000000000E+31  -0.1000000000E+31  -0.1000000000E+31  -0.1000000000E+31  -0.1000000000E+31
   0.2490615626E-08   0.9139187044E-08   0.2412166540E-10  -0.1000000000E+31  -0.1000000000E+31  -0.1000000000E+31  -0.1000000000E+31  -0.1000000000E+31  -0.1000000000E+31  -0.1000000000E+31
   0.9762376502E-09   0.3137126516E-07   0.2527778903E-10  -0.1000000000E+31  -0.1000000000E+31  -0.1000000000E+31  -0.1000000000E+31  -0.1000000000E+31  -0.1000000000E+31  -0.1000000000E+31
   0.2397904079E-07   0.2853725242E-07   0.1255196516E-10  -0.1000000000E+31  -0.1000000000E+31  -0.1000000000E+31  -0.1000000000E+31  -0.1000000000E+31  -0.1000000000E+31  -0.1000000000E+31
   0.2247481990E-06   0.1331515652E-09   0.3353146934E-09   0.5473476925E-14  -0.1000000000E+31  -0.1000000000E+31  -0.1000000000E+31  -0.1000000000E+31  -0.1000000000E+31  -0.1000000000E+31
   0.2431405216E-07   0.2754235835E-08   0.1778480563E-09   0.6252346750E-15  -0.1000000000E+31  -0.1000000000E+31  -0.1000000000E+31  -0.1000000000E+31  -0.1000000000E+31  -0.1000000000E+31
   0.2635486786E-07   0.1163900592E-07   0.2342946817E-09   0.2314002615E-14  -0.1000000000E+31  -0.1000000000E+31  -0.1000000000E+31  -0.1000000000E+31  -0.1000000000E+31  -0.1000000000E+31
   0.1606684239E-07   0.6568225495E-09   0.5715609263E-10   0.8295075111E-15  -0.1000000000E+31  -0.1000000000E+31  -0.1000000000E+31  -0.1000000000E+31  -0.1000000000E+31  -0.1000000000E+31
   0.1394751068E-07   0.1279370893E-09   0.2289314374E-09   0.4557133946E-14  -0.1000000000E+31  -0.1000000000E+31  -0.1000000000E+31  -0.1000000000E+31  -0.1000000000E+31  -0.1000000000E+31
   0.9686220629E-09   0.1038880346E-08   0.2075556252E-12  -0.1000000000E+31  -0.1000000000E+31  -0.1000000000E+31  -0.1000000000E+31  -0.1000000000E+31  -0.1000000000E+31  -0.1000000000E+31
   0.1770568938E-07   0.1471799935E-07   0.8104006836E-11   0.2804828891E-14  -0.1000000000E+31  -0.1000000000E+31  -0.1000000000E+31  -0.1000000000E+31  -0.1000000000E+31  -0.1000000000E+31
   0.2471789001E-08   0.3995878171E-08   0.2160150050E-09   0.1023901577E-13  -0.1000000000E+31  -0.1000000000E+31  -0.1000000000E+31  -0.1000000000E+31  -0.1000000000E+31  -0.1000000000E+31
   0.8308163218E-07   0.1505156944E-08   0.4334324980E-09   0.1008775711E-13  -0.1000000000E+31  -0.1000000000E+31  -0.1000000000E+31  -0.1000000000E+31  -0.1000000000E+31  -0.1000000000E+31
   0.8211132600E-08   0.5661929247E-09   0.8832506691E-13  -0.1000000000E+31  -0.1000000000E+31  -0.1000000000E+31  -0.1000000000E+31  -0.1000000000E+31  -0.1000000000E+31  -0.1000000000E+31
   0.4700074816E-08   0.2922080540E-08   0.6258129030E-11   0.2241885096E-13  -0.1000000000E+31  -0.1000000000E+31  -0.1000000000E+31  -0.1000000000E+31  -0.1000000000E+31  -0.1000000000E+31
   0.6357984721E-08   0.2742711255E-08   0.1165022719E-10   0.2580460347E-13  -0.1000000000E+31  -0.1000000000E+31  -0.1000000000E+31  -0.1000000000E+31  -0.1000000000E+31  -0.1000000000E+31
   0.1334903391E-07   0.2264151243E-09   0.2602434496E-11   0.5404131405E-13  -0.1000000000E+31  -0.1000000000E+31  -0.1000000000E+31  -0.1000000000E+31  -0.1000000000E+31  -0.1000000000E+31
   0.1795125688E-07   0.6259434081E-09   0.1223342946E-10   0.3135400190E-06   0.9655340103E-13  -0.1000000000E+31  -0.1000000000E+31  -0.1000000000E+31  -0.1000000000E+31  -0.1000000000E+31
   0.2495178973E-07   0.3703519595E-08   0.1086541899E-09   0.1201284506E-12  -0.1000000000E+31  -0.1000000000E+31  -0.1000000000E+31  -0.1000000000E+31  -0.1000000000E+31  -0.1000000000E+31
   0.2864963030E-07   0.4705461803E-08   0.9468646049E-09  -0.1000000000E+31  -0.1000000000E+31  -0.1000000000E+31  -0.1000000000E+31  -0.1000000000E+31  -0.1000000000E+31  -0.1000000000E+31
   0.1957100664E-07   0.8161461120E-09   0.1594292062E-09  -0.1000000000E+31  -0.1000000000E+31  -0.1000000000E+31  -0.1000000000E+31  -0.1000000000E+31  -0.1000000000E+31  -0.1000000000E+31
   0.5653877498E-07   0.2072728795E-07   0.1674168263E-10   0.4351250896E-12  -0.1000000000E+31  -0.1000000000E+31  -0.1000000000E+31  -0.1000000000E+31  -0.1000000000E+31  -0.1000000000E+31
   0.1765493512E-08   0.1997266018E-08   0.2970084466E-10   0.1190093969E-13  -0.1000000000E+31  -0.1000000000E+31  -0.1000000000E+31  -0.1000000000E+31  -0.1000000000E+31  -0.1000000000E+31
   0.4227879502E-09   0.4345992919E-09   0.1650905605E-11   0.1418223022E-13  -0.1000000000E+31  -0.1000000000E+31  -0.1000000000E+31  -0.1000000000E+31  -0.1000000000E+31  -0.1000000000E+31
   0.2920671778E-08   0.2529165263E-09   0.7911755542E-12   0.1511934325E-14  -0.1000000000E+31  -0.1000000000E+31  -0.1000000000E+31  -0.1000000000E+31  -0.1000000000E+31  -0.1000000000E+31
   0.3992061602E-09   0.1224403252E-11   0.1192875225E-12   0.9545659179E-16  -0.1000000000E+31  -0.1000000000E+31  -0.1000000000E+31  -0.1000000000E+31  -0.1000000000E+31  -0.1000000000E+31
   0.1775912411E-07   0.5733718717E-10   0.1788505503E-13   0.4048060825E-15  -0.1000000000E+31  -0.1000000000E+31  -0.1000000000E+31  -0.1000000000E+31  -0.1000000000E+31  -0.1000000000E+31
   0.4167814674E-08   0.1816268490E-09   0.4078810540E-13  -0.1000000000E+31  -0.1000000000E+31  -0.1000000000E+31  -0.1000000000E+31  -0.1000000000E+31  -0.1000000000E+31  -0.1000000000E+31
   0.1465725872E-07   0.8036116854E-11   0.2137864266E-14  -0.1000000000E+31  -0.1000000000E+31  -0.1000000000E+31  -0.1000000000E+31  -0.1000000000E+31  -0.1000000000E+31  -0.1000000000E+31
   0.1122611118E-07   0.8397196309E-10   0.3577065483E-13  -0.1000000000E+31  -0.1000000000E+31  -0.1000000000E+31  -0.1000000000E+31  -0.1000000000E+31  -0.1000000000E+31  -0.1000000000E+31
   0.1430737187E-07   0.1149870191E-09   0.2397466762E-13  -0.1000000000E+31  -0.1000000000E+31  -0.1000000000E+31  -0.1000000000E+31  -0.1000000000E+31  -0.1000000000E+31  -0.1000000000E+31
   0.3073060711E-08   0.2034144936E-08   0.1755303786E-11  -0.1000000000E+31  -0.1000000000E+31  -0.1000000000E+31  -0.1000000000E+31  -0.1000000000E+31  -0.1000000000E+31  -0.1000000000E+31
   0.7177799656E-09   0.2013502655E-10   0.1160879175E-12  -0.1000000000E+31  -0.1000000000E+31  -0.1000000000E+31  -0.1000000000E+31  -0.1000000000E+31  -0.1000000000E+31  -0.1000000000E+31
   0.8939035955E-09   0.3591984739E-10   0.2080497757E-12  -0.1000000000E+31  -0.1000000000E+31  -0.1000000000E+31  -0.1000000000E+31  -0.1000000000E+31  -0.1000000000E+31  -0.1000000000E+31
   0.1180325432E-07   0.1963952478E-09   0.8779280581E-13  -0.1000000000E+31  -0.1000000000E+31  -0.1000000000E+31  -0.1000000000E+31  -0.1000000000E+31  -0.1000000000E+31  -0.1000000000E+31
   0.6578895538E-08   0.1070867818E-08   0.6180721092E-11  -0.1000000000E+31  -0.1000000000E+31  -0.1000000000E+31  -0.1000000000E+31  -0.1000000000E+31  -0.1000000000E+31  -0.1000000000E+31
   0.7463323487E-08   0.2382064657E-09   0.2878229106E-11   0.8640255158E-14  -0.1000000000E+31  -0.1000000000E+31  -0.1000000000E+31  -0.1000000000E+31  -0.1000000000E+31  -0.1000000000E+31
   0.2276046646E-07   0.3478352611E-09   0.2673362990E-12  -0.1000000000E+31  -0.1000000000E+31  -0.1000000000E+31  -0.1000000000E+31  -0.1000000000E+31  -0.1000000000E+31  -0.1000000000E+31
   0.7635735932E-08   0.7982317504E-09   0.5305686539E-12  -0.1000000000E+31  -0.1000000000E+31  -0.1000000000E+31  -0.1000000000E+31  -0.1000000000E+31  -0.1000000000E+31  -0.1000000000E+31
   0.7102726417E-08   0.1045873666E-09   0.1464634732E-13  -0.1000000000E+31  -0.1000000000E+31  -0.1000000000E+31  -0.1000000000E+31  -0.1000000000E+31  -0.1000000000E+31  -0.1000000000E+31
   0.2347677095E-08   0.1706205148E-09   0.9520835213E-15  -0.1000000000E+31  -0.1000000000E+31  -0.1000000000E+31  -0.1000000000E+31  -0.1000000000E+31  -0.1000000000E+31  -0.1000000000E+31
   0.4696961058E-08   0.3508001111E-10   0.1475679191E-14  -0.1000000000E+31  -0.1000000000E+31  -0.1000000000E+31  -0.1000000000E+31  -0.1000000000E+31  -0.1000000000E+31  -0.1000000000E+31
   0.2104109569E-09   0.4509490651E-12  -0.1000000000E+31  -0.1000000000E+31  -0.1000000000E+31  -0.1000000000E+31  -0.1000000000E+31  -0.1000000000E+31  -0.1000000000E+31  -0.1000000000E+31
   0.2211368852E-08   0.2016082021E-11   0.8130008765E-14  -0.1000000000E+31  -0.1000000000E+31  -0.1000000000E+31  -0.1000000000E+31  -0.1000000000E+31  -0.1000000000E+31  -0.1000000000E+31
   0.2583301267E-10   0.1007813364E-13   0.4328476787E-14  -0.1000000000E+31  -0.1000000000E+31  -0.1000000000E+31  -0.1000000000E+31  -0.1000000000E+31  -0.1000000000E+31  -0.1000000000E+31
   0.1560386664E-08   0.2046015051E-12   0.1273509592E-14  -0.1000000000E+31  -0.1000000000E+31  -0.1000000000E+31  -0.1000000000E+31  -0.1000000000E+31  -0.1000000000E+31  -0.1000000000E+31
   0.1220070310E-09   0.5674634455E-12   0.3674724483E-14  -0.1000000000E+31  -0.1000000000E+31  -0.1000000000E+31  -0.1000000000E+31  -0.1000000000E+31  -0.1000000000E+31  -0.1000000000E+31
   0.9020614080E-09   0.1132947825E-11   0.2581039657E-13  -0.1000000000E+31  -0.1000000000E+31  -0.1000000000E+31  -0.1000000000E+31  -0.1000000000E+31  -0.1000000000E+31  -0.1000000000E+31
   0.1206527078E-08   0.1505774270E-10   0.8035224974E-13  -0.1000000000E+31  -0.1000000000E+31  -0.1000000000E+31  -0.1000000000E+31  -0.1000000000E+31  -0.1000000000E+31  -0.1000000000E+31
   0.1514817223E-08   0.6310255109E-11   0.2975535944E-12   0.1947094189E-12  -0.1000000000E+31  -0.1000000000E+31  -0.1000000000E+31  -0.1000000000E+31  -0.1000000000E+31  -0.1000000000E+31
   0.2586933524E-09   0.2971899180E-11   0.8127877224E-13   0.4369277558E-13  -0.1000000000E+31  -0.1000000000E+31  -0.1000000000E+31  -0.1000000000E+31  -0.1000000000E+31  -0.1000000000E+31
   0.7717464023E-09   0.3028100160E-11   0.6769348662E-14  -0.1000000000E+31  -0.1000000000E+31  -0.1000000000E+31  -0.1000000000E+31  -0.1000000000E+31  -0.1000000000E+31  -0.1000000000E+31
   0.4665163233E-09   0.1644118828E-11   0.1177548051E-12  -0.1000000000E+31  -0.1000000000E+31  -0.1000000000E+31  -0.1000000000E+31  -0.1000000000E+31  -0.1000000000E+31  -0.1000000000E+31
   0.1002662422E-08   0.1558145328E-12   0.4829211124E-11  -0.1000000000E+31  -0.1000000000E+31  -0.1000000000E+31  -0.1000000000E+31  -0.1000000000E+31  -0.1000000000E+31  -0.1000000000E+31
   0.5100273418E-09   0.1829183194E-11  -0.1000000000E+31  -0.1000000000E+31  -0.1000000000E+31  -0.1000000000E+31  -0.1000000000E+31  -0.1000000000E+31  -0.1000000000E+31  -0.1000000000E+31
   0.8224776932E-09   0.4277967629E-12  -0.1000000000E+31  -0.1000000000E+31  -0.1000000000E+31  -0.1000000000E+31  -0.1000000000E+31  -0.1000000000E+31  -0.1000000000E+31  -0.1000000000E+31
   0.1164545878E-08   0.3624913510E-10  -0.1000000000E+31  -0.1000000000E+31  -0.1000000000E+31  -0.1000000000E+31  -0.1000000000E+31  -0.1000000000E+31  -0.1000000000E+31  -0.1000000000E+31
   0.1771862999E-09   0.6345209169E-12  -0.1000000000E+31  -0.1000000000E+31  -0.1000000000E+31  -0.1000000000E+31  -0.1000000000E+31  -0.1000000000E+31  -0.1000000000E+31  -0.1000000000E+31
   0.1222696426E-09   0.2136637156E-11  -0.1000000000E+31  -0.1000000000E+31  -0.1000000000E+31  -0.1000000000E+31  -0.1000000000E+31  -0.1000000000E+31  -0.1000000000E+31  -0.1000000000E+31
   0.9404549182E-10   0.5378756526E-12  -0.1000000000E+31  -0.1000000000E+31  -0.1000000000E+31  -0.1000000000E+31  -0.1000000000E+31  -0.1000000000E+31  -0.1000000000E+31  -0.1000000000E+31
   0.6561030216E-09   0.4246190739E-11  -0.1000000000E+31  -0.1000000000E+31  -0.1000000000E+31  -0.1000000000E+31  -0.1000000000E+31  -0.1000000000E+31  -0.1000000000E+31  -0.1000000000E+31
   0.4865771441E-09   0.5848396162E-12  -0.1000000000E+31  -0.1000000000E+31  -0.1000000000E+31  -0.1000000000E+31  -0.1000000000E+31  -0.1000000000E+31  -0.1000000000E+31  -0.1000000000E+31
   0.2356219184E-08   0.2159191216E-10  -0.1000000000E+31  -0.1000000000E+31  -0.1000000000E+31  -0.1000000000E+31  -0.1000000000E+31  -0.1000000000E+31  -0.1000000000E+31  -0.1000000000E+31
   0.8098417155E-09   0.1041588495E-11  -0.1000000000E+31  -0.1000000000E+31  -0.1000000000E+31  -0.1000000000E+31  -0.1000000000E+31  -0.1000000000E+31  -0.1000000000E+31  -0.1000000000E+31
   0.1718180524E-08   0.1851463705E-11  -0.1000000000E+31  -0.1000000000E+31  -0.1000000000E+31  -0.1000000000E+31  -0.1000000000E+31  -0.1000000000E+31  -0.1000000000E+31  -0.1000000000E+31
   0.1407168360E-08   0.6478081103E-12  -0.1000000000E+31  -0.1000000000E+31  -0.1000000000E+31  -0.1000000000E+31  -0.1000000000E+31  -0.1000000000E+31  -0.1000000000E+31  -0.1000000000E+31
   0.4528923166E-09   0.4033688801E-11  -0.1000000000E+31  -0.1000000000E+31  -0.1000000000E+31  -0.1000000000E+31  -0.1000000000E+31  -0.1000000000E+31  -0.1000000000E+31  -0.1000000000E+31
   0.2284130680E-09   0.2362356337E-11   0.2956661831E-14  -0.1000000000E+31  -0.1000000000E+31  -0.1000000000E+31  -0.1000000000E+31  -0.1000000000E+31  -0.1000000000E+31  -0.1000000000E+31
   0.2244303350E-09   0.4484709368E-12   0.2600258280E-15  -0.1000000000E+31  -0.1000000000E+31  -0.1000000000E+31  -0.1000000000E+31  -0.1000000000E+31  -0.1000000000E+31  -0.1000000000E+31
   0.1357557348E-09   0.1225435713E-11   0.1753380670E-12  -0.1000000000E+31  -0.1000000000E+31  -0.1000000000E+31  -0.1000000000E+31  -0.1000000000E+31  -0.1000000000E+31  -0.1000000000E+31
   0.5443185765E-09   0.1380810768E-10   0.2676559847E-14  -0.1000000000E+31  -0.1000000000E+31  -0.1000000000E+31  -0.1000000000E+31  -0.1000000000E+31  -0.1000000000E+31  -0.1000000000E+31
   0.2496764398E-09   0.4472635999E-11   0.2495601533E-14  -0.1000000000E+31  -0.1000000000E+31  -0.1000000000E+31  -0.1000000000E+31  -0.1000000000E+31  -0.1000000000E+31  -0.1000000000E+31
   0.1203448567E-09   0.6918096983E-10   0.1493336823E-13  -0.1000000000E+31  -0.1000000000E+31  -0.1000000000E+31  -0.1000000000E+31  -0.1000000000E+31  -0.1000000000E+31  -0.1000000000E+31
   0.8206923124E-10   0.1232022844E-09   0.2061209039E-14  -0.1000000000E+31  -0.1000000000E+31  -0.1000000000E+31  -0.1000000000E+31  -0.1000000000E+31  -0.1000000000E+31  -0.1000000000E+31
   0.3647564754E-08   0.2095022857E-10   0.1665309397E-12  -0.1000000000E+31  -0.1000000000E+31  -0.1000000000E+31  -0.1000000000E+31  -0.1000000000E+31  -0.1000000000E+31  -0.1000000000E+31
   0.2171143259E-09   0.5576705675E-10   0.1090402681E-13  -0.1000000000E+31  -0.1000000000E+31  -0.1000000000E+31  -0.1000000000E+31  -0.1000000000E+31  -0.1000000000E+31  -0.1000000000E+31
   0.3045458147E-07   0.1469920032E-08   0.1014024643E-12  -0.1000000000E+31  -0.1000000000E+31  -0.1000000000E+31  -0.1000000000E+31  -0.1000000000E+31  -0.1000000000E+31  -0.1000000000E+31
   0.2818362789E-07   0.3601365635E-09   0.4576784242E-10  -0.1000000000E+31  -0.1000000000E+31  -0.1000000000E+31  -0.1000000000E+31  -0.1000000000E+31  -0.1000000000E+31  -0.1000000000E+31
   0.5765595978E-08   0.3662627534E-07   0.4223187589E-09  -0.1000000000E+31  -0.1000000000E+31  -0.1000000000E+31  -0.1000000000E+31  -0.1000000000E+31  -0.1000000000E+31  -0.1000000000E+31
   0.6004487202E-08   0.4564546592E-09   0.8545283779E-11  -0.1000000000E+31  -0.1000000000E+31  -0.1000000000E+31  -0.1000000000E+31  -0.1000000000E+31  -0.1000000000E+31  -0.1000000000E+31
   0.1085806079E-07   0.1891660304E-07   0.2681126645E-08  -0.1000000000E+31  -0.1000000000E+31  -0.1000000000E+31  -0.1000000000E+31  -0.1000000000E+31  -0.1000000000E+31  -0.1000000000E+31
   0.5242388008E-07   0.1909907338E-07   0.2380097002E-08   0.1421457381E-14  -0.1000000000E+31  -0.1000000000E+31  -0.1000000000E+31  -0.1000000000E+31  -0.1000000000E+31  -0.1000000000E+31
   0.3035269027E-09   0.1759245474E-06   0.3674447847E-09   0.1599982015E-12  -0.1000000000E+31  -0.1000000000E+31  -0.1000000000E+31  -0.1000000000E+31  -0.1000000000E+31  -0.1000000000E+31
   0.1733283283E-07   0.6519326192E-08   0.7101908410E-10   0.9333877001E-15  -0.1000000000E+31  -0.1000000000E+31  -0.1000000000E+31  -0.1000000000E+31  -0.1000000000E+31  -0.1000000000E+31
   0.1182514580E-07   0.8827355505E-09   0.4631531615E-12  -0.1000000000E+31  -0.1000000000E+31  -0.1000000000E+31  -0.1000000000E+31  -0.1000000000E+31  -0.1000000000E+31  -0.1000000000E+31
   0.4443246994E-08   0.5936070166E-09   0.9769144725E-13  -0.1000000000E+31  -0.1000000000E+31  -0.1000000000E+31  -0.1000000000E+31  -0.1000000000E+31  -0.1000000000E+31  -0.1000000000E+31
   0.8107621191E-08   0.1302383940E-09   0.3613672548E-14  -0.1000000000E+31  -0.1000000000E+31  -0.1000000000E+31  -0.1000000000E+31  -0.1000000000E+31  -0.1000000000E+31  -0.1000000000E+31
   0.1162179672E-07   0.2450172365E-10   0.2852721945E-14  -0.1000000000E+31  -0.1000000000E+31  -0.1000000000E+31  -0.1000000000E+31  -0.1000000000E+31  -0.1000000000E+31  -0.1000000000E+31
   0.2582620073E-09   0.1615675924E-11  -0.1000000000E+31  -0.1000000000E+31  -0.1000000000E+31  -0.1000000000E+31  -0.1000000000E+31  -0.1000000000E+31  -0.1000000000E+31  -0.1000000000E+31
   0.2657982667E-08   0.3177699673E-12  -0.1000000000E+31  -0.1000000000E+31  -0.1000000000E+31  -0.1000000000E+31  -0.1000000000E+31  -0.1000000000E+31  -0.1000000000E+31  -0.1000000000E+31
   0.8872165114E-09   0.1941033382E-11  -0.1000000000E+31  -0.1000000000E+31  -0.1000000000E+31  -0.1000000000E+31  -0.1000000000E+31  -0.1000000000E+31  -0.1000000000E+31  -0.1000000000E+31
   0.5776180692E-09   0.1768494331E-11  -0.1000000000E+31  -0.1000000000E+31  -0.1000000000E+31  -0.1000000000E+31  -0.1000000000E+31  -0.1000000000E+31  -0.1000000000E+31  -0.1000000000E+31
   0.4490438285E-09   0.1391723134E-11  -0.1000000000E+31  -0.1000000000E+31  -0.1000000000E+31  -0.1000000000E+31  -0.1000000000E+31  -0.1000000000E+31  -0.1000000000E+31  -0.1000000000E+31
   0.4320074361E-09   0.1167241035E-11  -0.1000000000E+31  -0.1000000000E+31  -0.1000000000E+31  -0.1000000000E+31  -0.1000000000E+31  -0.1000000000E+31  -0.1000000000E+31  -0.1000000000E+31
   0.5523407364E-09   0.1381778902E-11  -0.1000000000E+31  -0.1000000000E+31  -0.1000000000E+31  -0.1000000000E+31  -0.1000000000E+31  -0.1000000000E+31  -0.1000000000E+31  -0.1000000000E+31
   0.6123077375E-09   0.1242395586E-12  -0.1000000000E+31  -0.1000000000E+31  -0.1000000000E+31  -0.1000000000E+31  -0.1000000000E+31  -0.1000000000E+31  -0.1000000000E+31  -0.1000000000E+31
   0.5822986971E-09   0.8981071096E-13  -0.1000000000E+31  -0.1000000000E+31  -0.1000000000E+31  -0.1000000000E+31  -0.1000000000E+31  -0.1000000000E+31  -0.1000000000E+31  -0.1000000000E+31
   0.5328785366E-10   0.2803908307E-12  -0.1000000000E+31  -0.1000000000E+31  -0.1000000000E+31  -0.1000000000E+31  -0.1000000000E+31  -0.1000000000E+31  -0.1000000000E+31  -0.1000000000E+31
   0.4635741218E-10   0.2526734379E-12  -0.1000000000E+31  -0.1000000000E+31  -0.1000000000E+31  -0.1000000000E+31  -0.1000000000E+31  -0.1000000000E+31  -0.1000000000E+31  -0.1000000000E+31
   0.3981411963E-10   0.2342751362E-12  -0.1000000000E+31  -0.1000000000E+31  -0.1000000000E+31  -0.1000000000E+31  -0.1000000000E+31  -0.1000000000E+31  -0.1000000000E+31  -0.1000000000E+31
   0.3418106808E-10   0.2868575010E-12  -0.1000000000E+31  -0.1000000000E+31  -0.1000000000E+31  -0.1000000000E+31  -0.1000000000E+31  -0.1000000000E+31  -0.1000000000E+31  -0.1000000000E+31
   0.2945252444E-10   0.1918486657E-12  -0.1000000000E+31  -0.1000000000E+31  -0.1000000000E+31  -0.1000000000E+31  -0.1000000000E+31  -0.1000000000E+31  -0.1000000000E+31  -0.1000000000E+31
   0.2634794758E-09   0.1649432068E-12  -0.1000000000E+31  -0.1000000000E+31  -0.1000000000E+31  -0.1000000000E+31  -0.1000000000E+31  -0.1000000000E+31  -0.1000000000E+31  -0.1000000000E+31
   0.5055512147E-10   0.1331486188E-12  -0.1000000000E+31  -0.1000000000E+31  -0.1000000000E+31  -0.1000000000E+31  -0.1000000000E+31  -0.1000000000E+31  -0.1000000000E+31  -0.1000000000E+31
   0.5250654839E-10   0.3613899405E-13  -0.1000000000E+31  -0.1000000000E+31  -0.1000000000E+31  -0.1000000000E+31  -0.1000000000E+31  -0.1000000000E+31  -0.1000000000E+31  -0.1000000000E+31
   0.4518767283E-10   0.2250017265E-13  -0.1000000000E+31  -0.1000000000E+31  -0.1000000000E+31  -0.1000000000E+31  -0.1000000000E+31  -0.1000000000E+31  -0.1000000000E+31  -0.1000000000E+31
   0.6723926792E-10   0.4443804799E-13  -0.1000000000E+31  -0.1000000000E+31  -0.1000000000E+31  -0.1000000000E+31  -0.1000000000E+31  -0.1000000000E+31  -0.1000000000E+31  -0.1000000000E+31
   0.3572648983E-10   0.1940371641E-13  -0.1000000000E+31  -0.1000000000E+31  -0.1000000000E+31  -0.1000000000E+31  -0.1000000000E+31  -0.1000000000E+31  -0.1000000000E+31  -0.1000000000E+31
   0.2890177281E-10   0.1272752857E-13  -0.1000000000E+31  -0.1000000000E+31  -0.1000000000E+31  -0.1000000000E+31  -0.1000000000E+31  -0.1000000000E+31  -0.1000000000E+31  -0.1000000000E+31
   0.6082423883E-11   0.1715822681E-13  -0.1000000000E+31  -0.1000000000E+31  -0.1000000000E+31  -0.1000000000E+31  -0.1000000000E+31  -0.1000000000E+31  -0.1000000000E+31  -0.1000000000E+31
   0.8406120457E-11   0.2304174169E-12  -0.1000000000E+31  -0.1000000000E+31  -0.1000000000E+31  -0.1000000000E+31  -0.1000000000E+31  -0.1000000000E+31  -0.1000000000E+31  -0.1000000000E+31
   0.1251023581E-09   0.4841622496E-13  -0.1000000000E+31  -0.1000000000E+31  -0.1000000000E+31  -0.1000000000E+31  -0.1000000000E+31  -0.1000000000E+31  -0.1000000000E+31  -0.1000000000E+31
   0.1512808451E-10   0.3058284800E-12  -0.1000000000E+31  -0.1000000000E+31  -0.1000000000E+31  -0.1000000000E+31  -0.1000000000E+31  -0.1000000000E+31  -0.1000000000E+31  -0.1000000000E+31
   0.1793515081E-10   0.9642450615E-14  -0.1000000000E+31  -0.1000000000E+31  -0.1000000000E+31  -0.1000000000E+31  -0.1000000000E+31  -0.1000000000E+31  -0.1000000000E+31  -0.1000000000E+31
   0.3921642024E-12   0.3154554632E-13  -0.1000000000E+31  -0.1000000000E+31  -0.1000000000E+31  -0.1000000000E+31  -0.1000000000E+31  -0.1000000000E+31  -0.1000000000E+31  -0.1000000000E+31
   0.8664098664E-10   0.1096829579E-13  -0.1000000000E+31  -0.1000000000E+31  -0.1000000000E+31  -0.1000000000E+31  -0.1000000000E+31  -0.1000000000E+31  -0.1000000000E+31  -0.1000000000E+31
   0.1032886624E-10   0.7714709848E-13  -0.1000000000E+31  -0.1000000000E+31  -0.1000000000E+31  -0.1000000000E+31  -0.1000000000E+31  -0.1000000000E+31  -0.1000000000E+31  -0.1000000000E+31
   0.6314171177E-10   0.1715864317E-13  -0.1000000000E+31  -0.1000000000E+31  -0.1000000000E+31  -0.1000000000E+31  -0.1000000000E+31  -0.1000000000E+31  -0.1000000000E+31  -0.1000000000E+31
   0.1047798626E-10   0.1734933579E-10  -0.1000000000E+31  -0.1000000000E+31  -0.1000000000E+31  -0.1000000000E+31  -0.1000000000E+31  -0.1000000000E+31  -0.1000000000E+31  -0.1000000000E+31
   0.1028571011E-10   0.1107662575E-13  -0.1000000000E+31  -0.1000000000E+31  -0.1000000000E+31  -0.1000000000E+31  -0.1000000000E+31  -0.1000000000E+31  -0.1000000000E+31  -0.1000000000E+31
   0.2439918375E-11  -0.1000000000E+31  -0.1000000000E+31  -0.1000000000E+31  -0.1000000000E+31  -0.1000000000E+31  -0.1000000000E+31  -0.1000000000E+31  -0.1000000000E+31  -0.1000000000E+31
   0.9954568675E-11   0.2209333075E-14  -0.1000000000E+31  -0.1000000000E+31  -0.1000000000E+31  -0.1000000000E+31  -0.1000000000E+31  -0.1000000000E+31  -0.1000000000E+31  -0.1000000000E+31
   0.8295418954E-11   0.3790897428E-14  -0.1000000000E+31  -0.1000000000E+31  -0.1000000000E+31  -0.1000000000E+31  -0.1000000000E+31  -0.1000000000E+31  -0.1000000000E+31  -0.1000000000E+31
   0.7148075039E-11   0.2255310084E-12  -0.1000000000E+31  -0.1000000000E+31  -0.1000000000E+31  -0.1000000000E+31  -0.1000000000E+31  -0.1000000000E+31  -0.1000000000E+31  -0.1000000000E+31
   0.6281267938E-11  -0.1000000000E+31  -0.1000000000E+31  -0.1000000000E+31  -0.1000000000E+31  -0.1000000000E+31  -0.1000000000E+31  -0.1000000000E+31  -0.1000000000E+31  -0.1000000000E+31
   0.5539870700E-11  -0.1000000000E+31  -0.1000000000E+31  -0.1000000000E+31  -0.1000000000E+31  -0.1000000000E+31  -0.1000000000E+31  -0.1000000000E+31  -0.1000000000E+31  -0.1000000000E+31
   0.4904268808E-11  -0.1000000000E+31  -0.1000000000E+31  -0.1000000000E+31  -0.1000000000E+31  -0.1000000000E+31  -0.1000000000E+31  -0.1000000000E+31  -0.1000000000E+31  -0.1000000000E+31
   0.4340868514E-11  -0.1000000000E+31  -0.1000000000E+31  -0.1000000000E+31  -0.1000000000E+31  -0.1000000000E+31  -0.1000000000E+31  -0.1000000000E+31  -0.1000000000E+31  -0.1000000000E+31
   0.3852746775E-11  -0.1000000000E+31  -0.1000000000E+31  -0.1000000000E+31  -0.1000000000E+31  -0.1000000000E+31  -0.1000000000E+31  -0.1000000000E+31  -0.1000000000E+31  -0.1000000000E+31
   0.3413166098E-11  -0.1000000000E+31  -0.1000000000E+31  -0.1000000000E+31  -0.1000000000E+31  -0.1000000000E+31  -0.1000000000E+31  -0.1000000000E+31  -0.1000000000E+31  -0.1000000000E+31
   0.3007766821E-11  -0.1000000000E+31  -0.1000000000E+31  -0.1000000000E+31  -0.1000000000E+31  -0.1000000000E+31  -0.1000000000E+31  -0.1000000000E+31  -0.1000000000E+31  -0.1000000000E+31
   0.2686379471E-11  -0.1000000000E+31  -0.1000000000E+31  -0.1000000000E+31  -0.1000000000E+31  -0.1000000000E+31  -0.1000000000E+31  -0.1000000000E+31  -0.1000000000E+31  -0.1000000000E+31
   0.2382685045E-11  -0.1000000000E+31  -0.1000000000E+31  -0.1000000000E+31  -0.1000000000E+31  -0.1000000000E+31  -0.1000000000E+31  -0.1000000000E+31  -0.1000000000E+31  -0.1000000000E+31
   0.2113773283E-11  -0.1000000000E+31  -0.1000000000E+31  -0.1000000000E+31  -0.1000000000E+31  -0.1000000000E+31  -0.1000000000E+31  -0.1000000000E+31  -0.1000000000E+31  -0.1000000000E+31
   0.1862041706E-11  -0.1000000000E+31  -0.1000000000E+31  -0.1000000000E+31  -0.1000000000E+31  -0.1000000000E+31  -0.1000000000E+31  -0.1000000000E+31  -0.1000000000E+31  -0.1000000000E+31
   0.1663109877E-11  -0.1000000000E+31  -0.1000000000E+31  -0.1000000000E+31  -0.1000000000E+31  -0.1000000000E+31  -0.1000000000E+31  -0.1000000000E+31  -0.1000000000E+31  -0.1000000000E+31
   0.1469425231E-11  -0.1000000000E+31  -0.1000000000E+31  -0.1000000000E+31  -0.1000000000E+31  -0.1000000000E+31  -0.1000000000E+31  -0.1000000000E+31  -0.1000000000E+31  -0.1000000000E+31
   0.1308307998E-11  -0.1000000000E+31  -0.1000000000E+31  -0.1000000000E+31  -0.1000000000E+31  -0.1000000000E+31  -0.1000000000E+31  -0.1000000000E+31  -0.1000000000E+31  -0.1000000000E+31
   0.1166595577E-11  -0.1000000000E+31  -0.1000000000E+31  -0.1000000000E+31  -0.1000000000E+31  -0.1000000000E+31  -0.1000000000E+31  -0.1000000000E+31  -0.1000000000E+31  -0.1000000000E+31
   0.1019936244E-11  -0.1000000000E+31  -0.1000000000E+31  -0.1000000000E+31  -0.1000000000E+31  -0.1000000000E+31  -0.1000000000E+31  -0.1000000000E+31  -0.1000000000E+31  -0.1000000000E+31
   0.8963092314E-12  -0.1000000000E+31  -0.1000000000E+31  -0.1000000000E+31  -0.1000000000E+31  -0.1000000000E+31  -0.1000000000E+31  -0.1000000000E+31  -0.1000000000E+31  -0.1000000000E+31
   0.8338888501E-12  -0.1000000000E+31  -0.1000000000E+31  -0.1000000000E+31  -0.1000000000E+31  -0.1000000000E+31  -0.1000000000E+31  -0.1000000000E+31  -0.1000000000E+31  -0.1000000000E+31
   0.7278309500E-12  -0.1000000000E+31  -0.1000000000E+31  -0.1000000000E+31  -0.1000000000E+31  -0.1000000000E+31  -0.1000000000E+31  -0.1000000000E+31  -0.1000000000E+31  -0.1000000000E+31
   0.6084988128E-12  -0.1000000000E+31  -0.1000000000E+31  -0.1000000000E+31  -0.1000000000E+31  -0.1000000000E+31  -0.1000000000E+31  -0.1000000000E+31  -0.1000000000E+31  -0.1000000000E+31
   0.5577555334E-12  -0.1000000000E+31  -0.1000000000E+31  -0.1000000000E+31  -0.1000000000E+31  -0.1000000000E+31  -0.1000000000E+31  -0.1000000000E+31  -0.1000000000E+31  -0.1000000000E+31
   0.5002738404E-12  -0.1000000000E+31  -0.1000000000E+31  -0.1000000000E+31  -0.1000000000E+31  -0.1000000000E+31  -0.1000000000E+31  -0.1000000000E+31  -0.1000000000E+31  -0.1000000000E+31
   0.4480921592E-12  -0.1000000000E+31  -0.1000000000E+31  -0.1000000000E+31  -0.1000000000E+31  -0.1000000000E+31  -0.1000000000E+31  -0.1000000000E+31  -0.1000000000E+31  -0.1000000000E+31
   0.3620534007E-12  -0.1000000000E+31  -0.1000000000E+31  -0.1000000000E+31  -0.1000000000E+31  -0.1000000000E+31  -0.1000000000E+31  -0.1000000000E+31  -0.1000000000E+31  -0.1000000000E+31
   0.3285753633E-12  -0.1000000000E+31  -0.1000000000E+31  -0.1000000000E+31  -0.1000000000E+31  -0.1000000000E+31  -0.1000000000E+31  -0.1000000000E+31  -0.1000000000E+31  -0.1000000000E+31
   0.2999727016E-12  -0.1000000000E+31  -0.1000000000E+31  -0.1000000000E+31  -0.1000000000E+31  -0.1000000000E+31  -0.1000000000E+31  -0.1000000000E+31  -0.1000000000E+31  -0.1000000000E+31
   0.2509879774E-12  -0.1000000000E+31  -0.1000000000E+31  -0.1000000000E+31  -0.1000000000E+31  -0.1000000000E+31  -0.1000000000E+31  -0.1000000000E+31  -0.1000000000E+31  -0.1000000000E+31
   0.2556053607E-12  -0.1000000000E+31  -0.1000000000E+31  -0.1000000000E+31  -0.1000000000E+31  -0.1000000000E+31  -0.1000000000E+31  -0.1000000000E+31  -0.1000000000E+31  -0.1000000000E+31
   0.1931750974E-12  -0.1000000000E+31  -0.1000000000E+31  -0.1000000000E+31  -0.1000000000E+31  -0.1000000000E+31  -0.1000000000E+31  -0.1000000000E+31  -0.1000000000E+31  -0.1000000000E+31
   0.1958060859E-12  -0.1000000000E+31  -0.1000000000E+31  -0.1000000000E+31  -0.1000000000E+31  -0.1000000000E+31  -0.1000000000E+31  -0.1000000000E+31  -0.1000000000E+31  -0.1000000000E+31
   0.1739402896E-12  -0.1000000000E+31  -0.1000000000E+31  -0.1000000000E+31  -0.1000000000E+31  -0.1000000000E+31  -0.1000000000E+31  -0.1000000000E+31  -0.1000000000E+31  -0.1000000000E+31
   0.1471823342E-12  -0.1000000000E+31  -0.1000000000E+31  -0.1000000000E+31  -0.1000000000E+31  -0.1000000000E+31  -0.1000000000E+31  -0.1000000000E+31  -0.1000000000E+31  -0.1000000000E+31
   0.1386632463E-12  -0.1000000000E+31  -0.1000000000E+31  -0.1000000000E+31  -0.1000000000E+31  -0.1000000000E+31  -0.1000000000E+31  -0.1000000000E+31  -0.1000000000E+31  -0.1000000000E+31
   0.1280716915E-12  -0.1000000000E+31  -0.1000000000E+31  -0.1000000000E+31  -0.1000000000E+31  -0.1000000000E+31  -0.1000000000E+31  -0.1000000000E+31  -0.1000000000E+31  -0.1000000000E+31
   0.1124589834E-12  -0.1000000000E+31  -0.1000000000E+31  -0.1000000000E+31  -0.1000000000E+31  -0.1000000000E+31  -0.1000000000E+31  -0.1000000000E+31  -0.1000000000E+31  -0.1000000000E+31
   0.1252837876E-12  -0.1000000000E+31  -0.1000000000E+31  -0.1000000000E+31  -0.1000000000E+31  -0.1000000000E+31  -0.1000000000E+31  -0.1000000000E+31  -0.1000000000E+31  -0.1000000000E+31
   0.6354311410E-13  -0.1000000000E+31  -0.1000000000E+31  -0.1000000000E+31  -0.1000000000E+31  -0.1000000000E+31  -0.1000000000E+31  -0.1000000000E+31  -0.1000000000E+31  -0.1000000000E+31
   0.6006507808E-13  -0.1000000000E+31  -0.1000000000E+31  -0.1000000000E+31  -0.1000000000E+31  -0.1000000000E+31  -0.1000000000E+31  -0.1000000000E+31  -0.1000000000E+31  -0.1000000000E+31
   0.7424805873E-13  -0.1000000000E+31  -0.1000000000E+31  -0.1000000000E+31  -0.1000000000E+31  -0.1000000000E+31  -0.1000000000E+31  -0.1000000000E+31  -0.1000000000E+31  -0.1000000000E+31
   0.4870326719E-13  -0.1000000000E+31  -0.1000000000E+31  -0.1000000000E+31  -0.1000000000E+31  -0.1000000000E+31  -0.1000000000E+31  -0.1000000000E+31  -0.1000000000E+31  -0.1000000000E+31
   0.6542015221E-13  -0.1000000000E+31  -0.1000000000E+31  -0.1000000000E+31  -0.1000000000E+31  -0.1000000000E+31  -0.1000000000E+31  -0.1000000000E+31  -0.1000000000E+31  -0.1000000000E+31
   0.4238048343E-13  -0.1000000000E+31  -0.1000000000E+31  -0.1000000000E+31  -0.1000000000E+31  -0.1000000000E+31  -0.1000000000E+31  -0.1000000000E+31  -0.1000000000E+31  -0.1000000000E+31
   0.3142598682E-13  -0.1000000000E+31  -0.1000000000E+31  -0.1000000000E+31  -0.1000000000E+31  -0.1000000000E+31  -0.1000000000E+31  -0.1000000000E+31  -0.1000000000E+31  -0.1000000000E+31
   0.1934256322E-13  -0.1000000000E+31  -0.1000000000E+31  -0.1000000000E+31  -0.1000000000E+31  -0.1000000000E+31  -0.1000000000E+31  -0.1000000000E+31  -0.1000000000E+31  -0.1000000000E+31
   0.3776996248E-13  -0.1000000000E+31  -0.1000000000E+31  -0.1000000000E+31  -0.1000000000E+31  -0.1000000000E+31  -0.1000000000E+31  -0.1000000000E+31  -0.1000000000E+31  -0.1000000000E+31
   0.2958156949E-13  -0.1000000000E+31  -0.1000000000E+31  -0.1000000000E+31  -0.1000000000E+31  -0.1000000000E+31  -0.1000000000E+31  -0.1000000000E+31  -0.1000000000E+31  -0.1000000000E+31
   0.1330723561E-12  -0.1000000000E+31  -0.1000000000E+31  -0.1000000000E+31  -0.1000000000E+31  -0.1000000000E+31  -0.1000000000E+31  -0.1000000000E+31  -0.1000000000E+31  -0.1000000000E+31
   0.2492487878E-13  -0.1000000000E+31  -0.1000000000E+31  -0.1000000000E+31  -0.1000000000E+31  -0.1000000000E+31  -0.1000000000E+31  -0.1000000000E+31  -0.1000000000E+31  -0.1000000000E+31
   0.2874906158E-13  -0.1000000000E+31  -0.1000000000E+31  -0.1000000000E+31  -0.1000000000E+31  -0.1000000000E+31  -0.1000000000E+31  -0.1000000000E+31  -0.1000000000E+31  -0.1000000000E+31
   0.1107828272E-13  -0.1000000000E+31  -0.1000000000E+31  -0.1000000000E+31  -0.1000000000E+31  -0.1000000000E+31  -0.1000000000E+31  -0.1000000000E+31  -0.1000000000E+31  -0.1000000000E+31
   0.2012731930E-13  -0.1000000000E+31  -0.1000000000E+31  -0.1000000000E+31  -0.1000000000E+31  -0.1000000000E+31  -0.1000000000E+31  -0.1000000000E+31  -0.1000000000E+31  -0.1000000000E+31
