   0.5569630400E-13
   0.3846108149E-12
   0.1949838601E-11
   0.1114412643E-10
   0.9890405784E-12
   0.2360575915E-14
   0.1315795636E-12
   0.1330869978E-11
   0.3399050768E-14
   0.7804058387E-10
   0.1637123915E-14
   0.2512586584E-14
   0.4186208140E-12
   0.4423526583E-10
   0.1549432844E-11
   0.4590140941E-12
   0.6936141656E-14
   0.9762722204E-13
   0.9315437621E-11
   0.3422043546E-14
   0.2930903609E-14
   0.9980279123E-16
   0.6371802696E-14
   0.1473551425E-11
   0.1662313037E-15
   0.1003504116E-12
   0.2588481203E-10
   0.8747958245E-14
   0.2806998859E-13
   0.3834662937E-15
   0.2223033851E-12
   0.2228752993E-14
   0.2308498508E-14
   0.3616494359E-14
   0.1184099641E-13
   0.1819787276E-13
   0.8835369924E-13
   0.1469657528E-13
   0.1614590455E-12
   0.1150532526E-14
   0.2375303107E-14
   0.6912272289E-14
   0.7515761888E-12
   0.8757642822E-10
   0.2495893744E-10
   0.2195542801E-11
   0.3684287013E-11
   0.2913553346E-11
   0.2703353498E-11
   0.6293172770E-11
   0.4466423149E-11
   0.2699095310E-10
   0.2412166540E-10
   0.2527778903E-10
   0.1255196516E-10
   0.5473476925E-14
   0.6252346750E-15
   0.2314002615E-14
   0.8295075111E-15
   0.4557133946E-14
   0.2075556252E-12
   0.2804828891E-14
   0.1023901577E-13
   0.1008775711E-13
   0.8832506691E-13
   0.2241885096E-13
   0.2580460347E-13
   0.5404131405E-13
   0.9655340103E-13
   0.1201284506E-12
   0.9468646049E-09
   0.1594292062E-09
   0.4351250896E-12
   0.1190093969E-13
   0.1418223022E-13
   0.1511934325E-14
   0.9545659179E-16
   0.4048060825E-15
   0.4078810540E-13
   0.2137864266E-14
   0.3577065483E-13
   0.2397466762E-13
   0.1755303786E-11
   0.1160879175E-12
   0.2080497757E-12
   0.8779280581E-13
   0.6180721092E-11
   0.8640255158E-14
   0.2673362990E-12
   0.5305686539E-12
   0.1464634732E-13
   0.9520835213E-15
   0.1475679191E-14
   0.4509490651E-12
   0.8130008765E-14
   0.4328476787E-14
   0.1273509592E-14
   0.3674724483E-14
   0.2581039657E-13
   0.8035224974E-13
   0.1947094189E-12
   0.4369277558E-13
   0.6769348662E-14
   0.1177548051E-12
   0.4829211124E-11
   0.1829183194E-11
   0.4277967629E-12
   0.3624913510E-10
   0.6345209169E-12
   0.2136637156E-11
   0.5378756526E-12
   0.4246190739E-11
   0.5848396162E-12
   0.2159191216E-10
   0.1041588495E-11
   0.1851463705E-11
   0.6478081103E-12
   0.4033688801E-11
   0.2956661831E-14
   0.2600258280E-15
   0.1753380670E-12
   0.2676559847E-14
   0.2495601533E-14
   0.1493336823E-13
   0.2061209039E-14
   0.1665309397E-12
   0.1090402681E-13
   0.1014024643E-12
   0.4576784242E-10
   0.4223187589E-09
   0.8545283779E-11
   0.2681126645E-08
   0.1421457381E-14
   0.1599982015E-12
   0.9333877001E-15
   0.4631531615E-12
   0.9769144725E-13
   0.3613672548E-14
   0.2852721945E-14
   0.1615675924E-11
   0.3177699673E-12
   0.1941033382E-11
   0.1768494331E-11
   0.1391723134E-11
   0.1167241035E-11
   0.1381778902E-11
   0.1242395586E-12
   0.8981071096E-13
   0.2803908307E-12
   0.2526734379E-12
   0.2342751362E-12
   0.2868575010E-12
   0.1918486657E-12
   0.1649432068E-12
   0.1331486188E-12
   0.3613899405E-13
   0.2250017265E-13
   0.4443804799E-13
   0.1940371641E-13
   0.1272752857E-13
   0.1715822681E-13
   0.2304174169E-12
   0.4841622496E-13
   0.3058284800E-12
   0.9642450615E-14
   0.3154554632E-13
   0.1096829579E-13
   0.7714709848E-13
   0.1715864317E-13
   0.1734933579E-10
   0.1107662575E-13
   0.2439918375E-11
   0.2209333075E-14
   0.3790897428E-14
   0.2255310084E-12
   0.6281267938E-11
   0.5539870700E-11
   0.4904268808E-11
   0.4340868514E-11
   0.3852746775E-11
   0.3413166098E-11
   0.3007766821E-11
   0.2686379471E-11
   0.2382685045E-11
   0.2113773283E-11
   0.1862041706E-11
   0.1663109877E-11
   0.1469425231E-11
   0.1308307998E-11
   0.1166595577E-11
   0.1019936244E-11
   0.8963092314E-12
   0.8338888501E-12
   0.7278309500E-12
   0.6084988128E-12
   0.5577555334E-12
   0.5002738404E-12
   0.4480921592E-12
   0.3620534007E-12
   0.3285753633E-12
   0.2999727016E-12
   0.2509879774E-12
   0.2556053607E-12
   0.1931750974E-12
   0.1958060859E-12
   0.1739402896E-12
   0.1471823342E-12
   0.1386632463E-12
   0.1280716915E-12
   0.1124589834E-12
   0.1252837876E-12
   0.6354311410E-13
   0.6006507808E-13
   0.7424805873E-13
   0.4870326719E-13
   0.6542015221E-13
   0.4238048343E-13
   0.3142598682E-13
   0.1934256322E-13
   0.3776996248E-13
   0.2958156949E-13
   0.1330723561E-12
   0.2492487878E-13
   0.2874906158E-13
   0.1107828272E-13
   0.2012731930E-13
