  0.0000000000E+00
  0.1500000000E+01
  0.3750000000E+01
  0.7125000000E+01
  0.1218750000E+02
  0.1443750000E+02
  0.1543750000E+02
  0.1643750000E+02
  0.1710416667E+02
  0.1754861111E+02
  0.1799305556E+02
  0.1843750000E+02
  0.1888194444E+02
  0.1932638889E+02
  0.1977083333E+02
  0.2021527778E+02
  0.2065972222E+02
  0.2110416667E+02
  0.2177083333E+02
  0.2221527778E+02
  0.2265972222E+02
  0.2310416667E+02
  0.2354861111E+02
  0.2421527778E+02
  0.2465972222E+02
  0.2510416667E+02
  0.2554861111E+02
  0.2599305556E+02
  0.2665972222E+02
  0.2732638889E+02
  0.2799305556E+02
  0.2899305556E+02
  0.2999305556E+02
  0.3099305556E+02
  0.3199305556E+02
  0.3299305556E+02
  0.3399305556E+02
  0.3499305556E+02
  0.3599305556E+02
  0.3699305556E+02
  0.3799305556E+02
  0.3899305556E+02
  0.3999305556E+02
  0.4099305556E+02
  0.4199305556E+02
  0.4299305556E+02
  0.4399305556E+02
  0.4499305556E+02
  0.4599305556E+02
  0.4699305556E+02
  0.4799305556E+02
  0.4899305556E+02
  0.4999305556E+02
  0.5099305556E+02
  0.5199305556E+02
  0.5349305556E+02
  0.5499305556E+02
  0.5649305556E+02
  0.5799305556E+02
  0.5949305556E+02
  0.6049305556E+02
  0.6199305556E+02
  0.6349305556E+02
  0.6499305556E+02
  0.6599305556E+02
  0.6749305556E+02
  0.6899305556E+02
  0.7049305556E+02
  0.7199305556E+02
  0.7349305556E+02
  0.7499305556E+02
  0.7649305556E+02
  0.7799305556E+02
  0.7949305556E+02
  0.8099305556E+02
  0.8249305556E+02
  0.8399305556E+02
  0.8549305556E+02
  0.8699305556E+02
  0.8849305556E+02
  0.8999305556E+02
  0.9149305556E+02
  0.9299305556E+02
  0.9399305556E+02
  0.9499305556E+02
  0.9599305556E+02
  0.9749305556E+02
  0.9899305556E+02
  0.1004930556E+03
  0.1019930556E+03
  0.1034930556E+03
  0.1049930556E+03
  0.1064930556E+03
  0.1079930556E+03
  0.1094930556E+03
  0.1109930556E+03
  0.1124930556E+03
  0.1139930556E+03
  0.1154930556E+03
  0.1169930556E+03
  0.1184930556E+03
  0.1199930556E+03
  0.1214930556E+03
  0.1229930556E+03
  0.1244930556E+03
  0.1259930556E+03
  0.1274930556E+03
  0.1289930556E+03
  0.1304930556E+03
  0.1319930556E+03
  0.1334930556E+03
  0.1349930556E+03
  0.1364930556E+03
  0.1379930556E+03
  0.1394930556E+03
  0.1409930556E+03
  0.1424930556E+03
  0.1439930556E+03
  0.1454930556E+03
  0.1469930556E+03
  0.1484930556E+03
  0.1499930556E+03
  0.1514930556E+03
  0.1529930556E+03
  0.1544930556E+03
  0.1559930556E+03
  0.1574930556E+03
  0.1589930556E+03
  0.1604930556E+03
  0.1619930556E+03
  0.1634930556E+03
  0.1649930556E+03
  0.1664930556E+03
  0.1679930556E+03
  0.1694930556E+03
  0.1709930556E+03
  0.1724930556E+03
  0.1739930556E+03
  0.1754930556E+03
  0.1769930556E+03
  0.1784930556E+03
  0.1799930556E+03
  0.1814930556E+03
  0.1829930556E+03
  0.1844930556E+03
  0.1859930556E+03
  0.1874930556E+03
  0.1889930556E+03
  0.1904930556E+03
  0.1919930556E+03
  0.1934930556E+03
  0.1949930556E+03
  0.1964930556E+03
  0.1979930556E+03
  0.1994930556E+03
  0.2009930556E+03
  0.2024930556E+03
  0.2039930556E+03
  0.2054930556E+03
  0.2064930556E+03
  0.2079930556E+03
  0.2094930556E+03
  0.2109930556E+03
  0.2124930556E+03
  0.2139930556E+03
  0.2154930556E+03
  0.2169930556E+03
  0.2184930556E+03
  0.2199930556E+03
  0.2214930556E+03
  0.2229930556E+03
  0.2239930556E+03
  0.2254930556E+03
  0.2269930556E+03
  0.2284930556E+03
  0.2299930556E+03
  0.2314930556E+03
  0.2329930556E+03
  0.2344930556E+03
  0.2359930556E+03
  0.2374930556E+03
  0.2389930556E+03
  0.2404930556E+03
  0.2419930556E+03
  0.2434930556E+03
  0.2449930556E+03
  0.2464930556E+03
  0.2479930556E+03
  0.2494930556E+03
  0.2509930556E+03
  0.2524930556E+03
  0.2539930556E+03
  0.2554930556E+03
  0.2569930556E+03
  0.2584930556E+03
  0.2599930556E+03
  0.2614930556E+03
  0.2629930556E+03
  0.2644930556E+03
  0.2659930556E+03
  0.2674930556E+03
  0.2689930556E+03
  0.2704930556E+03
  0.2719930556E+03
  0.2734930556E+03
  0.2749930556E+03
  0.2764930556E+03
  0.2779930556E+03
  0.2794930556E+03
  0.2809930556E+03
  0.2824930556E+03
  0.2839930556E+03
  0.2854930556E+03
  0.2869930556E+03
  0.2884930556E+03
  0.2899930556E+03
  0.2914930556E+03
  0.2929930556E+03
  0.2944930556E+03
  0.2959930556E+03
  0.2974930556E+03
  0.2989930556E+03
  0.3004930556E+03
  0.3019930556E+03
  0.3034930556E+03
  0.3049930556E+03
