  0.3996173282E+00
  0.3069573809E+00
  0.2268063821E+00
  0.1595155571E+00
  0.2536093899E+00
  0.2876566532E+00
  0.2376513496E+00
  0.3050594353E+00
  0.3919923098E+00
  0.5354907898E+00
  0.7577441022E+00
  0.1010713670E+01
  0.1100610009E+01
  0.9957185425E+00
  0.8238344120E+00
  0.6608271678E+00
  0.5244308757E+00
  0.3999720969E+00
  0.2896296447E+00
  0.2266437805E+00
  0.1775900200E+00
  0.1400485736E+00
  0.1043001506E+00
  0.8441358191E-01
  0.7180437173E-01
  0.6334032409E-01
  0.5801623217E-01
  0.5435431857E-01
  0.5217166979E-01
  0.5127708152E-01
  0.5251713132E-01
  0.5356845286E-01
  0.5248241880E-01
  0.4936829716E-01
  0.4515810053E-01
  0.4013307600E-01
  0.3462792156E-01
  0.2959567372E-01
  0.2601050778E-01
  0.2426252781E-01
  0.2406239897E-01
  0.2457080355E-01
  0.2461256104E-01
  0.2319791646E-01
  0.2027773527E-01
  0.1679593363E-01
  0.1391303396E-01
  0.1235148938E-01
  0.1224497338E-01
  0.1337491265E-01
  0.1549017286E-01
  0.1826378174E-01
  0.2090333369E-01
  0.2208094777E-01
  0.1945230067E-01
  0.1451694520E-01
  0.1068287549E-01
  0.9468184867E-02
  0.1042789506E-01
  0.1169446551E-01
  0.1349745607E-01
  0.1412872244E-01
  0.1303954911E-01
  0.1170208352E-01
  0.9380849737E-02
  0.7391947600E-02
  0.6284685263E-02
  0.6291605560E-02
  0.7214666490E-02
  0.8615067513E-02
  0.9662026018E-02
  0.9414148469E-02
  0.7829553821E-02
  0.5808375515E-02
  0.4201425803E-02
  0.3314274044E-02
  0.3026607254E-02
  0.3091858970E-02
  0.3362792867E-02
  0.3809161464E-02
  0.4465566629E-02
  0.5395244358E-02
  0.6205171480E-02
  0.7129433983E-02
  0.8080776388E-02
  0.8944467142E-02
  0.8574471638E-02
  0.6903138980E-02
  0.4752191246E-02
  0.2909040226E-02
  0.1655342973E-02
  0.9319044122E-03
  0.5812551868E-03
  0.4482407045E-03
  0.4092041246E-03
  0.3996428263E-03
  0.3985479676E-03
  0.4007607447E-03
  0.4044310577E-03
  0.4079935713E-03
  0.4118136749E-03
  0.4172528357E-03
  0.4247664154E-03
  0.4342658858E-03
  0.4456905602E-03
  0.4591170121E-03
  0.4747249975E-03
  0.4927692805E-03
  0.5135738576E-03
  0.5375396395E-03
  0.5651612501E-03
  0.5970513002E-03
  0.6339736972E-03
  0.6768891149E-03
  0.7270179587E-03
  0.7859280824E-03
  0.8556599988E-03
  0.9389085041E-03
  0.1039290360E-02
  0.1161752463E-02
  0.1313203651E-02
  0.1503526827E-02
  0.1747249581E-02
  0.2066398857E-02
  0.2495558663E-02
  0.3091145175E-02
  0.3948795691E-02
  0.5235146119E-02
  0.7233855923E-02
  0.1032319535E-01
  0.1442968593E-01
  0.1763541836E-01
  0.1718297242E-01
  0.1337508546E-01
  0.8779414340E-02
  0.5127834810E-02
  0.2772044467E-02
  0.1431149434E-02
  0.7349821217E-03
  0.4061095867E-03
  0.2669121361E-03
  0.2088380186E-03
  0.1780301553E-03
  0.1558577516E-03
  0.1373389861E-03
  0.1211987254E-03
  0.1070064609E-03
  0.9451151827E-04
  0.8350919603E-04
  0.7381838190E-04
  0.6527851752E-04
  0.5774840180E-04
  0.5110451594E-04
  0.4523904621E-04
  0.4005791081E-04
  0.3547895033E-04
  0.3143033263E-04
  0.2784917201E-04
  0.2565291915E-04
  0.2273639129E-04
  0.2015434346E-04
  0.1786779230E-04
  0.1584243516E-04
  0.1404805673E-04
  0.1245801821E-04
  0.1104881607E-04
  0.9799699747E-05
  0.8692338646E-05
  0.7710529737E-05
  0.6839954634E-05
  0.6305059448E-05
  0.5593627025E-05
  0.4962582519E-05
  0.4402869332E-05
  0.3906340326E-05
  0.3465955538E-05
  0.3075281072E-05
  0.2728693767E-05
  0.2421208100E-05
  0.2148404155E-05
  0.1906363305E-05
  0.1691611095E-05
  0.1501066618E-05
  0.1331997707E-05
  0.1181981275E-05
  0.1048868201E-05
  0.9307522239E-06
  0.8259424117E-06
  0.7329387629E-06
  0.6504105812E-06
  0.5771773304E-06
  0.5121916585E-06
  0.4545243198E-06
  0.4033508458E-06
  0.3579397356E-06
  0.3176419335E-06
  0.2818815222E-06
  0.2501474860E-06
  0.2219863919E-06
  0.1969958941E-06
  0.1748189586E-06
  0.1551387768E-06
  0.1376742167E-06
  0.1221758124E-06
  0.1084221969E-06
  0.9621692029E-07
  0.8538566391E-07
  0.7577373873E-07
  0.6724386626E-07
  0.5967423063E-07
  0.5295672247E-07
  0.4699541547E-07
  0.4170518686E-07
  0.3701048362E-07
  0.3284426562E-07
  0.2914703934E-07
  0.2586600583E-07
  0.2295431577E-07
  0.2037039659E-07
  0.1807734596E-07
  0.1604238140E-07
  0.1423655010E-07
  0.1263398697E-07
  0.1121181403E-07
  0.9949729868E-08
