  0.3999985926E+00
  0.3058760757E+00
  0.2222816523E+00
  0.1461893500E+00
  0.1722900211E+00
  0.1367401453E+00
  0.2777032903E+00
  0.5279201181E+00
  0.7609443280E+00
  0.1146170911E+01
  0.1484949398E+01
  0.1644349620E+01
  0.1528116097E+01
  0.1248564628E+01
  0.9786464114E+00
  0.7694304611E+00
  0.5949286789E+00
  0.4383588073E+00
  0.3051111301E+00
  0.2320030458E+00
  0.1779785515E+00
  0.1378096613E+00
  0.9950154768E-01
  0.7752300481E-01
  0.6268604190E-01
  0.5165403984E-01
  0.4617851187E-01
  0.4302513061E-01
  0.4450257428E-01
  0.5480597520E-01
  0.7077269043E-01
  0.7901675471E-01
  0.7709655342E-01
  0.6820341711E-01
  0.5673699344E-01
  0.4529707880E-01
  0.3757296584E-01
  0.3042313312E-01
  0.2349079904E-01
  0.2150747404E-01
  0.2466945069E-01
  0.3001450789E-01
  0.3416474610E-01
  0.3498811375E-01
  0.3174723627E-01
  0.2582174090E-01
  0.1931384494E-01
  0.1650643823E-01
  0.1948457197E-01
  0.2364151436E-01
  0.2923595461E-01
  0.3605336357E-01
  0.4260099054E-01
  0.4594670737E-01
  0.4050652445E-01
  0.2878067318E-01
  0.1748012927E-01
  0.1062232724E-01
  0.1379942147E-01
  0.1653136994E-01
  0.2025780297E-01
  0.2155275194E-01
  0.1883869669E-01
  0.1513305349E-01
  0.1181326389E-01
  0.8814079002E-02
  0.7572123084E-02
  0.9451512510E-02
  0.1214305812E-01
  0.1552280886E-01
  0.1839637185E-01
  0.1864772329E-01
  0.1565240569E-01
  0.1114843372E-01
  0.7064515879E-02
  0.6237891146E-02
  0.6672639325E-02
  0.7296814293E-02
  0.8178736608E-02
  0.9421466638E-02
  0.1117448890E-01
  0.1362383642E-01
  0.1576076701E-01
  0.1819172016E-01
  0.2070173717E-01
  0.2300431009E-01
  0.2213365818E-01
  0.1786083170E-01
  0.1229690232E-01
  0.7489108421E-02
  0.4172688268E-02
  0.2181001434E-02
  0.1088227123E-02
  0.5379863397E-03
  0.5309462719E-03
  0.5262649775E-03
  0.5237949744E-03
  0.5234342639E-03
  0.5251218034E-03
  0.5288345675E-03
  0.5345860256E-03
  0.5424259470E-03
  0.5524415237E-03
  0.5647598851E-03
  0.5795521224E-03
  0.5970392661E-03
  0.6175001961E-03
  0.6412824405E-03
  0.6688167304E-03
  0.7006357489E-03
  0.7373994415E-03
  0.7799286935E-03
  0.8292506903E-03
  0.8866606607E-03
  0.9538073829E-03
  0.1032812448E-02
  0.1126440457E-02
  0.1238345953E-02
  0.1373437233E-02
  0.1538430702E-02
  0.1744824755E-02
  0.2010085275E-02
  0.2352457970E-02
  0.2804993552E-02
  0.3420371573E-02
  0.4286119512E-02
  0.5554087784E-02
  0.7497104280E-02
  0.1060097863E-01
  0.1557371423E-01
  0.2248931708E-01
  0.2825910577E-01
  0.2797876346E-01
  0.2190193885E-01
  0.1437287454E-01
  0.8366825402E-02
  0.4493303565E-02
  0.2310681231E-02
  0.1139884541E-02
  0.5445675569E-03
  0.3384925408E-03
  0.2984048066E-03
  0.2634121094E-03
  0.2327189586E-03
  0.2057236621E-03
  0.1819423923E-03
  0.1609705777E-03
  0.1424623103E-03
  0.1261183357E-03
  0.1116781461E-03
  0.9891418737E-04
  0.8762727692E-04
  0.7764280815E-04
  0.6880753963E-04
  0.6098684223E-04
  0.5406232803E-04
  0.4792980133E-04
  0.4249748456E-04
  0.3916404737E-04
  0.3472978803E-04
  0.3080042015E-04
  0.2731771587E-04
  0.2423040254E-04
  0.2149323274E-04
  0.1906622623E-04
  0.1691403022E-04
  0.1500536718E-04
  0.1331255413E-04
  0.1181107733E-04
  0.1047924708E-04
  0.9660669678E-05
  0.8571920338E-05
  0.7605738479E-05
  0.6748605520E-05
  0.5987978149E-05
  0.5313431800E-05
  0.4714890616E-05
  0.4183802171E-05
  0.3712564998E-05
  0.3294430537E-05
  0.2923410413E-05
  0.2594191870E-05
  0.2302061805E-05
  0.2042839154E-05
  0.1812814733E-05
  0.1608697929E-05
  0.1427569331E-05
  0.1266838811E-05
  0.1124208317E-05
  0.9976388708E-06
  0.8853213577E-06
  0.7856505667E-06
  0.6972021270E-06
  0.6187121909E-06
  0.5490593390E-06
  0.4872484332E-06
  0.4323964409E-06
  0.3837197881E-06
  0.3405231761E-06
  0.3021896021E-06
  0.2681715171E-06
  0.2379830788E-06
  0.2111930945E-06
  0.1874189893E-06
  0.1663212182E-06
  0.1475984775E-06
  0.1309833955E-06
  0.1162387085E-06
  0.1031538408E-06
  0.9154195264E-07
  0.8123719148E-07
  0.7209244951E-07
  0.6397713942E-07
  0.5677535090E-07
  0.5038427069E-07
  0.4471261790E-07
  0.3967941511E-07
  0.3521278919E-07
  0.3124897797E-07
  0.2773135725E-07
  0.2460959752E-07
  0.2183946397E-07
  0.1938105899E-07
  0.1719938006E-07
  0.1526327975E-07
