   0.3231765392E+01
   0.2382522720E+01
   0.1612047378E+01
   0.9973160807E+00
   0.5906603316E+00
   0.4642955602E+00
   0.4225963466E+00
   0.3925201806E+00
   0.3734970825E+00
   0.3603791776E+00
   0.3468804541E+00
   0.3326297577E+00
   0.3175410264E+00
   0.3020515954E+00
   0.2868081463E+00
   0.2722378740E+00
   0.2585115331E+00
   0.2456569645E+00
   0.2287672512E+00
   0.2177742733E+00
   0.2074763239E+00
   0.1978185303E+00
   0.1887629818E+00
   0.1769407637E+00
   0.1693019051E+00
   0.1622712531E+00
   0.1558309562E+00
   0.1499530711E+00
   0.1425850019E+00
   0.1361609270E+00
   0.1305702050E+00
   0.1240622402E+00
   0.1186727443E+00
   0.1142103116E+00
   0.1105106917E+00
   0.1074268684E+00
   0.1048415328E+00
   0.1026776261E+00
   0.1008825230E+00
   0.9940631606E-01
   0.9819542497E-01
   0.9719559882E-01
   0.9635685298E-01
   0.9563766782E-01
   0.9500976110E-01
   0.9445913107E-01
   0.9398016581E-01
   0.9356817571E-01
   0.9321606968E-01
   0.9291658628E-01
   0.9266578373E-01
   0.9245255351E-01
   0.9226462732E-01
   0.9209106936E-01
   0.9192391348E-01
   0.9169799203E-01
   0.9148703137E-01
   0.9129858140E-01
   0.9113132225E-01
   0.9097259336E-01
   0.9085720373E-01
   0.9068190174E-01
   0.9048829692E-01
   0.9027902329E-01
   0.9012323622E-01
   0.8990700229E-01
   0.8970293294E-01
   0.8952411795E-01
   0.8937730647E-01
   0.8925905741E-01
   0.8915692574E-01
   0.8905672054E-01
   0.8895173967E-01
   0.8884469451E-01
   0.8874229017E-01
   0.8865102295E-01
   0.8857525386E-01
   0.8851647994E-01
   0.8847300461E-01
   0.8844119422E-01
   0.8841732784E-01
   0.8839817478E-01
   0.8838064080E-01
   0.8836767895E-01
   0.8835344908E-01
   0.8833723189E-01
   0.8830855775E-01
   0.8827296879E-01
   0.8823335120E-01
   0.8819464300E-01
   0.8816057054E-01
   0.8813258638E-01
   0.8811055819E-01
   0.8809363058E-01
   0.8808076804E-01
   0.8807094632E-01
   0.8806324448E-01
   0.8805671554E-01
   0.8805026240E-01
   0.8804304743E-01
   0.8803563170E-01
   0.8802961946E-01
   0.8802583912E-01
   0.8802382082E-01
   0.8802274156E-01
   0.8802209183E-01
   0.8802163727E-01
   0.8802128427E-01
   0.8802099371E-01
   0.8802074344E-01
   0.8802051849E-01
   0.8802030776E-01
   0.8802010244E-01
   0.8801989511E-01
   0.8801967898E-01
   0.8801944735E-01
   0.8801920472E-01
   0.8801893010E-01
   0.8801861104E-01
   0.8801823456E-01
   0.8801778247E-01
   0.8801722843E-01
   0.8801653318E-01
   0.8801563598E-01
   0.8801443873E-01
   0.8801277474E-01
   0.8801034313E-01
   0.8800656035E-01
   0.8800019691E-01
   0.8798843358E-01
   0.8796450625E-01
   0.8791404569E-01
   0.8781943735E-01
   0.8768149624E-01
   0.8752509421E-01
   0.8737648161E-01
   0.8724953521E-01
   0.8714756441E-01
   0.8706851800E-01
   0.8700850121E-01
   0.8696348481E-01
   0.8692996086E-01
   0.8690510084E-01
   0.8688671179E-01
   0.8687312963E-01
   0.8686310678E-01
   0.8685571443E-01
   0.8685026394E-01
   0.8684624594E-01
   0.8684328426E-01
   0.8684110129E-01
   0.8683949232E-01
   0.8683830639E-01
   0.8683743224E-01
   0.8683678788E-01
   0.8683631287E-01
   0.8683596267E-01
   0.8683570446E-01
   0.8683551406E-01
   0.8683540407E-01
   0.8683529250E-01
   0.8683521019E-01
   0.8683516793E-01
   0.8683516736E-01
   0.8683516687E-01
   0.8683516644E-01
   0.8683516607E-01
   0.8683516574E-01
   0.8683516546E-01
   0.8683516520E-01
   0.8683516499E-01
   0.8683516484E-01
   0.8683516467E-01
   0.8683516452E-01
   0.8683516438E-01
   0.8683516425E-01
   0.8683516415E-01
   0.8683516405E-01
   0.8683516397E-01
   0.8683516390E-01
   0.8683516383E-01
   0.8683516378E-01
   0.8683516372E-01
   0.8683516368E-01
   0.8683516364E-01
   0.8683516360E-01
   0.8683516357E-01
   0.8683516354E-01
   0.8683516352E-01
   0.8683516350E-01
   0.8683516348E-01
   0.8683516346E-01
   0.8683516345E-01
   0.8683516343E-01
   0.8683516342E-01
   0.8683516341E-01
   0.8683516340E-01
   0.8683516339E-01
   0.8683516338E-01
   0.8683516338E-01
   0.8683516337E-01
   0.8683516337E-01
   0.8683516336E-01
   0.8683516336E-01
   0.8683516335E-01
   0.8683516335E-01
   0.8683516335E-01
   0.8683516334E-01
   0.8683516334E-01
   0.8683516334E-01
   0.8683516334E-01
   0.8683516334E-01
   0.8683516333E-01
   0.8683516333E-01
   0.8683516333E-01
   0.8683516333E-01
   0.8683516333E-01
   0.8683516333E-01
   0.8683516333E-01
   0.8683516333E-01
   0.8683516333E-01
   0.8683516333E-01
   0.8683516333E-01
   0.8683516333E-01
   0.8683516333E-01
   0.8683516333E-01
