   0.3231652035E+01
   0.2382240010E+01
   0.1611136765E+01
   0.9934971461E+00
   0.5723636963E+00
   0.4259941650E+00
   0.3720650876E+00
   0.3336938492E+00
   0.3118725940E+00
   0.2983351457E+00
   0.2858557990E+00
   0.2739200021E+00
   0.2621475918E+00
   0.2503717146E+00
   0.2386448036E+00
   0.2271219483E+00
   0.2159557524E+00
   0.2052559703E+00
   0.1911169660E+00
   0.1816587570E+00
   0.1727597664E+00
   0.1643972826E+00
   0.1565455760E+00
   0.1463570800E+00
   0.1396273626E+00
   0.1333755804E+00
   0.1275921531E+00
   0.1222631509E+00
   0.1155447575E+00
   0.1096070786E+00
   0.1043872862E+00
   0.9829157272E-01
   0.9320576646E-01
   0.8897431970E-01
   0.8545733612E-01
   0.8252966727E-01
   0.8008498319E-01
   0.7804090830E-01
   0.7633656412E-01
   0.7492228855E-01
   0.7375261055E-01
   0.7278386838E-01
   0.7197547313E-01
   0.7129219979E-01
   0.7070657744E-01
   0.7019989549E-01
   0.6976056145E-01
   0.6938081123E-01
   0.6905398542E-01
   0.6877449592E-01
   0.6853981152E-01
   0.6834095299E-01
   0.6816836216E-01
   0.6801359137E-01
   0.6786962365E-01
   0.6768189294E-01
   0.6750170380E-01
   0.6733383000E-01
   0.6717962159E-01
   0.6703360710E-01
   0.6692892912E-01
   0.6678019019E-01
   0.6662087015E-01
   0.6645143450E-01
   0.6632364734E-01
   0.6614882278E-01
   0.6597925916E-01
   0.6582408677E-01
   0.6568960625E-01
   0.6557617257E-01
   0.6547813121E-01
   0.6538730855E-01
   0.6529781981E-01
   0.6520874681E-01
   0.6512285385E-01
   0.6504409297E-01
   0.6497578441E-01
   0.6491983749E-01
   0.6487596373E-01
   0.6484215590E-01
   0.6481587728E-01
   0.6479458017E-01
   0.6477578885E-01
   0.6476260415E-01
   0.6474903576E-01
   0.6473438460E-01
   0.6471063677E-01
   0.6468267526E-01
   0.6465190713E-01
   0.6462097077E-01
   0.6459241137E-01
   0.6456775938E-01
   0.6454748333E-01
   0.6453132661E-01
   0.6451867910E-01
   0.6450877889E-01
   0.6450087398E-01
   0.6449418932E-01
   0.6448790385E-01
   0.6448138851E-01
   0.6447477678E-01
   0.6446889000E-01
   0.6446440769E-01
   0.6446136404E-01
   0.6445939168E-01
   0.6445809183E-01
   0.6445716219E-01
   0.6445642507E-01
   0.6445578732E-01
   0.6445519782E-01
   0.6445462672E-01
   0.6445405463E-01
   0.6445346723E-01
   0.6445285252E-01
   0.6445219911E-01
   0.6445149518E-01
   0.6445073922E-01
   0.6444990304E-01
   0.6444896534E-01
   0.6444790226E-01
   0.6444668204E-01
   0.6444526136E-01
   0.6444357964E-01
   0.6444154957E-01
   0.6443904087E-01
   0.6443585083E-01
   0.6443164817E-01
   0.6442585900E-01
   0.6441742070E-01
   0.6440423041E-01
   0.6438199251E-01
   0.6434280434E-01
   0.6427720944E-01
   0.6418305433E-01
   0.6407064747E-01
   0.6395567375E-01
   0.6385038004E-01
   0.6376088018E-01
   0.6368847964E-01
   0.6363179557E-01
   0.6358835914E-01
   0.6355553591E-01
   0.6353095421E-01
   0.6351264874E-01
   0.6349906474E-01
   0.6348900548E-01
   0.6348156512E-01
   0.6347606499E-01
   0.6347199981E-01
   0.6346899486E-01
   0.6346677286E-01
   0.6346512896E-01
   0.6346391190E-01
   0.6346301006E-01
   0.6346234108E-01
   0.6346184420E-01
   0.6346147457E-01
   0.6346119912E-01
   0.6346099340E-01
   0.6346087398E-01
   0.6346074988E-01
   0.6346065644E-01
   0.6346060430E-01
   0.6346059496E-01
   0.6346058669E-01
   0.6346057935E-01
   0.6346057284E-01
   0.6346056707E-01
   0.6346056195E-01
   0.6346055741E-01
   0.6346055338E-01
   0.6346055090E-01
   0.6346054761E-01
   0.6346054469E-01
   0.6346054210E-01
   0.6346053980E-01
   0.6346053776E-01
   0.6346053595E-01
   0.6346053434E-01
   0.6346053291E-01
   0.6346053165E-01
   0.6346053053E-01
   0.6346052953E-01
   0.6346052865E-01
   0.6346052786E-01
   0.6346052716E-01
   0.6346052655E-01
   0.6346052600E-01
   0.6346052551E-01
   0.6346052508E-01
   0.6346052469E-01
   0.6346052435E-01
   0.6346052405E-01
   0.6346052378E-01
   0.6346052355E-01
   0.6346052333E-01
   0.6346052315E-01
   0.6346052298E-01
   0.6346052283E-01
   0.6346052270E-01
   0.6346052258E-01
   0.6346052248E-01
   0.6346052239E-01
   0.6346052231E-01
   0.6346052224E-01
   0.6346052217E-01
   0.6346052211E-01
   0.6346052206E-01
   0.6346052202E-01
   0.6346052198E-01
   0.6346052194E-01
   0.6346052191E-01
   0.6346052188E-01
   0.6346052186E-01
   0.6346052184E-01
   0.6346052182E-01
   0.6346052180E-01
   0.6346052179E-01
   0.6346052177E-01
   0.6346052176E-01
   0.6346052175E-01
   0.6346052174E-01
   0.6346052173E-01
   0.6346052172E-01
   0.6346052172E-01
   0.6346052171E-01
