           1          35  ! dim kernel, size kernel=matrix ncol 
   1.0000000000000000     
   1.0000000000000000     
   1.0000000000000000     
   1.0000000000000000     
   1.0000000000000000     
   1.0000000000000000     
   1.0000000000000000     
   1.0000000000000000     
   1.0000000000000000     
   1.0000000000000000     
   1.0000000000000000     
   1.0000000000000000     
   1.0000000000000000     
   1.0000000000000000     
   1.0000000000000000     
   1.0000000000000000     
   1.0000000000000000     
   1.0000000000000000     
   1.0000000000000000     
   1.0000000000000000     
   1.0000000000000000     
   1.0000000000000000     
   1.0000000000000000     
   1.0000000000000000     
   1.0000000000000000     
   1.0000000000000000     
   1.0000000000000000     
   1.0000000000000000     
   1.0000000000000000     
   1.0000000000000000     
   1.0000000000000000     
   1.0000000000000000     
   1.0000000000000000     
   1.0000000000000000     
   1.0000000000000000     
