  0.2739000000E-02
  0.1522700000E-01
  0.3662100000E-01
  0.6195700000E-01
  0.8300700000E-01
  0.9814200000E-01
  0.1255130000E+00
  0.1469250000E+00
  0.1600470000E+00
  0.1733780000E+00
  0.1868340000E+00
  0.2006110000E+00
  0.2131460000E+00
  0.2276820000E+00
  0.2409990000E+00
  0.2561050000E+00
  0.2691280000E+00
  0.2823990000E+00
  0.2958750000E+00
  0.3090440000E+00
  0.3222060000E+00
  0.3368990000E+00
  0.3508980000E+00
  0.3643900000E+00
  0.3771630000E+00
  0.3899250000E+00
  0.4062160000E+00
  0.4183790000E+00
  0.4309250000E+00
  0.4445890000E+00
  0.4580550000E+00
  0.4667450000E+00
  0.4779410000E+00
  0.4871030000E+00
  0.4962490000E+00
  0.5104760000E+00
  0.5193170000E+00
  0.5284660000E+00
  0.5374440000E+00
  0.5469160000E+00
  0.5556540000E+00
  0.5643380000E+00
  0.5736670000E+00
  0.5842310000E+00
  0.5943580000E+00
  0.6037680000E+00
  0.6148350000E+00
  0.6245510000E+00
  0.6343030000E+00
  0.6445690000E+00
  0.6550800000E+00
  0.6644540000E+00
  0.6739910000E+00
  0.6830150000E+00
  0.6922880000E+00
  0.7028160000E+00
  0.7096230000E+00
  0.7175130000E+00
  0.7259530000E+00
  0.7330360000E+00
  0.7397950000E+00
  0.7467720000E+00
  0.7537950000E+00
  0.7613190000E+00
  0.7684290000E+00
  0.7749540000E+00
  0.7815370000E+00
  0.7903730000E+00
  0.7973080000E+00
  0.8044510000E+00
  0.8114760000E+00
  0.8184520000E+00
  0.8252730000E+00
  0.8319600000E+00
  0.8387710000E+00
  0.8455130000E+00
  0.8524530000E+00
  0.8592540000E+00
  0.8658870000E+00
  0.8726880000E+00
  0.8793090000E+00
  0.8868350000E+00
  0.8922940000E+00
  0.8979810000E+00
  0.9036090000E+00
  0.9089820000E+00
  0.9142260000E+00
  0.9203270000E+00
  0.9268400000E+00
  0.9322560000E+00
  0.9376530000E+00
  0.9431440000E+00
  0.9488700000E+00
  0.9553900000E+00
  0.9607380000E+00
  0.9660190000E+00
  0.9712540000E+00
  0.9764970000E+00
  0.9817600000E+00
  0.9873480000E+00
  0.9929920000E+00
  0.9980840000E+00
  0.1003196000E+01
  0.1008265000E+01
  0.1013401000E+01
  0.1019601000E+01
  0.1026501000E+01
  0.1031748000E+01
  0.1037134000E+01
  0.1042863000E+01
  0.1049600000E+01
  0.1056200000E+01
  0.1061357000E+01
  0.1066579000E+01
  0.1072121000E+01
  0.1077357000E+01
  0.1082663000E+01
  0.1087907000E+01
  0.1093766000E+01
  0.1100129000E+01
  0.1105487000E+01
  0.1110686000E+01
  0.1116563000E+01
  0.1122266000E+01
  0.1127474000E+01
