   0.7115519885E+00
   0.6654019745E+00
   0.5633496093E+00
   0.4718072991E+00
   0.4110578413E+00
   0.3617743921E+00
   0.3340903254E+00
   0.3118598883E+00
   0.2928394752E+00
   0.2757379499E+00
   0.2597305715E+00
   0.2447200403E+00
   0.2309533836E+00
   0.2186324955E+00
   0.2042594272E+00
   0.1923449290E+00
   0.1821709968E+00
   0.1733640814E+00
   0.1658593875E+00
   0.1596257857E+00
   0.1544385991E+00
   0.1499785178E+00
   0.1460179768E+00
   0.1424275728E+00
   0.1392114836E+00
   0.1363983589E+00
   0.1339214475E+00
   0.1317043281E+00
   0.1297147826E+00
   0.1280176804E+00
   0.1265866817E+00
   0.1253561358E+00
   0.1243101519E+00
   0.1234329738E+00
   0.1227030572E+00
   0.1220987948E+00
   0.1216056336E+00
   0.1212270298E+00
   0.1209157361E+00
   0.1206422450E+00
   0.1203985095E+00
   0.1201814287E+00
   0.1199884613E+00
   0.1197587591E+00
   0.1195609672E+00
   0.1193891387E+00
   0.1192332816E+00
   0.1190858328E+00
   0.1189464436E+00
   0.1188195088E+00
   0.1187093347E+00
   0.1186182936E+00
   0.1185469340E+00
   0.1184936519E+00
   0.1184550954E+00
   0.1184275209E+00
   0.1184077406E+00
   0.1183933575E+00
   0.1183826909E+00
   0.1183746021E+00
   0.1183683283E+00
   0.1183633565E+00
   0.1183593492E+00
   0.1183560692E+00
   0.1183533536E+00
   0.1183510811E+00
   0.1183491652E+00
   0.1183475436E+00
   0.1183461618E+00
   0.1183449800E+00
   0.1183439665E+00
   0.1183430954E+00
   0.1183423486E+00
   0.1183417050E+00
   0.1183411487E+00
   0.1183406676E+00
   0.1183402511E+00
   0.1183398906E+00
   0.1183395782E+00
   0.1183393075E+00
   0.1183390727E+00
   0.1183388691E+00
   0.1183386924E+00
   0.1183385390E+00
   0.1183384059E+00
   0.1183382903E+00
   0.1183381898E+00
   0.1183381025E+00
   0.1183380266E+00
   0.1183379607E+00
   0.1183379033E+00
   0.1183378534E+00
   0.1183378100E+00
   0.1183377723E+00
   0.1183377394E+00
   0.1183377109E+00
   0.1183376860E+00
   0.1183376643E+00
   0.1183376454E+00
   0.1183376290E+00
   0.1183376147E+00
   0.1183376022E+00
   0.1183375914E+00
   0.1183375819E+00
   0.1183375737E+00
   0.1183375665E+00
   0.1183375602E+00
   0.1183375547E+00
   0.1183375500E+00
   0.1183375458E+00
   0.1183375422E+00
   0.1183375390E+00
   0.1183375363E+00
   0.1183375339E+00
   0.1183375318E+00
   0.1183375299E+00
   0.1183375283E+00
   0.1183375269E+00
   0.1183375257E+00
   0.1183375247E+00
   0.1183375237E+00
   0.1183375229E+00
   0.1183375222E+00
   0.1183375216E+00
   0.1183375210E+00
