   0.1552607442E-01
   0.3276517262E-01
   0.6628102710E-01
   0.8977483681E-01
   0.1007161190E+00
   0.1053516118E+00
   0.1063450192E+00
   0.1056047249E+00
   0.1037532331E+00
   0.1012578593E+00
   0.9845119535E-01
   0.9560392475E-01
   0.9292585756E-01
   0.9053236909E-01
   0.8750202501E-01
   0.8523028001E-01
   0.8348553854E-01
   0.8207577545E-01
   0.8091789221E-01
   0.7999368415E-01
   0.7929455755E-01
   0.7878417114E-01
   0.7839749217E-01
   0.7806140121E-01
   0.7772311220E-01
   0.7735618709E-01
   0.7697386891E-01
   0.7662786811E-01
   0.7635947522E-01
   0.7616227932E-01
   0.7600440761E-01
   0.7586598959E-01
   0.7574786365E-01
   0.7565387033E-01
   0.7558034040E-01
   0.7552192856E-01
   0.7547465472E-01
   0.7543340353E-01
   0.7539407793E-01
   0.7535720579E-01
   0.7532489342E-01
   0.7529722004E-01
   0.7527380936E-01
   0.7524858064E-01
   0.7523427485E-01
   0.7522585100E-01
   0.7521604109E-01
   0.7519869226E-01
   0.7517589421E-01
   0.7515541878E-01
   0.7514195530E-01
   0.7513573283E-01
   0.7513474742E-01
   0.7513654054E-01
   0.7513925471E-01
   0.7514191323E-01
   0.7514417677E-01
   0.7514601407E-01
   0.7514749498E-01
   0.7514869989E-01
   0.7514969370E-01
   0.7515052372E-01
   0.7515122371E-01
   0.7515181819E-01
   0.7515232554E-01
   0.7515276003E-01
   0.7515313304E-01
   0.7515345383E-01
   0.7515373011E-01
   0.7515396829E-01
   0.7515417383E-01
   0.7515435134E-01
   0.7515450472E-01
   0.7515463735E-01
   0.7515475209E-01
   0.7515485140E-01
   0.7515493739E-01
   0.7515501188E-01
   0.7515507642E-01
   0.7515513238E-01
   0.7515518089E-01
   0.7515522298E-01
   0.7515525943E-01
   0.7515529113E-01
   0.7515531865E-01
   0.7515534253E-01
   0.7515536327E-01
   0.7515538129E-01
   0.7515539694E-01
   0.7515541054E-01
   0.7515542235E-01
   0.7515543262E-01
   0.7515544155E-01
   0.7515544931E-01
   0.7515545606E-01
   0.7515546193E-01
   0.7515546704E-01
   0.7515547148E-01
   0.7515547535E-01
   0.7515547871E-01
   0.7515548164E-01
   0.7515548418E-01
   0.7515548640E-01
   0.7515548833E-01
   0.7515549001E-01
   0.7515549147E-01
   0.7515549275E-01
   0.7515549386E-01
   0.7515549482E-01
   0.7515549567E-01
   0.7515549640E-01
   0.7515549704E-01
   0.7515549759E-01
   0.7515549808E-01
   0.7515549850E-01
   0.7515549887E-01
   0.7515549919E-01
   0.7515549947E-01
   0.7515549972E-01
   0.7515549993E-01
   0.7515550012E-01
   0.7515550028E-01
   0.7515550042E-01
   0.7515550055E-01
   0.7515550065E-01
