   0.7134501117E+01
   0.2581874714E+01
   0.1146910201E+01
   0.8204253827E+00
   0.6777783225E+00
   0.5699817301E+00
   0.5530303617E+00
   0.5713611829E+00
   0.6275244602E+00
   0.7036692522E+00
   0.7925318346E+00
   0.8837452010E+00
   0.9764810133E+00
   0.1070703693E+01
   0.1216685502E+01
   0.1378955227E+01
   0.1514864232E+01
   0.1621837602E+01
   0.1703305892E+01
   0.1766867264E+01
   0.1827882136E+01
   0.1884938412E+01
   0.1941393471E+01
   0.1999227978E+01
   0.2065907367E+01
   0.2130851152E+01
   0.2193910416E+01
   0.2257431983E+01
   0.2312662509E+01
   0.2357125736E+01
   0.2391900157E+01
   0.2418728951E+01
   0.2439258001E+01
   0.2454899429E+01
   0.2466829602E+01
   0.2475952482E+01
   0.2482921296E+01
   0.2488205065E+01
   0.2492185616E+01
   0.2495188326E+01
   0.2497472338E+01
   0.2499226859E+01
   0.2500586389E+01
   0.2502034794E+01
   0.2503117303E+01
   0.2503992064E+01
   0.2504738434E+01
   0.2505326282E+01
   0.2505683926E+01
   0.2505817644E+01
   0.2505804543E+01
   0.2505727354E+01
   0.2505642056E+01
   0.2505576291E+01
   0.2505538202E+01
   0.2505525530E+01
   0.2505531998E+01
   0.2505550881E+01
   0.2505576566E+01
   0.2505604967E+01
   0.2505633397E+01
   0.2505660263E+01
   0.2505684739E+01
   0.2505706502E+01
   0.2505725537E+01
   0.2505741999E+01
   0.2505756129E+01
   0.2505768195E+01
   0.2505778466E+01
   0.2505787194E+01
   0.2505794604E+01
   0.2505800897E+01
   0.2505806242E+01
   0.2505810787E+01
   0.2505814657E+01
   0.2505817956E+01
   0.2505820774E+01
   0.2505823185E+01
   0.2505825251E+01
   0.2505827026E+01
   0.2505828552E+01
   0.2505829867E+01
   0.2505831003E+01
   0.2505831985E+01
   0.2505832837E+01
   0.2505833575E+01
   0.2505834218E+01
   0.2505834777E+01
   0.2505835265E+01
   0.2505835690E+01
   0.2505836063E+01
   0.2505836389E+01
   0.2505836674E+01
   0.2505836925E+01
   0.2505837145E+01
   0.2505837339E+01
   0.2505837509E+01
   0.2505837659E+01
   0.2505837791E+01
   0.2505837908E+01
   0.2505838011E+01
   0.2505838102E+01
   0.2505838182E+01
   0.2505838253E+01
   0.2505838316E+01
   0.2505838372E+01
   0.2505838421E+01
   0.2505838465E+01
   0.2505838503E+01
   0.2505838538E+01
   0.2505838568E+01
   0.2505838595E+01
   0.2505838619E+01
   0.2505838640E+01
   0.2505838659E+01
   0.2505838676E+01
   0.2505838691E+01
   0.2505838704E+01
   0.2505838716E+01
   0.2505838726E+01
   0.2505838735E+01
   0.2505838744E+01
   0.2505838751E+01
   0.2505838757E+01
   0.2505838763E+01
