   0.1132804854E+02
   0.8538261944E+01
   0.6359197244E+01
   0.5363479449E+01
   0.4823502090E+01
   0.4379253064E+01
   0.4098673742E+01
   0.3843761901E+01
   0.3609589432E+01
   0.3392942924E+01
   0.3191737920E+01
   0.3005165500E+01
   0.2833252830E+01
   0.2676063159E+01
   0.2481435716E+01
   0.2313526857E+01
   0.2169374559E+01
   0.2045467454E+01
   0.1939076174E+01
   0.1848255921E+01
   0.1771340709E+01
   0.1706474933E+01
   0.1651551873E+01
   0.1604416834E+01
   0.1563242831E+01
   0.1526648080E+01
   0.1493847146E+01
   0.1464749512E+01
   0.1439498656E+01
   0.1417946036E+01
   0.1399571410E+01
   0.1383810214E+01
   0.1370311232E+01
   0.1358840494E+01
   0.1349141738E+01
   0.1340957956E+01
   0.1334064103E+01
   0.1328246710E+01
   0.1323289677E+01
   0.1319034824E+01
   0.1315380565E+01
   0.1312243141E+01
   0.1309600170E+01
   0.1306686621E+01
   0.1304372752E+01
   0.1302507930E+01
   0.1300916502E+01
   0.1299430651E+01
   0.1298001962E+01
   0.1296696613E+01
   0.1295582125E+01
   0.1294686656E+01
   0.1294002553E+01
   0.1293493451E+01
   0.1293120837E+01
   0.1292849656E+01
   0.1292652242E+01
   0.1292507763E+01
   0.1292402184E+01
   0.1292325812E+01
   0.1292271419E+01
   0.1292231430E+01
   0.1292202935E+01
   0.1292182208E+01
   0.1292167512E+01
   0.1292156608E+01
   0.1292148463E+01
   0.1292143056E+01
   0.1292139029E+01
   0.1292135985E+01
   0.1292133674E+01
   0.1292131912E+01
   0.1292131196E+01
   0.1292130867E+01
   0.1292130586E+01
   0.1292130344E+01
   0.1292130135E+01
   0.1292129956E+01
   0.1292129801E+01
   0.1292129667E+01
   0.1292129551E+01
   0.1292129450E+01
   0.1292129362E+01
   0.1292129286E+01
   0.1292129220E+01
   0.1292129162E+01
   0.1292129112E+01
   0.1292129068E+01
   0.1292129030E+01
   0.1292128997E+01
   0.1292128968E+01
   0.1292128942E+01
   0.1292128920E+01
   0.1292128900E+01
   0.1292128883E+01
   0.1292128868E+01
   0.1292128855E+01
   0.1292128844E+01
   0.1292128833E+01
   0.1292128825E+01
   0.1292128817E+01
   0.1292128810E+01
   0.1292128804E+01
   0.1292128799E+01
   0.1292128794E+01
   0.1292128790E+01
   0.1292128787E+01
   0.1292128783E+01
   0.1292128781E+01
   0.1292128778E+01
   0.1292128776E+01
   0.1292128774E+01
   0.1292128773E+01
   0.1292128771E+01
   0.1292128770E+01
   0.1292128769E+01
   0.1292128768E+01
   0.1292128767E+01
   0.1292128766E+01
   0.1292128765E+01
   0.1292128765E+01
   0.1292128764E+01
   0.1292128764E+01
   0.1292128763E+01
   0.1292128763E+01
