   0.7426041374E+00
   0.7309323197E+00
   0.6959116635E+00
   0.6513569728E+00
   0.6124900793E+00
   0.5724776158E+00
   0.5467803639E+00
   0.5230693382E+00
   0.5003459413E+00
   0.4782536686E+00
   0.4566329622E+00
   0.4359278898E+00
   0.4168050987E+00
   0.3996972337E+00
   0.3792634773E+00
   0.3628054890E+00
   0.3491420738E+00
   0.3375156323E+00
   0.3276951719E+00
   0.3196131540E+00
   0.3130277142E+00
   0.3075468601E+00
   0.3028129612E+00
   0.2985503753E+00
   0.2946577080E+00
   0.2911107331E+00
   0.2878691853E+00
   0.2849600644E+00
   0.2824337331E+00
   0.2803422390E+00
   0.2785954970E+00
   0.2770881150E+00
   0.2758058792E+00
   0.2747407145E+00
   0.2738637381E+00
   0.2731426520E+00
   0.2725549431E+00
   0.2720938369E+00
   0.2717038920E+00
   0.2713566565E+00
   0.2710482963E+00
   0.2707758688E+00
   0.2705360800E+00
   0.2702559204E+00
   0.2700295169E+00
   0.2698408407E+00
   0.2696653637E+00
   0.2694832173E+00
   0.2692982320E+00
   0.2691303464E+00
   0.2689932453E+00
   0.2688897592E+00
   0.2688164288E+00
   0.2687667330E+00
   0.2687336048E+00
   0.2687113473E+00
   0.2686960940E+00
   0.2686853856E+00
   0.2686776809E+00
   0.2686720019E+00
   0.2686677157E+00
   0.2686644040E+00
   0.2686617966E+00
   0.2686597056E+00
   0.2686580046E+00
   0.2686566011E+00
   0.2686554312E+00
   0.2686544513E+00
   0.2686536220E+00
   0.2686529166E+00
   0.2686523142E+00
   0.2686517981E+00
   0.2686513580E+00
   0.2686509797E+00
   0.2686506529E+00
   0.2686503703E+00
   0.2686501259E+00
   0.2686499143E+00
   0.2686497311E+00
   0.2686495722E+00
   0.2686494345E+00
   0.2686493151E+00
   0.2686492113E+00
   0.2686491214E+00
   0.2686490432E+00
   0.2686489753E+00
   0.2686489164E+00
   0.2686488651E+00
   0.2686488205E+00
   0.2686487817E+00
   0.2686487480E+00
   0.2686487187E+00
   0.2686486931E+00
   0.2686486709E+00
   0.2686486516E+00
   0.2686486347E+00
   0.2686486200E+00
   0.2686486073E+00
   0.2686485961E+00
   0.2686485864E+00
   0.2686485780E+00
   0.2686485706E+00
   0.2686485642E+00
   0.2686485586E+00
   0.2686485537E+00
   0.2686485494E+00
   0.2686485457E+00
   0.2686485425E+00
   0.2686485396E+00
   0.2686485371E+00
   0.2686485350E+00
   0.2686485331E+00
   0.2686485315E+00
   0.2686485300E+00
   0.2686485288E+00
   0.2686485277E+00
   0.2686485267E+00
   0.2686485259E+00
   0.2686485252E+00
   0.2686485245E+00
   0.2686485240E+00
   0.2686485235E+00
   0.2686485230E+00
   0.2686485227E+00
   0.2686485223E+00
