   0.1000000000E+01
   0.4396427999E+00
   0.1804393441E+00
   0.1123548521E+00
   0.9142318672E-01
   0.8376218624E-01
   0.8264806969E-01
   0.8426920888E-01
   0.8787824619E-01
   0.9300441053E-01
   0.9929568081E-01
   0.1064548290E+00
   0.1142325911E+00
   0.1224120874E+00
   0.1348671989E+00
   0.1468175806E+00
   0.1576265540E+00
   0.1668820087E+00
   0.1745335746E+00
   0.1808610833E+00
   0.1862999316E+00
   0.1912962739E+00
   0.1962251182E+00
   0.2013173363E+00
   0.2066380378E+00
   0.2121183105E+00
   0.2175621958E+00
   0.2226851036E+00
   0.2272261626E+00
   0.2310469304E+00
   0.2341512016E+00
   0.2366247920E+00
   0.2385691656E+00
   0.2400852777E+00
   0.2412678755E+00
   0.2421942700E+00
   0.2429212098E+00
   0.2434895512E+00
   0.2439323812E+00
   0.2442782236E+00
   0.2445502056E+00
   0.2447656421E+00
   0.2449371179E+00
   0.2451245242E+00
   0.2452672382E+00
   0.2453850023E+00
   0.2454894805E+00
   0.2455784189E+00
   0.2456419475E+00
   0.2456785896E+00
   0.2456961823E+00
   0.2457037614E+00
   0.2457073584E+00
   0.2457099909E+00
   0.2457128235E+00
   0.2457161108E+00
   0.2457197393E+00
   0.2457234940E+00
   0.2457271761E+00
   0.2457306411E+00
   0.2457338033E+00
   0.2457366241E+00
   0.2457390986E+00
   0.2457412430E+00
   0.2457430851E+00
   0.2457446578E+00
   0.2457459949E+00
   0.2457471287E+00
   0.2457480887E+00
   0.2457489010E+00
   0.2457495883E+00
   0.2457501702E+00
   0.2457506633E+00
   0.2457510818E+00
   0.2457514373E+00
   0.2457517400E+00
   0.2457519980E+00
   0.2457522185E+00
   0.2457524071E+00
   0.2457525689E+00
   0.2457527079E+00
   0.2457528276E+00
   0.2457529308E+00
   0.2457530199E+00
   0.2457530972E+00
   0.2457531641E+00
   0.2457532223E+00
   0.2457532729E+00
   0.2457533170E+00
   0.2457533554E+00
   0.2457533891E+00
   0.2457534185E+00
   0.2457534443E+00
   0.2457534669E+00
   0.2457534868E+00
   0.2457535042E+00
   0.2457535196E+00
   0.2457535331E+00
   0.2457535451E+00
   0.2457535556E+00
   0.2457535649E+00
   0.2457535731E+00
   0.2457535803E+00
   0.2457535867E+00
   0.2457535924E+00
   0.2457535974E+00
   0.2457536019E+00
   0.2457536058E+00
   0.2457536093E+00
   0.2457536124E+00
   0.2457536151E+00
   0.2457536176E+00
   0.2457536197E+00
   0.2457536217E+00
   0.2457536234E+00
   0.2457536249E+00
   0.2457536262E+00
   0.2457536274E+00
   0.2457536285E+00
   0.2457536294E+00
   0.2457536303E+00
   0.2457536310E+00
   0.2457536317E+00
   0.2457536323E+00
   0.2457536328E+00
