   0.0000000000E+00
   0.3995117823E+00
   0.1622332095E+00
   0.5391978158E+00
   0.7607121285E+00
   0.9176145729E+00
   0.9820263254E+00
   0.1008716685E+01
   0.1088412528E+01
   0.1136975956E+01
   0.1141993066E+01
   0.1109276267E+01
   0.1053803965E+01
   0.9879216178E+00
   0.9606381436E+00
   0.9167407789E+00
   0.8767882803E+00
   0.8506103197E+00
   0.8332393444E+00
   0.8149451352E+00
   0.9077982733E+00
   0.9521189155E+00
   0.8959704186E+00
   0.7971024091E+00
   0.7086238899E+00
   0.6776711020E+00
   0.7042170013E+00
   0.7187388571E+00
   0.6781098219E+00
   0.6264667286E+00
   0.7298874722E+00
   0.8014482437E+00
   0.7722913447E+00
   0.7007020771E+00
   0.6402963528E+00
   0.6804411291E+00
   0.7369752365E+00
   0.7964247020E+00
   0.8203743839E+00
   0.7911067109E+00
   0.7347820338E+00
   0.6800577329E+00
   0.6383782020E+00
   0.6011307807E+00
   0.5833221887E+00
   0.5942634104E+00
   0.6191287435E+00
   0.6306137880E+00
   0.6171950180E+00
   0.5963299702E+00
   0.5954714400E+00
   0.5867786699E+00
   0.5726904062E+00
   0.5570899510E+00
   0.5428714479E+00
   0.5313040421E+00
   0.5225106855E+00
   0.5160877690E+00
   0.5114998997E+00
   0.5082581472E+00
   0.5059748126E+00
   0.5043632886E+00
   0.5032196039E+00
   0.5024025550E+00
   0.5021331535E+00
   0.5018851416E+00
   0.5016599333E+00
   0.5014574920E+00
   0.5012768905E+00
   0.5011166963E+00
   0.5009752285E+00
   0.5008507241E+00
   0.5007414413E+00
   0.5006457210E+00
   0.5005620205E+00
   0.5004889287E+00
   0.5004251702E+00
   0.5003696021E+00
   0.5003212071E+00
   0.5002790841E+00
   0.5002424382E+00
   0.5002105700E+00
   0.5001828386E+00
   0.5001587712E+00
   0.5001378570E+00
   0.5001196871E+00
   0.5001039045E+00
   0.5000901974E+00
   0.5000782945E+00
   0.5000679594E+00
   0.5000589863E+00
   0.5000511963E+00
   0.5000444338E+00
   0.5000385637E+00
   0.5000334683E+00
   0.5000290457E+00
   0.5000252071E+00
   0.5000218754E+00
   0.5000189839E+00
   0.5000164743E+00
   0.5000142964E+00
   0.5000124062E+00
   0.5000107659E+00
   0.5000093423E+00
   0.5000081069E+00
   0.5000070348E+00
   0.5000061045E+00
   0.5000052971E+00
   0.5000045965E+00
   0.5000039885E+00
   0.5000034609E+00
   0.5000030031E+00
   0.5000026058E+00
   0.5000022610E+00
   0.5000019619E+00
   0.5000017023E+00
   0.5000014770E+00
   0.5000012815E+00
   0.5000011119E+00
   0.5000009648E+00
   0.5000008371E+00
   0.5000007263E+00
   0.5000006301E+00
   0.5000005467E+00
   0.5000004743E+00
