   0.3348692559E+00
   0.6726845709E+00
   0.1201745755E+01
   0.1627391560E+01
   0.2120034925E+01
   0.2546339654E+01
   0.3046673993E+01
   0.3309800553E+01
   0.3424833807E+01
   0.4291532268E+01
   0.4997149097E+01
   0.5450163400E+01
   0.5680203902E+01
   0.6297253052E+01
   0.6967734839E+01
   0.7350527028E+01
   0.7503154051E+01
   0.7489903767E+01
   0.8236830491E+01
   0.8675541622E+01
   0.8815597877E+01
   0.8819222371E+01
   0.8764414365E+01
   0.8681914845E+01
   0.8583200153E+01
   0.8473511182E+01
   0.8356336304E+01
   0.8234349109E+01
   0.8109350986E+01
   0.7982156670E+01
   0.7852570209E+01
   0.7719333948E+01
   0.7579883508E+01
   0.7429662746E+01
   0.7260439054E+01
   0.7105552291E+01
   0.7099900950E+01
   0.7093275509E+01
   0.7085634787E+01
   0.7077343930E+01
   0.7069381984E+01
   0.7063485844E+01
   0.7061510539E+01
   0.7067024784E+01
   0.7077643943E+01
   0.7088407246E+01
   0.7097094452E+01
   0.7103336852E+01
   0.7107587693E+01
   0.7110475307E+01
   0.7112465249E+01
   0.7113834225E+01
   0.7114758036E+01
   0.7115365823E+01
   0.7115756771E+01
   0.7116004520E+01
   0.7116160818E+01
   0.7116260183E+01
   0.7116324665E+01
   0.7116367879E+01
   0.7116398017E+01
   0.7116419929E+01
   0.7116436468E+01
   0.7116449324E+01
   0.7116459523E+01
   0.7116467713E+01
   0.7116474331E+01
   0.7116479686E+01
   0.7116484014E+01
   0.7116487502E+01
   0.7116490302E+01
   0.7116492540E+01
   0.7116494319E+01
   0.7116495728E+01
   0.7116496836E+01
   0.7116497704E+01
   0.7116498379E+01
   0.7116498902E+01
   0.7116499303E+01
   0.7116499609E+01
   0.7116499840E+01
   0.7116500013E+01
   0.7116500140E+01
   0.7116500231E+01
   0.7116500296E+01
   0.7116500340E+01
   0.7116500368E+01
   0.7116500385E+01
   0.7116500393E+01
   0.7116500394E+01
   0.7116500391E+01
   0.7116500385E+01
   0.7116500377E+01
   0.7116500368E+01
   0.7116500358E+01
   0.7116500347E+01
   0.7116500337E+01
   0.7116500327E+01
   0.7116500317E+01
   0.7116500308E+01
   0.7116500299E+01
   0.7116500291E+01
   0.7116500284E+01
   0.7116500277E+01
   0.7116500271E+01
   0.7116500265E+01
   0.7116500260E+01
   0.7116500255E+01
   0.7116500251E+01
   0.7116500247E+01
   0.7116500243E+01
   0.7116500240E+01
   0.7116500238E+01
   0.7116500235E+01
   0.7116500233E+01
   0.7116500231E+01
   0.7116500229E+01
   0.7116500227E+01
   0.7116500226E+01
   0.7116500224E+01
   0.7116500223E+01
   0.7116500222E+01
   0.7116500221E+01
   0.7116500221E+01
   0.7116500220E+01
