   0.3411644577E+00
   0.6847675244E+00
   0.1273120592E+01
   0.1832725091E+01
   0.2575702148E+01
   0.3644526387E+01
   0.4559152124E+01
   0.5778884367E+01
   0.6735503223E+01
   0.7517920056E+01
   0.8226547071E+01
   0.8906434618E+01
   0.9545163796E+01
   0.1010685450E+02
   0.1072605851E+02
   0.1120959780E+02
   0.1162830387E+02
   0.1203468799E+02
   0.1242912389E+02
   0.1271580020E+02
   0.1263203541E+02
   0.1206277592E+02
   0.1189738401E+02
   0.1169430182E+02
   0.1145290878E+02
   0.1117366434E+02
   0.1102571105E+02
   0.1111796499E+02
   0.1129308167E+02
   0.1144556774E+02
   0.1158090884E+02
   0.1170402427E+02
   0.1181882807E+02
   0.1192741407E+02
   0.1202760911E+02
   0.1210556531E+02
   0.1211692265E+02
   0.1196951941E+02
   0.1160290640E+02
   0.1111927287E+02
   0.1067756426E+02
   0.1069991683E+02
   0.1073926848E+02
   0.1080567411E+02
   0.1086459432E+02
   0.1091006947E+02
   0.1094259811E+02
   0.1096503215E+02
   0.1098029117E+02
   0.1099058295E+02
   0.1099744587E+02
   0.1100197334E+02
   0.1100495358E+02
   0.1100694027E+02
   0.1100830433E+02
   0.1100928192E+02
   0.1101001686E+02
   0.1101059375E+02
   0.1101106139E+02
   0.1101144806E+02
   0.1101177080E+02
   0.1101204073E+02
   0.1101226592E+02
   0.1101245282E+02
   0.1101260695E+02
   0.1101273318E+02
   0.1101283585E+02
   0.1101291880E+02
   0.1101298538E+02
   0.1101303850E+02
   0.1101308062E+02
   0.1101311383E+02
   0.1101313987E+02
   0.1101316017E+02
   0.1101317590E+02
   0.1101318802E+02
   0.1101319729E+02
   0.1101320434E+02
   0.1101320966E+02
   0.1101321364E+02
   0.1101321659E+02
   0.1101321875E+02
   0.1101322031E+02
   0.1101322141E+02
   0.1101322218E+02
   0.1101322270E+02
   0.1101322304E+02
   0.1101322324E+02
   0.1101322335E+02
   0.1101322340E+02
   0.1101322341E+02
   0.1101322339E+02
   0.1101322335E+02
   0.1101322331E+02
   0.1101322326E+02
   0.1101322322E+02
   0.1101322318E+02
   0.1101322314E+02
   0.1101322311E+02
   0.1101322309E+02
   0.1101322308E+02
   0.1101322306E+02
   0.1101322306E+02
   0.1101322306E+02
   0.1101322306E+02
   0.1101322306E+02
   0.1101322307E+02
   0.1101322308E+02
   0.1101322309E+02
   0.1101322311E+02
   0.1101322312E+02
   0.1101322313E+02
   0.1101322315E+02
   0.1101322316E+02
   0.1101322317E+02
   0.1101322319E+02
   0.1101322320E+02
   0.1101322322E+02
   0.1101322323E+02
   0.1101322324E+02
   0.1101322325E+02
   0.1101322326E+02
   0.1101322327E+02
   0.1101322328E+02
   0.1101322329E+02
