   0.1000000000E+01
   0.5264510646E+00
   0.3484722496E+00
   0.3600243859E+00
   0.4129719737E+00
   0.5720456967E+00
   0.7280101712E+00
   0.9399654761E+00
   0.1205037359E+01
   0.1509374705E+01
   0.2023866069E+01
   0.2775420727E+01
   0.3681588983E+01
   0.4701025388E+01
   0.6321204150E+01
   0.7833051495E+01
   0.9108544540E+01
   0.1010356791E+02
   0.1084359150E+02
   0.1138811880E+02
   0.1179938452E+02
   0.1213132622E+02
   0.1242727657E+02
   0.1271837322E+02
   0.1302213930E+02
   0.1334055827E+02
   0.1366147720E+02
   0.1396608706E+02
   0.1423849181E+02
   0.1447125205E+02
   0.1466562438E+02
   0.1482712789E+02
   0.1496171898E+02
   0.1507445216E+02
   0.1516924765E+02
   0.1524895357E+02
   0.1531560421E+02
   0.1537078355E+02
   0.1541595050E+02
   0.1545249541E+02
   0.1548167175E+02
   0.1550458782E+02
   0.1552228226E+02
   0.1554030635E+02
   0.1555265288E+02
   0.1556130540E+02
   0.1556723605E+02
   0.1557044846E+02
   0.1557098752E+02
   0.1556982877E+02
   0.1556828191E+02
   0.1556719890E+02
   0.1556684584E+02
   0.1556713079E+02
   0.1556783595E+02
   0.1556874935E+02
   0.1556971360E+02
   0.1557063041E+02
   0.1557144833E+02
   0.1557214759E+02
   0.1557272754E+02
   0.1557319768E+02
   0.1557357197E+02
   0.1557386544E+02
   0.1557409243E+02
   0.1557426572E+02
   0.1557439623E+02
   0.1557449307E+02
   0.1557456367E+02
   0.1557461404E+02
   0.1557464894E+02
   0.1557467215E+02
   0.1557468662E+02
   0.1557469463E+02
   0.1557469798E+02
   0.1557469801E+02
   0.1557469575E+02
   0.1557469198E+02
   0.1557468728E+02
   0.1557468208E+02
   0.1557467669E+02
   0.1557467131E+02
   0.1557466610E+02
   0.1557466117E+02
   0.1557465655E+02
   0.1557465230E+02
   0.1557464842E+02
   0.1557464491E+02
   0.1557464175E+02
   0.1557463893E+02
   0.1557463642E+02
   0.1557463421E+02
   0.1557463225E+02
   0.1557463054E+02
   0.1557462904E+02
   0.1557462774E+02
   0.1557462660E+02
   0.1557462562E+02
   0.1557462477E+02
   0.1557462404E+02
   0.1557462341E+02
   0.1557462287E+02
   0.1557462241E+02
   0.1557462201E+02
   0.1557462168E+02
   0.1557462139E+02
   0.1557462115E+02
   0.1557462095E+02
   0.1557462077E+02
   0.1557462063E+02
   0.1557462051E+02
   0.1557462041E+02
   0.1557462033E+02
   0.1557462026E+02
   0.1557462020E+02
   0.1557462016E+02
   0.1557462012E+02
   0.1557462009E+02
   0.1557462006E+02
   0.1557462005E+02
   0.1557462003E+02
   0.1557462002E+02
   0.1557462001E+02
   0.1557462001E+02
   0.1557462000E+02
