   0.1000000000E+01
   0.4022946316E+00
   0.1254030493E+00
   0.5088331417E-01
   0.2560187397E-01
   0.1281016941E-01
   0.7704819918E-02
   0.4634437792E-02
   0.2787204608E-02
   0.1676745859E-02
   0.1008151322E-02
   0.6056339141E-03
   0.3635776156E-03
   0.2181889121E-03
   0.1091190022E-03
   0.5457819261E-04
   0.2729926797E-04
   0.1365416964E-04
   0.6828858871E-05
   0.3415061472E-05
   0.1707744221E-05
   0.8539431709E-06
   0.4269952472E-06
   0.2135054633E-06
   0.1067553118E-06
   0.5337850698E-07
   0.2668953836E-07
   0.1334486689E-07
   0.6672467898E-08
   0.3336246386E-08
   0.1668127740E-08
   0.8340655351E-09
   0.4170333743E-09
   0.2085169067E-09
   0.1042585324E-09
   0.5212929446E-10
   0.2606465730E-10
   0.1303233222E-10
   0.6516167368E-11
   0.3258084127E-11
   0.1629042219E-11
   0.1000000000E-11
   0.1000000000E-11
   0.1000000000E-11
   0.1000000000E-11
   0.1000000000E-11
   0.1000000000E-11
   0.1000000000E-11
   0.1000000000E-11
   0.1000000000E-11
   0.1000000000E-11
   0.1000000000E-11
   0.1000000000E-11
   0.1000000000E-11
   0.1000000000E-11
   0.1000000000E-11
   0.1000000000E-11
   0.1000000000E-11
   0.1000000000E-11
   0.1000000000E-11
   0.1000000000E-11
   0.1000000000E-11
   0.1000000000E-11
   0.1000000000E-11
   0.1000000000E-11
   0.1000000000E-11
   0.1000000000E-11
   0.1000000000E-11
   0.1000000000E-11
   0.1000000000E-11
   0.1000000000E-11
   0.1000000000E-11
   0.1000000000E-11
   0.1000000000E-11
   0.1000000000E-11
   0.1000000000E-11
   0.1000000000E-11
   0.1000000000E-11
   0.1000000000E-11
   0.1000000000E-11
   0.1000000000E-11
   0.1000000000E-11
   0.1000000000E-11
   0.1000000000E-11
   0.1000000000E-11
   0.1000000000E-11
   0.1000000000E-11
   0.1000000000E-11
   0.1000000000E-11
   0.1000000000E-11
   0.1000000000E-11
   0.1000000000E-11
   0.1000000000E-11
   0.1000000000E-11
   0.1000000000E-11
   0.1000000000E-11
   0.1000000000E-11
   0.1000000000E-11
   0.1000000000E-11
   0.1000000000E-11
   0.1000000000E-11
   0.1000000000E-11
   0.1000000000E-11
   0.1000000000E-11
   0.1000000000E-11
   0.1000000000E-11
   0.1000000000E-11
   0.1000000000E-11
   0.1000000000E-11
   0.1000000000E-11
   0.1000000000E-11
   0.1000000000E-11
   0.1000000000E-11
   0.1000000000E-11
   0.1000000000E-11
   0.1000000000E-11
   0.1000000000E-11
   0.1000000000E-11
   0.1000000000E-11
   0.1000000000E-11
   0.1000000000E-11
   0.1000000000E-11
   0.1000000000E-11
   0.1000000000E-11
   0.1000000000E-11
