   0.7762358216E-14
   0.2618390140E-09
   0.7170982952E-12
   0.1680063148E-09
   0.1592014347E-11
   0.1271932129E-11
   0.1688777303E-13
   0.6575979286E-14
   0.1353069290E-13
   0.1785148589E-13
   0.1138435711E-13
   0.3589057190E-13
   0.1367311215E-12
   0.1881177683E-13
   0.9125841341E-11
   0.5703792044E-12
   0.6378171180E-13
   0.7857634927E-13
   0.6265092319E-13
   0.6318333799E-13
   0.2079416656E-13
   0.1113016781E-13
   0.4648250146E-15
   0.2062848675E-14
   0.1809189293E-14
   0.1591725647E-14
   0.1022082390E-13
   0.4303907092E-14
   0.7209031396E-15
   0.5288475404E-15
   0.6684487748E-11
   0.2749409827E-11
   0.3109361589E-11
   0.9616440496E-11
   0.3372826760E-11
   0.2031402239E-10
   0.3731162121E-11
   0.1015228738E-11
   0.3461972623E-11
   0.3707983883E-13
   0.2207224984E-12
   0.1432219036E-11
   0.1711081652E-13
   0.1972336614E-12
   0.2357178506E-12
   0.7454493201E-13
   0.2539720907E-12
   0.6159662585E-12
   0.1513964585E-11
   0.4972851754E-12
   0.6799487951E-12
   0.4850192134E-13
   0.9891188481E-14
   0.1817714660E-13
   0.4141943333E-14
   0.1183211878E-14
   0.2462277172E-11
   0.1103854485E-11
   0.9918827120E-13
   0.1543730727E-11
   0.1380254837E-12
   0.3085357122E-13
   0.4559666415E-13
   0.5534245161E-13
   0.5905846864E-13
   0.5842299596E-13
   0.4960051287E-13
   0.3367641334E-13
   0.1562382456E-13
   0.3292003232E-13
   0.3389573007E-13
   0.2118504081E-13
   0.1878274009E-13
   0.1580805946E-13
   0.1280946899E-13
   0.1087811706E-13
   0.8691869088E-14
   0.6739731681E-14
   0.5985251412E-14
   0.4718979748E-14
   0.4490444227E-14
   0.2749011020E-14
   0.8133559496E-11
   0.7149963340E-11
   0.6281802230E-11
   0.5518159659E-11
   0.4847371488E-11
   0.4258761086E-11
   0.3742631798E-11
   0.3290270252E-11
   0.2893929323E-11
   0.2546656037E-11
   0.2242346328E-11
   0.1975647753E-11
   0.1741829437E-11
   0.1536735261E-11
   0.1356723265E-11
   0.1198611762E-11
   0.1059671267E-11
   0.9375114661E-12
   0.8300203323E-12
   0.7352523677E-12
   0.6516399033E-12
   0.5781119445E-12
   0.5130858356E-12
   0.4556387651E-12
   0.4048588844E-12
   0.3598624814E-12
   0.3201968209E-12
   0.2848356410E-12
   0.2533673371E-12
   0.2261621093E-12
   0.2010987719E-12
   0.1792730461E-12
   0.1598223216E-12
   0.1424200733E-12
   0.1272762618E-12
   0.1134199583E-12
   0.1011358596E-12
   0.9024263190E-13
   0.8070427216E-13
   0.7219180993E-13
   0.6415120492E-13
   0.5728971112E-13
   0.5129579397E-13
