   0.7762358216E-14  -0.1000000000E+31  -0.1000000000E+31  -0.1000000000E+31  -0.1000000000E+31  -0.1000000000E+31  -0.1000000000E+31  -0.1000000000E+31  -0.1000000000E+31  -0.1000000000E+31
   0.3097663167E-04   0.8844007206E-06   0.8104875393E-06   0.2618390140E-09  -0.1000000000E+31  -0.1000000000E+31  -0.1000000000E+31  -0.1000000000E+31  -0.1000000000E+31  -0.1000000000E+31
   0.2278337480E-04   0.4468930924E-06   0.3292098996E-06   0.7205056300E-09   0.7170982952E-12  -0.1000000000E+31  -0.1000000000E+31  -0.1000000000E+31  -0.1000000000E+31  -0.1000000000E+31
   0.4827713800E-06   0.7649576040E-07   0.1095590124E-07   0.1680063148E-09  -0.1000000000E+31  -0.1000000000E+31  -0.1000000000E+31  -0.1000000000E+31  -0.1000000000E+31  -0.1000000000E+31
   0.4500083615E-06   0.6472735965E-06   0.3082080599E-08   0.1592014347E-11  -0.1000000000E+31  -0.1000000000E+31  -0.1000000000E+31  -0.1000000000E+31  -0.1000000000E+31  -0.1000000000E+31
   0.7371264236E-06   0.9278114604E-07   0.3805558569E-08   0.1271932129E-11  -0.1000000000E+31  -0.1000000000E+31  -0.1000000000E+31  -0.1000000000E+31  -0.1000000000E+31  -0.1000000000E+31
   0.1841696222E-07   0.1205975713E-07   0.2218309217E-08   0.1688777303E-13  -0.1000000000E+31  -0.1000000000E+31  -0.1000000000E+31  -0.1000000000E+31  -0.1000000000E+31  -0.1000000000E+31
   0.3156888013E-06   0.1616840906E-08   0.8969327054E-09   0.6575979286E-14  -0.1000000000E+31  -0.1000000000E+31  -0.1000000000E+31  -0.1000000000E+31  -0.1000000000E+31  -0.1000000000E+31
   0.8224146162E-06   0.6828725115E-06   0.2141450255E-08   0.1353069290E-13  -0.1000000000E+31  -0.1000000000E+31  -0.1000000000E+31  -0.1000000000E+31  -0.1000000000E+31  -0.1000000000E+31
   0.5684475889E-07   0.2185077317E-06   0.5360114472E-09   0.1785148589E-13  -0.1000000000E+31  -0.1000000000E+31  -0.1000000000E+31  -0.1000000000E+31  -0.1000000000E+31  -0.1000000000E+31
   0.4566397979E-06   0.7301315409E-06   0.1680328171E-08   0.1138435711E-13  -0.1000000000E+31  -0.1000000000E+31  -0.1000000000E+31  -0.1000000000E+31  -0.1000000000E+31  -0.1000000000E+31
   0.5374689801E-07   0.4703634522E-06   0.5541298245E-09   0.3589057190E-13  -0.1000000000E+31  -0.1000000000E+31  -0.1000000000E+31  -0.1000000000E+31  -0.1000000000E+31  -0.1000000000E+31
   0.3609571077E-06   0.5462693757E-05   0.1859416823E-08   0.1367311215E-12  -0.1000000000E+31  -0.1000000000E+31  -0.1000000000E+31  -0.1000000000E+31  -0.1000000000E+31  -0.1000000000E+31
   0.2447648841E-06   0.7922868929E-05   0.7352785881E-09   0.1881177683E-13  -0.1000000000E+31  -0.1000000000E+31  -0.1000000000E+31  -0.1000000000E+31  -0.1000000000E+31  -0.1000000000E+31
   0.9973239257E-06   0.1251863175E-04   0.4202251219E-06   0.9125841341E-11  -0.1000000000E+31  -0.1000000000E+31  -0.1000000000E+31  -0.1000000000E+31  -0.1000000000E+31  -0.1000000000E+31
   0.8402402372E-06   0.1032708044E-05   0.1196311451E-07   0.5703792044E-12  -0.1000000000E+31  -0.1000000000E+31  -0.1000000000E+31  -0.1000000000E+31  -0.1000000000E+31  -0.1000000000E+31
   0.6807392990E-06   0.2927173417E-06   0.4642294366E-08   0.6378171180E-13  -0.1000000000E+31  -0.1000000000E+31  -0.1000000000E+31  -0.1000000000E+31  -0.1000000000E+31  -0.1000000000E+31
   0.8675223721E-07   0.1863767090E-06   0.1050805167E-08   0.7857634927E-13  -0.1000000000E+31  -0.1000000000E+31  -0.1000000000E+31  -0.1000000000E+31  -0.1000000000E+31  -0.1000000000E+31
   0.8994479436E-06   0.4412221496E-07   0.1273285854E-08   0.6265092319E-13  -0.1000000000E+31  -0.1000000000E+31  -0.1000000000E+31  -0.1000000000E+31  -0.1000000000E+31  -0.1000000000E+31
   0.1040465458E-06   0.7456793583E-08   0.8565062224E-11   0.6318333799E-13  -0.1000000000E+31  -0.1000000000E+31  -0.1000000000E+31  -0.1000000000E+31  -0.1000000000E+31  -0.1000000000E+31
   0.3076837672E-06   0.7781563822E-07   0.8307351852E-10   0.2079416656E-13  -0.1000000000E+31  -0.1000000000E+31  -0.1000000000E+31  -0.1000000000E+31  -0.1000000000E+31  -0.1000000000E+31
   0.1850353816E-06   0.4287689868E-07   0.2020337021E-08   0.1113016781E-13  -0.1000000000E+31  -0.1000000000E+31  -0.1000000000E+31  -0.1000000000E+31  -0.1000000000E+31  -0.1000000000E+31
   0.6494160394E-07   0.3402863403E-07   0.1807834043E-09   0.4648250146E-15  -0.1000000000E+31  -0.1000000000E+31  -0.1000000000E+31  -0.1000000000E+31  -0.1000000000E+31  -0.1000000000E+31
   0.3510022057E-07   0.9988394117E-07   0.5692128917E-09   0.2062848675E-14  -0.1000000000E+31  -0.1000000000E+31  -0.1000000000E+31  -0.1000000000E+31  -0.1000000000E+31  -0.1000000000E+31
   0.1840205065E-07   0.1340610762E-08   0.1968523894E-09   0.1809189293E-14  -0.1000000000E+31  -0.1000000000E+31  -0.1000000000E+31  -0.1000000000E+31  -0.1000000000E+31  -0.1000000000E+31
   0.3129546584E-07   0.1850676610E-08   0.3193921950E-09   0.1591725647E-14  -0.1000000000E+31  -0.1000000000E+31  -0.1000000000E+31  -0.1000000000E+31  -0.1000000000E+31  -0.1000000000E+31
   0.1564934642E-07   0.1281498466E-08   0.5289767539E-09   0.1022082390E-13  -0.1000000000E+31  -0.1000000000E+31  -0.1000000000E+31  -0.1000000000E+31  -0.1000000000E+31  -0.1000000000E+31
   0.1277009529E-07   0.7925027633E-08   0.6020194738E-10   0.4303907092E-14  -0.1000000000E+31  -0.1000000000E+31  -0.1000000000E+31  -0.1000000000E+31  -0.1000000000E+31  -0.1000000000E+31
   0.2046862261E-08   0.8926956689E-09   0.2294191702E-10   0.7209031396E-15  -0.1000000000E+31  -0.1000000000E+31  -0.1000000000E+31  -0.1000000000E+31  -0.1000000000E+31  -0.1000000000E+31
   0.2123936665E-07   0.1176365450E-07   0.3471471363E-10   0.5288475404E-15  -0.1000000000E+31  -0.1000000000E+31  -0.1000000000E+31  -0.1000000000E+31  -0.1000000000E+31  -0.1000000000E+31
   0.2007866545E-07   0.1155120964E-08   0.6684487748E-11  -0.1000000000E+31  -0.1000000000E+31  -0.1000000000E+31  -0.1000000000E+31  -0.1000000000E+31  -0.1000000000E+31  -0.1000000000E+31
   0.1676554709E-07   0.4436350221E-08   0.2749409827E-11  -0.1000000000E+31  -0.1000000000E+31  -0.1000000000E+31  -0.1000000000E+31  -0.1000000000E+31  -0.1000000000E+31  -0.1000000000E+31
   0.8558907692E-08   0.1152597010E-08   0.3109361589E-11  -0.1000000000E+31  -0.1000000000E+31  -0.1000000000E+31  -0.1000000000E+31  -0.1000000000E+31  -0.1000000000E+31  -0.1000000000E+31
   0.6471487191E-08   0.1454854934E-09   0.9616440496E-11  -0.1000000000E+31  -0.1000000000E+31  -0.1000000000E+31  -0.1000000000E+31  -0.1000000000E+31  -0.1000000000E+31  -0.1000000000E+31
   0.3570748546E-08   0.1329532295E-09   0.3372826760E-11  -0.1000000000E+31  -0.1000000000E+31  -0.1000000000E+31  -0.1000000000E+31  -0.1000000000E+31  -0.1000000000E+31  -0.1000000000E+31
   0.4152003562E-08   0.1635574950E-09   0.2031402239E-10  -0.1000000000E+31  -0.1000000000E+31  -0.1000000000E+31  -0.1000000000E+31  -0.1000000000E+31  -0.1000000000E+31  -0.1000000000E+31
   0.1812597901E-08   0.1167163489E-08   0.3731162121E-11  -0.1000000000E+31  -0.1000000000E+31  -0.1000000000E+31  -0.1000000000E+31  -0.1000000000E+31  -0.1000000000E+31  -0.1000000000E+31
   0.1243498673E-08   0.2165648940E-09   0.1015228738E-11  -0.1000000000E+31  -0.1000000000E+31  -0.1000000000E+31  -0.1000000000E+31  -0.1000000000E+31  -0.1000000000E+31  -0.1000000000E+31
   0.7025604736E-09   0.1071581481E-10   0.3461972623E-11  -0.1000000000E+31  -0.1000000000E+31  -0.1000000000E+31  -0.1000000000E+31  -0.1000000000E+31  -0.1000000000E+31  -0.1000000000E+31
   0.4069964495E-09   0.1182107833E-09   0.3707983883E-13  -0.1000000000E+31  -0.1000000000E+31  -0.1000000000E+31  -0.1000000000E+31  -0.1000000000E+31  -0.1000000000E+31  -0.1000000000E+31
   0.2917712659E-09   0.3152240848E-10   0.2207224984E-12  -0.1000000000E+31  -0.1000000000E+31  -0.1000000000E+31  -0.1000000000E+31  -0.1000000000E+31  -0.1000000000E+31  -0.1000000000E+31
   0.2627048854E-09   0.2257730609E-11   0.1432219036E-11  -0.1000000000E+31  -0.1000000000E+31  -0.1000000000E+31  -0.1000000000E+31  -0.1000000000E+31  -0.1000000000E+31  -0.1000000000E+31
   0.2759304542E-09   0.4252143970E-12   0.1711081652E-13  -0.1000000000E+31  -0.1000000000E+31  -0.1000000000E+31  -0.1000000000E+31  -0.1000000000E+31  -0.1000000000E+31  -0.1000000000E+31
   0.1441613496E-08   0.1957290801E-09   0.1972336614E-12  -0.1000000000E+31  -0.1000000000E+31  -0.1000000000E+31  -0.1000000000E+31  -0.1000000000E+31  -0.1000000000E+31  -0.1000000000E+31
   0.3310257052E-09   0.1510659519E-09   0.2357178506E-12  -0.1000000000E+31  -0.1000000000E+31  -0.1000000000E+31  -0.1000000000E+31  -0.1000000000E+31  -0.1000000000E+31  -0.1000000000E+31
   0.1170817059E-08   0.1824122954E-10   0.7454493201E-13  -0.1000000000E+31  -0.1000000000E+31  -0.1000000000E+31  -0.1000000000E+31  -0.1000000000E+31  -0.1000000000E+31  -0.1000000000E+31
   0.5670307486E-09   0.7139626589E-10   0.2539720907E-12  -0.1000000000E+31  -0.1000000000E+31  -0.1000000000E+31  -0.1000000000E+31  -0.1000000000E+31  -0.1000000000E+31  -0.1000000000E+31
   0.5451658979E-09   0.1570243365E-10   0.6159662585E-12  -0.1000000000E+31  -0.1000000000E+31  -0.1000000000E+31  -0.1000000000E+31  -0.1000000000E+31  -0.1000000000E+31  -0.1000000000E+31
   0.2186133284E-08   0.2090920862E-09   0.1513964585E-11  -0.1000000000E+31  -0.1000000000E+31  -0.1000000000E+31  -0.1000000000E+31  -0.1000000000E+31  -0.1000000000E+31  -0.1000000000E+31
   0.5040776382E-10   0.7464065613E-11   0.4972851754E-12  -0.1000000000E+31  -0.1000000000E+31  -0.1000000000E+31  -0.1000000000E+31  -0.1000000000E+31  -0.1000000000E+31  -0.1000000000E+31
   0.3994836336E-10   0.2125372724E-10   0.6799487951E-12  -0.1000000000E+31  -0.1000000000E+31  -0.1000000000E+31  -0.1000000000E+31  -0.1000000000E+31  -0.1000000000E+31  -0.1000000000E+31
   0.1544223059E-08   0.5094107990E-11   0.4850192134E-13  -0.1000000000E+31  -0.1000000000E+31  -0.1000000000E+31  -0.1000000000E+31  -0.1000000000E+31  -0.1000000000E+31  -0.1000000000E+31
   0.2265835919E-09   0.1194362017E-10   0.9891188481E-14  -0.1000000000E+31  -0.1000000000E+31  -0.1000000000E+31  -0.1000000000E+31  -0.1000000000E+31  -0.1000000000E+31  -0.1000000000E+31
   0.2935262648E-09   0.1383124891E-10   0.1817714660E-13  -0.1000000000E+31  -0.1000000000E+31  -0.1000000000E+31  -0.1000000000E+31  -0.1000000000E+31  -0.1000000000E+31  -0.1000000000E+31
   0.1081756671E-09   0.6467825223E-12   0.4141943333E-14  -0.1000000000E+31  -0.1000000000E+31  -0.1000000000E+31  -0.1000000000E+31  -0.1000000000E+31  -0.1000000000E+31  -0.1000000000E+31
   0.8676848544E-11   0.7936710989E-12   0.1183211878E-14  -0.1000000000E+31  -0.1000000000E+31  -0.1000000000E+31  -0.1000000000E+31  -0.1000000000E+31  -0.1000000000E+31  -0.1000000000E+31
   0.1670191066E-09   0.2462277172E-11  -0.1000000000E+31  -0.1000000000E+31  -0.1000000000E+31  -0.1000000000E+31  -0.1000000000E+31  -0.1000000000E+31  -0.1000000000E+31  -0.1000000000E+31
   0.1095388031E-09   0.1103854485E-11  -0.1000000000E+31  -0.1000000000E+31  -0.1000000000E+31  -0.1000000000E+31  -0.1000000000E+31  -0.1000000000E+31  -0.1000000000E+31  -0.1000000000E+31
   0.3128648661E-09   0.9918827120E-13  -0.1000000000E+31  -0.1000000000E+31  -0.1000000000E+31  -0.1000000000E+31  -0.1000000000E+31  -0.1000000000E+31  -0.1000000000E+31  -0.1000000000E+31
   0.5515320191E-10   0.1543730727E-11  -0.1000000000E+31  -0.1000000000E+31  -0.1000000000E+31  -0.1000000000E+31  -0.1000000000E+31  -0.1000000000E+31  -0.1000000000E+31  -0.1000000000E+31
   0.1295219670E-09   0.1380254837E-12  -0.1000000000E+31  -0.1000000000E+31  -0.1000000000E+31  -0.1000000000E+31  -0.1000000000E+31  -0.1000000000E+31  -0.1000000000E+31  -0.1000000000E+31
   0.1803888462E-09   0.3085357122E-13  -0.1000000000E+31  -0.1000000000E+31  -0.1000000000E+31  -0.1000000000E+31  -0.1000000000E+31  -0.1000000000E+31  -0.1000000000E+31  -0.1000000000E+31
   0.2115121013E-10   0.4559666415E-13  -0.1000000000E+31  -0.1000000000E+31  -0.1000000000E+31  -0.1000000000E+31  -0.1000000000E+31  -0.1000000000E+31  -0.1000000000E+31  -0.1000000000E+31
   0.5472750068E-10   0.5534245161E-13  -0.1000000000E+31  -0.1000000000E+31  -0.1000000000E+31  -0.1000000000E+31  -0.1000000000E+31  -0.1000000000E+31  -0.1000000000E+31  -0.1000000000E+31
   0.1464880531E-09   0.5905846864E-13  -0.1000000000E+31  -0.1000000000E+31  -0.1000000000E+31  -0.1000000000E+31  -0.1000000000E+31  -0.1000000000E+31  -0.1000000000E+31  -0.1000000000E+31
   0.3706516488E-09   0.5842299596E-13  -0.1000000000E+31  -0.1000000000E+31  -0.1000000000E+31  -0.1000000000E+31  -0.1000000000E+31  -0.1000000000E+31  -0.1000000000E+31  -0.1000000000E+31
   0.5344762963E-10   0.4960051287E-13  -0.1000000000E+31  -0.1000000000E+31  -0.1000000000E+31  -0.1000000000E+31  -0.1000000000E+31  -0.1000000000E+31  -0.1000000000E+31  -0.1000000000E+31
   0.4191781010E-10   0.3367641334E-13  -0.1000000000E+31  -0.1000000000E+31  -0.1000000000E+31  -0.1000000000E+31  -0.1000000000E+31  -0.1000000000E+31  -0.1000000000E+31  -0.1000000000E+31
   0.3058426442E-10   0.1562382456E-13  -0.1000000000E+31  -0.1000000000E+31  -0.1000000000E+31  -0.1000000000E+31  -0.1000000000E+31  -0.1000000000E+31  -0.1000000000E+31  -0.1000000000E+31
   0.3147724059E-10   0.3292003232E-13  -0.1000000000E+31  -0.1000000000E+31  -0.1000000000E+31  -0.1000000000E+31  -0.1000000000E+31  -0.1000000000E+31  -0.1000000000E+31  -0.1000000000E+31
   0.3094193909E-10   0.3389573007E-13  -0.1000000000E+31  -0.1000000000E+31  -0.1000000000E+31  -0.1000000000E+31  -0.1000000000E+31  -0.1000000000E+31  -0.1000000000E+31  -0.1000000000E+31
   0.2902493741E-10   0.2118504081E-13  -0.1000000000E+31  -0.1000000000E+31  -0.1000000000E+31  -0.1000000000E+31  -0.1000000000E+31  -0.1000000000E+31  -0.1000000000E+31  -0.1000000000E+31
   0.2658365968E-10   0.1878274009E-13  -0.1000000000E+31  -0.1000000000E+31  -0.1000000000E+31  -0.1000000000E+31  -0.1000000000E+31  -0.1000000000E+31  -0.1000000000E+31  -0.1000000000E+31
   0.2407003040E-10   0.1580805946E-13  -0.1000000000E+31  -0.1000000000E+31  -0.1000000000E+31  -0.1000000000E+31  -0.1000000000E+31  -0.1000000000E+31  -0.1000000000E+31  -0.1000000000E+31
   0.2162955750E-10   0.1280946899E-13  -0.1000000000E+31  -0.1000000000E+31  -0.1000000000E+31  -0.1000000000E+31  -0.1000000000E+31  -0.1000000000E+31  -0.1000000000E+31  -0.1000000000E+31
   0.1933097840E-10   0.1087811706E-13  -0.1000000000E+31  -0.1000000000E+31  -0.1000000000E+31  -0.1000000000E+31  -0.1000000000E+31  -0.1000000000E+31  -0.1000000000E+31  -0.1000000000E+31
   0.1720478737E-10   0.8691869088E-14  -0.1000000000E+31  -0.1000000000E+31  -0.1000000000E+31  -0.1000000000E+31  -0.1000000000E+31  -0.1000000000E+31  -0.1000000000E+31  -0.1000000000E+31
   0.1526133252E-10   0.6739731681E-14  -0.1000000000E+31  -0.1000000000E+31  -0.1000000000E+31  -0.1000000000E+31  -0.1000000000E+31  -0.1000000000E+31  -0.1000000000E+31  -0.1000000000E+31
   0.1350162276E-10   0.5985251412E-14  -0.1000000000E+31  -0.1000000000E+31  -0.1000000000E+31  -0.1000000000E+31  -0.1000000000E+31  -0.1000000000E+31  -0.1000000000E+31  -0.1000000000E+31
   0.1191960493E-10   0.4718979748E-14  -0.1000000000E+31  -0.1000000000E+31  -0.1000000000E+31  -0.1000000000E+31  -0.1000000000E+31  -0.1000000000E+31  -0.1000000000E+31  -0.1000000000E+31
   0.1050570749E-10   0.4490444227E-14  -0.1000000000E+31  -0.1000000000E+31  -0.1000000000E+31  -0.1000000000E+31  -0.1000000000E+31  -0.1000000000E+31  -0.1000000000E+31  -0.1000000000E+31
   0.9248083764E-11   0.2749011020E-14  -0.1000000000E+31  -0.1000000000E+31  -0.1000000000E+31  -0.1000000000E+31  -0.1000000000E+31  -0.1000000000E+31  -0.1000000000E+31  -0.1000000000E+31
   0.8133559496E-11  -0.1000000000E+31  -0.1000000000E+31  -0.1000000000E+31  -0.1000000000E+31  -0.1000000000E+31  -0.1000000000E+31  -0.1000000000E+31  -0.1000000000E+31  -0.1000000000E+31
   0.7149963340E-11  -0.1000000000E+31  -0.1000000000E+31  -0.1000000000E+31  -0.1000000000E+31  -0.1000000000E+31  -0.1000000000E+31  -0.1000000000E+31  -0.1000000000E+31  -0.1000000000E+31
   0.6281802230E-11  -0.1000000000E+31  -0.1000000000E+31  -0.1000000000E+31  -0.1000000000E+31  -0.1000000000E+31  -0.1000000000E+31  -0.1000000000E+31  -0.1000000000E+31  -0.1000000000E+31
   0.5518159659E-11  -0.1000000000E+31  -0.1000000000E+31  -0.1000000000E+31  -0.1000000000E+31  -0.1000000000E+31  -0.1000000000E+31  -0.1000000000E+31  -0.1000000000E+31  -0.1000000000E+31
   0.4847371488E-11  -0.1000000000E+31  -0.1000000000E+31  -0.1000000000E+31  -0.1000000000E+31  -0.1000000000E+31  -0.1000000000E+31  -0.1000000000E+31  -0.1000000000E+31  -0.1000000000E+31
   0.4258761086E-11  -0.1000000000E+31  -0.1000000000E+31  -0.1000000000E+31  -0.1000000000E+31  -0.1000000000E+31  -0.1000000000E+31  -0.1000000000E+31  -0.1000000000E+31  -0.1000000000E+31
   0.3742631798E-11  -0.1000000000E+31  -0.1000000000E+31  -0.1000000000E+31  -0.1000000000E+31  -0.1000000000E+31  -0.1000000000E+31  -0.1000000000E+31  -0.1000000000E+31  -0.1000000000E+31
   0.3290270252E-11  -0.1000000000E+31  -0.1000000000E+31  -0.1000000000E+31  -0.1000000000E+31  -0.1000000000E+31  -0.1000000000E+31  -0.1000000000E+31  -0.1000000000E+31  -0.1000000000E+31
   0.2893929323E-11  -0.1000000000E+31  -0.1000000000E+31  -0.1000000000E+31  -0.1000000000E+31  -0.1000000000E+31  -0.1000000000E+31  -0.1000000000E+31  -0.1000000000E+31  -0.1000000000E+31
   0.2546656037E-11  -0.1000000000E+31  -0.1000000000E+31  -0.1000000000E+31  -0.1000000000E+31  -0.1000000000E+31  -0.1000000000E+31  -0.1000000000E+31  -0.1000000000E+31  -0.1000000000E+31
   0.2242346328E-11  -0.1000000000E+31  -0.1000000000E+31  -0.1000000000E+31  -0.1000000000E+31  -0.1000000000E+31  -0.1000000000E+31  -0.1000000000E+31  -0.1000000000E+31  -0.1000000000E+31
   0.1975647753E-11  -0.1000000000E+31  -0.1000000000E+31  -0.1000000000E+31  -0.1000000000E+31  -0.1000000000E+31  -0.1000000000E+31  -0.1000000000E+31  -0.1000000000E+31  -0.1000000000E+31
   0.1741829437E-11  -0.1000000000E+31  -0.1000000000E+31  -0.1000000000E+31  -0.1000000000E+31  -0.1000000000E+31  -0.1000000000E+31  -0.1000000000E+31  -0.1000000000E+31  -0.1000000000E+31
   0.1536735261E-11  -0.1000000000E+31  -0.1000000000E+31  -0.1000000000E+31  -0.1000000000E+31  -0.1000000000E+31  -0.1000000000E+31  -0.1000000000E+31  -0.1000000000E+31  -0.1000000000E+31
   0.1356723265E-11  -0.1000000000E+31  -0.1000000000E+31  -0.1000000000E+31  -0.1000000000E+31  -0.1000000000E+31  -0.1000000000E+31  -0.1000000000E+31  -0.1000000000E+31  -0.1000000000E+31
   0.1198611762E-11  -0.1000000000E+31  -0.1000000000E+31  -0.1000000000E+31  -0.1000000000E+31  -0.1000000000E+31  -0.1000000000E+31  -0.1000000000E+31  -0.1000000000E+31  -0.1000000000E+31
   0.1059671267E-11  -0.1000000000E+31  -0.1000000000E+31  -0.1000000000E+31  -0.1000000000E+31  -0.1000000000E+31  -0.1000000000E+31  -0.1000000000E+31  -0.1000000000E+31  -0.1000000000E+31
   0.9375114661E-12  -0.1000000000E+31  -0.1000000000E+31  -0.1000000000E+31  -0.1000000000E+31  -0.1000000000E+31  -0.1000000000E+31  -0.1000000000E+31  -0.1000000000E+31  -0.1000000000E+31
   0.8300203323E-12  -0.1000000000E+31  -0.1000000000E+31  -0.1000000000E+31  -0.1000000000E+31  -0.1000000000E+31  -0.1000000000E+31  -0.1000000000E+31  -0.1000000000E+31  -0.1000000000E+31
   0.7352523677E-12  -0.1000000000E+31  -0.1000000000E+31  -0.1000000000E+31  -0.1000000000E+31  -0.1000000000E+31  -0.1000000000E+31  -0.1000000000E+31  -0.1000000000E+31  -0.1000000000E+31
   0.6516399033E-12  -0.1000000000E+31  -0.1000000000E+31  -0.1000000000E+31  -0.1000000000E+31  -0.1000000000E+31  -0.1000000000E+31  -0.1000000000E+31  -0.1000000000E+31  -0.1000000000E+31
   0.5781119445E-12  -0.1000000000E+31  -0.1000000000E+31  -0.1000000000E+31  -0.1000000000E+31  -0.1000000000E+31  -0.1000000000E+31  -0.1000000000E+31  -0.1000000000E+31  -0.1000000000E+31
   0.5130858356E-12  -0.1000000000E+31  -0.1000000000E+31  -0.1000000000E+31  -0.1000000000E+31  -0.1000000000E+31  -0.1000000000E+31  -0.1000000000E+31  -0.1000000000E+31  -0.1000000000E+31
   0.4556387651E-12  -0.1000000000E+31  -0.1000000000E+31  -0.1000000000E+31  -0.1000000000E+31  -0.1000000000E+31  -0.1000000000E+31  -0.1000000000E+31  -0.1000000000E+31  -0.1000000000E+31
   0.4048588844E-12  -0.1000000000E+31  -0.1000000000E+31  -0.1000000000E+31  -0.1000000000E+31  -0.1000000000E+31  -0.1000000000E+31  -0.1000000000E+31  -0.1000000000E+31  -0.1000000000E+31
   0.3598624814E-12  -0.1000000000E+31  -0.1000000000E+31  -0.1000000000E+31  -0.1000000000E+31  -0.1000000000E+31  -0.1000000000E+31  -0.1000000000E+31  -0.1000000000E+31  -0.1000000000E+31
   0.3201968209E-12  -0.1000000000E+31  -0.1000000000E+31  -0.1000000000E+31  -0.1000000000E+31  -0.1000000000E+31  -0.1000000000E+31  -0.1000000000E+31  -0.1000000000E+31  -0.1000000000E+31
   0.2848356410E-12  -0.1000000000E+31  -0.1000000000E+31  -0.1000000000E+31  -0.1000000000E+31  -0.1000000000E+31  -0.1000000000E+31  -0.1000000000E+31  -0.1000000000E+31  -0.1000000000E+31
   0.2533673371E-12  -0.1000000000E+31  -0.1000000000E+31  -0.1000000000E+31  -0.1000000000E+31  -0.1000000000E+31  -0.1000000000E+31  -0.1000000000E+31  -0.1000000000E+31  -0.1000000000E+31
   0.2261621093E-12  -0.1000000000E+31  -0.1000000000E+31  -0.1000000000E+31  -0.1000000000E+31  -0.1000000000E+31  -0.1000000000E+31  -0.1000000000E+31  -0.1000000000E+31  -0.1000000000E+31
   0.2010987719E-12  -0.1000000000E+31  -0.1000000000E+31  -0.1000000000E+31  -0.1000000000E+31  -0.1000000000E+31  -0.1000000000E+31  -0.1000000000E+31  -0.1000000000E+31  -0.1000000000E+31
   0.1792730461E-12  -0.1000000000E+31  -0.1000000000E+31  -0.1000000000E+31  -0.1000000000E+31  -0.1000000000E+31  -0.1000000000E+31  -0.1000000000E+31  -0.1000000000E+31  -0.1000000000E+31
   0.1598223216E-12  -0.1000000000E+31  -0.1000000000E+31  -0.1000000000E+31  -0.1000000000E+31  -0.1000000000E+31  -0.1000000000E+31  -0.1000000000E+31  -0.1000000000E+31  -0.1000000000E+31
   0.1424200733E-12  -0.1000000000E+31  -0.1000000000E+31  -0.1000000000E+31  -0.1000000000E+31  -0.1000000000E+31  -0.1000000000E+31  -0.1000000000E+31  -0.1000000000E+31  -0.1000000000E+31
   0.1272762618E-12  -0.1000000000E+31  -0.1000000000E+31  -0.1000000000E+31  -0.1000000000E+31  -0.1000000000E+31  -0.1000000000E+31  -0.1000000000E+31  -0.1000000000E+31  -0.1000000000E+31
   0.1134199583E-12  -0.1000000000E+31  -0.1000000000E+31  -0.1000000000E+31  -0.1000000000E+31  -0.1000000000E+31  -0.1000000000E+31  -0.1000000000E+31  -0.1000000000E+31  -0.1000000000E+31
   0.1011358596E-12  -0.1000000000E+31  -0.1000000000E+31  -0.1000000000E+31  -0.1000000000E+31  -0.1000000000E+31  -0.1000000000E+31  -0.1000000000E+31  -0.1000000000E+31  -0.1000000000E+31
   0.9024263190E-13  -0.1000000000E+31  -0.1000000000E+31  -0.1000000000E+31  -0.1000000000E+31  -0.1000000000E+31  -0.1000000000E+31  -0.1000000000E+31  -0.1000000000E+31  -0.1000000000E+31
   0.8070427216E-13  -0.1000000000E+31  -0.1000000000E+31  -0.1000000000E+31  -0.1000000000E+31  -0.1000000000E+31  -0.1000000000E+31  -0.1000000000E+31  -0.1000000000E+31  -0.1000000000E+31
   0.7219180993E-13  -0.1000000000E+31  -0.1000000000E+31  -0.1000000000E+31  -0.1000000000E+31  -0.1000000000E+31  -0.1000000000E+31  -0.1000000000E+31  -0.1000000000E+31  -0.1000000000E+31
   0.6415120492E-13  -0.1000000000E+31  -0.1000000000E+31  -0.1000000000E+31  -0.1000000000E+31  -0.1000000000E+31  -0.1000000000E+31  -0.1000000000E+31  -0.1000000000E+31  -0.1000000000E+31
   0.5728971112E-13  -0.1000000000E+31  -0.1000000000E+31  -0.1000000000E+31  -0.1000000000E+31  -0.1000000000E+31  -0.1000000000E+31  -0.1000000000E+31  -0.1000000000E+31  -0.1000000000E+31
   0.5129579397E-13  -0.1000000000E+31  -0.1000000000E+31  -0.1000000000E+31  -0.1000000000E+31  -0.1000000000E+31  -0.1000000000E+31  -0.1000000000E+31  -0.1000000000E+31  -0.1000000000E+31
