  0.0000000000E+00
  0.1500000000E+01
  0.3750000000E+01
  0.5250000000E+01
  0.6250000000E+01
  0.7250000000E+01
  0.7916666667E+01
  0.8583333333E+01
  0.9250000000E+01
  0.9916666667E+01
  0.1058333333E+02
  0.1125000000E+02
  0.1191666667E+02
  0.1258333333E+02
  0.1358333333E+02
  0.1458333333E+02
  0.1558333333E+02
  0.1658333333E+02
  0.1758333333E+02
  0.1858333333E+02
  0.1958333333E+02
  0.2058333333E+02
  0.2158333333E+02
  0.2258333333E+02
  0.2358333333E+02
  0.2458333333E+02
  0.2558333333E+02
  0.2658333333E+02
  0.2758333333E+02
  0.2858333333E+02
  0.2958333333E+02
  0.3058333333E+02
  0.3158333333E+02
  0.3258333333E+02
  0.3358333333E+02
  0.3458333333E+02
  0.3558333333E+02
  0.3658333333E+02
  0.3758333333E+02
  0.3858333333E+02
  0.3958333333E+02
  0.4058333333E+02
  0.4158333333E+02
  0.4308333333E+02
  0.4458333333E+02
  0.4608333333E+02
  0.4758333333E+02
  0.4908333333E+02
  0.5058333333E+02
  0.5208333333E+02
  0.5358333333E+02
  0.5508333333E+02
  0.5658333333E+02
  0.5808333333E+02
  0.5958333333E+02
  0.6108333333E+02
  0.6258333333E+02
  0.6408333333E+02
  0.6558333333E+02
  0.6708333333E+02
  0.6858333333E+02
  0.7008333333E+02
  0.7158333333E+02
  0.7308333333E+02
  0.7458333333E+02
  0.7608333333E+02
  0.7758333333E+02
  0.7908333333E+02
  0.8058333333E+02
  0.8208333333E+02
  0.8358333333E+02
  0.8508333333E+02
  0.8658333333E+02
  0.8808333333E+02
  0.8958333333E+02
  0.9108333333E+02
  0.9258333333E+02
  0.9408333333E+02
  0.9558333333E+02
  0.9708333333E+02
  0.9858333333E+02
  0.1000833333E+03
  0.1015833333E+03
  0.1030833333E+03
  0.1045833333E+03
  0.1060833333E+03
  0.1075833333E+03
  0.1090833333E+03
  0.1105833333E+03
  0.1120833333E+03
  0.1135833333E+03
  0.1150833333E+03
  0.1165833333E+03
  0.1180833333E+03
  0.1195833333E+03
  0.1210833333E+03
  0.1225833333E+03
  0.1240833333E+03
  0.1255833333E+03
  0.1270833333E+03
  0.1285833333E+03
  0.1300833333E+03
  0.1315833333E+03
  0.1330833333E+03
  0.1345833333E+03
  0.1360833333E+03
  0.1375833333E+03
  0.1390833333E+03
  0.1405833333E+03
  0.1420833333E+03
  0.1435833333E+03
  0.1450833333E+03
  0.1465833333E+03
  0.1480833333E+03
  0.1495833333E+03
  0.1510833333E+03
  0.1525833333E+03
  0.1540833333E+03
  0.1555833333E+03
  0.1570833333E+03
  0.1585833333E+03
  0.1600833333E+03
  0.1615833333E+03
  0.1630833333E+03
  0.1645833333E+03
