  0.3984702456E+00
  0.2344432882E+00
  0.1660318566E+00
  0.1992780470E+00
  0.3856510603E+00
  0.4089650760E+00
  0.4367149937E+00
  0.4327372099E+00
  0.5097044647E+00
  0.5738835551E+00
  0.5570190657E+00
  0.4897464268E+00
  0.4153517993E+00
  0.3446436953E+00
  0.2391707828E+00
  0.1628347581E+00
  0.1092406545E+00
  0.7324378836E-01
  0.5021650863E-01
  0.3611357761E-01
  0.3571225346E-01
  0.3462501915E-01
  0.3113916066E-01
  0.3310681455E-01
  0.3438776685E-01
  0.3312343827E-01
  0.2924715596E-01
  0.2365969490E-01
  0.1753034667E-01
  0.1343161815E-01
  0.1101238536E-01
  0.9077354168E-02
  0.7534775032E-02
  0.6529278888E-02
  0.5573618814E-02
  0.4586127482E-02
  0.3636184369E-02
  0.2938493718E-02
  0.2370590729E-02
  0.1888131250E-02
  0.1480206637E-02
  0.1141238514E-02
  0.7741171066E-03
  0.6111861944E-03
  0.5653286627E-03
  0.5595078065E-03
  0.5191909330E-03
  0.3987531002E-03
  0.2441898320E-03
  0.1819155521E-03
  0.1761725674E-03
  0.1586380639E-03
  0.1339126183E-03
  0.1074822504E-03
  0.8321473374E-04
  0.6516621091E-04
  0.6476862594E-04
  0.6242353350E-04
  0.5877126433E-04
  0.5435240171E-04
  0.4958215275E-04
  0.4475687030E-04
  0.4007417237E-04
  0.3565599528E-04
  0.3156948986E-04
  0.2784395321E-04
  0.2448365448E-04
  0.2147711347E-04
  0.1880358260E-04
  0.1643744314E-04
  0.1435110232E-04
  0.1251684175E-04
  0.1090794755E-04
  0.9499357528E-05
  0.8267989629E-05
  0.7192864303E-05
  0.6255097357E-05
  0.5437814579E-05
  0.4726022199E-05
  0.4106455482E-05
  0.3567419800E-05
  0.3098424988E-05
  0.2690972204E-05
  0.2336803151E-05
  0.2029033893E-05
  0.1761644064E-05
  0.1529377444E-05
  0.1327650376E-05
  0.1152469193E-05
  0.1000356620E-05
  0.8682866315E-06
  0.7536270509E-06
  0.6540891202E-06
  0.5676832984E-06
  0.4926805842E-06
  0.4275787190E-06
  0.3710726886E-06
  0.3220289991E-06
  0.2794632612E-06
  0.2425206709E-06
  0.2104590202E-06
  0.1826339168E-06
  0.1584859312E-06
  0.1375294219E-06
  0.1193428236E-06
  0.1035602085E-06
  0.8986395461E-07
  0.7797837722E-07
  0.6766419823E-07
  0.5871374307E-07
  0.5094677010E-07
  0.4420684926E-07
  0.3835821885E-07
  0.3328305604E-07
  0.2887910771E-07
  0.2505763408E-07
  0.2174162345E-07
  0.1886424280E-07
  0.1636749318E-07
  0.1420104212E-07
  0.1232121070E-07
  0.1069009416E-07
  0.9274799188E-08
  0.8046780930E-08
