  0.3742999277E+00
  0.2626801831E+00
  0.2519930400E+00
  0.2139431696E+00
  0.2157983054E+00
  0.2333333039E+00
  0.2641420836E+00
  0.2938759908E+00
  0.3155739974E+00
  0.3268345102E+00
  0.3278687438E+00
  0.3180237710E+00
  0.2967015503E+00
  0.2667833253E+00
  0.2045349260E+00
  0.1497948420E+00
  0.1070123177E+00
  0.7699667682E-01
  0.5857385523E-01
  0.4894838799E-01
  0.4480120241E-01
  0.4336771292E-01
  0.4260956597E-01
  0.4141395461E-01
  0.3941962797E-01
  0.3624080355E-01
  0.3171491611E-01
  0.2633020793E-01
  0.2092477045E-01
  0.1623823208E-01
  0.1262412470E-01
  0.1005580500E-01
  0.8301295622E-02
  0.7049734160E-02
  0.6036586440E-02
  0.5121661705E-02
  0.4266632104E-02
  0.3493928446E-02
  0.2822926591E-02
  0.2253259155E-02
  0.1776365938E-02
  0.1386165857E-02
  0.9728284548E-03
  0.7115688697E-03
  0.5656218074E-03
  0.4903793263E-03
  0.4237952488E-03
  0.3374455373E-03
  0.2609711197E-03
  0.2097271765E-03
  0.1747607836E-03
  0.1494761790E-03
  0.1307460067E-03
  0.1157433236E-03
  0.1025143375E-03
  0.9031739460E-04
  0.7910672437E-04
  0.6900988014E-04
  0.6009227609E-04
  0.5231833657E-04
  0.4558510070E-04
  0.3976285029E-04
  0.3472226632E-04
  0.3034752894E-04
  0.2654023100E-04
  0.2321864806E-04
  0.2031525892E-04
  0.1777399790E-04
  0.1554784547E-04
  0.1359691616E-04
  0.1188701132E-04
  0.1038854381E-04
  0.9075739004E-05
  0.7926032245E-05
  0.6919604116E-05
  0.6039011827E-05
  0.5268888547E-05
  0.4595691782E-05
  0.4007488420E-05
  0.3493768162E-05
  0.3045279774E-05
  0.2653731143E-05
  0.2312351400E-05
  0.2014609590E-05
  0.1755006294E-05
  0.1528716936E-05
  0.1331513182E-05
  0.1159692381E-05
  0.1010014598E-05
  0.8796466591E-06
  0.7661125514E-06
  0.6672495718E-06
  0.5811696056E-06
  0.5062250055E-06
  0.4409785489E-06
  0.3841770300E-06
  0.3347280629E-06
  0.2916797337E-06
  0.2542027625E-06
  0.2215748817E-06
  0.1931671626E-06
  0.1684320594E-06
  0.1468929581E-06
  0.1281350507E-06
  0.1117973638E-06
  0.9756580704E-07
  0.8516710752E-07
  0.7436352193E-07
  0.6494822871E-07
  0.5674131212E-07
  0.4958626727E-07
  0.4334695186E-07
  0.3790493921E-07
  0.3315720804E-07
  0.2901413584E-07
  0.2539775425E-07
  0.2224022554E-07
  0.1948252573E-07
  0.1707329237E-07
  0.1496782620E-07
  0.1312722136E-07
  0.1151761112E-07
  0.1010951142E-07
  0.8877247490E-08
