   0.1515526074E+01
   0.1172568767E+01
   0.9046894381E+00
   0.7822826941E+00
   0.7159015662E+00
   0.6612886256E+00
   0.6267961205E+00
   0.5954590000E+00
   0.5666714364E+00
   0.5400383946E+00
   0.5153036259E+00
   0.4923676870E+00
   0.4712339177E+00
   0.4519100934E+00
   0.4279839251E+00
   0.4073423569E+00
   0.3896212582E+00
   0.3743889650E+00
   0.3613099479E+00
   0.3501451263E+00
   0.3406896955E+00
   0.3327155402E+00
   0.3259636744E+00
   0.3201692146E+00
   0.3151075639E+00
   0.3106088552E+00
   0.3065765325E+00
   0.3029994682E+00
   0.2998953004E+00
   0.2972457686E+00
   0.2949869175E+00
   0.2930493438E+00
   0.2913898711E+00
   0.2899797370E+00
   0.2887874381E+00
   0.2877813799E+00
   0.2869338967E+00
   0.2862187461E+00
   0.2856093623E+00
   0.2850862998E+00
   0.2846370702E+00
   0.2842513767E+00
   0.2839264679E+00
   0.2835682961E+00
   0.2832838448E+00
   0.2830545963E+00
   0.2828589570E+00
   0.2826762967E+00
   0.2825006634E+00
   0.2823401927E+00
   0.2822031852E+00
   0.2820931023E+00
   0.2820090034E+00
   0.2819464179E+00
   0.2819006112E+00
   0.2818672741E+00
   0.2818430054E+00
   0.2818252441E+00
   0.2818122650E+00
   0.2818028763E+00
   0.2817961897E+00
   0.2817912737E+00
   0.2817877706E+00
   0.2817852226E+00
   0.2817834160E+00
   0.2817820756E+00
   0.2817810742E+00
   0.2817804095E+00
   0.2817799145E+00
   0.2817795403E+00
   0.2817792562E+00
   0.2817790396E+00
   0.2817789516E+00
   0.2817789111E+00
   0.2817788765E+00
   0.2817788468E+00
   0.2817788212E+00
   0.2817787991E+00
   0.2817787801E+00
   0.2817787636E+00
   0.2817787493E+00
   0.2817787369E+00
   0.2817787261E+00
   0.2817787167E+00
   0.2817787086E+00
   0.2817787015E+00
   0.2817786954E+00
   0.2817786900E+00
   0.2817786853E+00
   0.2817786812E+00
   0.2817786776E+00
   0.2817786745E+00
   0.2817786717E+00
   0.2817786693E+00
   0.2817786672E+00
   0.2817786654E+00
   0.2817786638E+00
   0.2817786624E+00
   0.2817786611E+00
   0.2817786600E+00
   0.2817786591E+00
   0.2817786582E+00
   0.2817786575E+00
   0.2817786569E+00
   0.2817786563E+00
   0.2817786558E+00
   0.2817786553E+00
   0.2817786550E+00
   0.2817786546E+00
   0.2817786543E+00
   0.2817786541E+00
   0.2817786538E+00
   0.2817786536E+00
   0.2817786535E+00
   0.2817786533E+00
   0.2817786532E+00
   0.2817786530E+00
   0.2817786529E+00
   0.2817786528E+00
   0.2817786527E+00
   0.2817786527E+00
   0.2817786526E+00
   0.2817786526E+00
   0.2817786525E+00
   0.2817786525E+00
