   0.1500000000E+01
   0.1139803594E+01
   0.8384084110E+00
   0.6925078573E+00
   0.6151854472E+00
   0.5559370138E+00
   0.5204511012E+00
   0.4898542751E+00
   0.4629182034E+00
   0.4387805353E+00
   0.4168524305E+00
   0.3967637623E+00
   0.3783080602E+00
   0.3613777243E+00
   0.3404819000E+00
   0.3221120769E+00
   0.3061357196E+00
   0.2923131895E+00
   0.2803920557E+00
   0.2701514422E+00
   0.2613951380E+00
   0.2539313690E+00
   0.2475661822E+00
   0.2421078134E+00
   0.2373844517E+00
   0.2332526681E+00
   0.2296026636E+00
   0.2263716001E+00
   0.2235358252E+00
   0.2210834893E+00
   0.2189825099E+00
   0.2171833542E+00
   0.2156420074E+00
   0.2143258666E+00
   0.2132070978E+00
   0.2122594514E+00
   0.2114592420E+00
   0.2107853425E+00
   0.2102152844E+00
   0.2097290940E+00
   0.2093121768E+00
   0.2089541566E+00
   0.2086526585E+00
   0.2083197154E+00
   0.2080495700E+00
   0.2078287453E+00
   0.2076429159E+00
   0.2074776044E+00
   0.2073247692E+00
   0.2071847739E+00
   0.2070612299E+00
   0.2069573695E+00
   0.2068742560E+00
   0.2068098773E+00
   0.2067613565E+00
   0.2067253608E+00
   0.2066988286E+00
   0.2066792301E+00
   0.2066647700E+00
   0.2066541764E+00
   0.2066464960E+00
   0.2066407499E+00
   0.2066365469E+00
   0.2066334044E+00
   0.2066310905E+00
   0.2066293156E+00
   0.2066279412E+00
   0.2066269557E+00
   0.2066261844E+00
   0.2066255720E+00
   0.2066250824E+00
   0.2066246883E+00
   0.2066244469E+00
   0.2066242738E+00
   0.2066241244E+00
   0.2066239954E+00
   0.2066238838E+00
   0.2066237872E+00
   0.2066237036E+00
   0.2066236312E+00
   0.2066235684E+00
   0.2066235139E+00
   0.2066234666E+00
   0.2066234256E+00
   0.2066233900E+00
   0.2066233590E+00
   0.2066233321E+00
   0.2066233087E+00
   0.2066232884E+00
   0.2066232707E+00
   0.2066232553E+00
   0.2066232418E+00
   0.2066232302E+00
   0.2066232200E+00
   0.2066232112E+00
   0.2066232034E+00
   0.2066231967E+00
   0.2066231909E+00
   0.2066231858E+00
   0.2066231813E+00
   0.2066231774E+00
   0.2066231741E+00
   0.2066231711E+00
   0.2066231685E+00
   0.2066231663E+00
   0.2066231643E+00
   0.2066231626E+00
   0.2066231611E+00
   0.2066231598E+00
   0.2066231587E+00
   0.2066231577E+00
   0.2066231568E+00
   0.2066231560E+00
   0.2066231554E+00
   0.2066231548E+00
   0.2066231543E+00
   0.2066231538E+00
   0.2066231535E+00
   0.2066231531E+00
   0.2066231528E+00
   0.2066231526E+00
   0.2066231523E+00
   0.2066231521E+00
   0.2066231520E+00
   0.2066231518E+00
