   0.1000000000E+01
   0.1500000000E+01
   0.2250000000E+01
   0.3375000000E+01
   0.5062500000E+01
   0.3375000000E+01
   0.3375000000E+01
   0.5062500000E+01
   0.3375000000E+01
   0.5062500000E+01
   0.7593750000E+01
   0.1139062500E+02
   0.1708593750E+02
   0.1708593750E+02
   0.2562890625E+02
   0.3844335938E+02
   0.2562890625E+02
   0.3844335938E+02
   0.3844335938E+02
   0.5766503906E+02
   0.8649755859E+02
   0.1297463379E+03
   0.1946195068E+03
   0.1946195068E+03
   0.5766503906E+02
   0.0000000000E+00
