   0.5624878683E-01
   0.5253082048E-01
   0.4224648643E-01
   0.2201346829E-01
   0.5481847202E-02
   0.1378184376E-02
   0.3167612288E-03
   0.3702316510E-04
   0.1098138416E-04
   0.2492429358E-04
   0.2906709948E-04
   0.3117989204E-04
   0.3304866879E-04
   0.3451714903E-04
   0.3604085790E-04
   0.3754431592E-04
   0.3834501914E-04
   0.3915957291E-04
   0.3974195791E-04
   0.4029017927E-04
   0.4074296934E-04
   0.4106174100E-04
   0.4124873632E-04
   0.4132591263E-04
   0.4134229979E-04
   0.0000000000E+00
