   0.1329968760E-02
   0.3084031107E-02
   0.7898503723E-02
   0.1712244582E-01
   0.2406503831E-01
   0.2550878458E-01
   0.2571484826E-01
   0.2563919442E-01
   0.2558206491E-01
   0.2552556536E-01
   0.2548252457E-01
   0.2545428814E-01
   0.2543780611E-01
   0.2543074590E-01
   0.2542665285E-01
   0.2542466900E-01
   0.2542415250E-01
   0.2542390880E-01
   0.2542387744E-01
   0.2542393950E-01
   0.2542404986E-01
   0.2542415748E-01
   0.2542423237E-01
   0.2542426620E-01
   0.2542427364E-01
   0.0000000000E+00
