   0.1233052585E+02
   0.4613913408E+01
   0.1805906357E+01
   0.1180009113E+01
   0.9974496316E+00
   0.9429787560E+00
   0.9146571008E+00
   0.8959197555E+00
   0.8890945096E+00
   0.8843019931E+00
   0.8816567742E+00
   0.8807905081E+00
   0.8809515468E+00
   0.8813426734E+00
   0.8818333162E+00
   0.8822780158E+00
   0.8824978382E+00
   0.8827120417E+00
   0.8828526024E+00
   0.8829738346E+00
   0.8830664086E+00
   0.8831248874E+00
   0.8831552765E+00
   0.8831664658E+00
   0.8831685995E+00
   0.0000000000E+00
