   0.5675900728E+01
   0.1831624437E+01
   0.8756186042E-01
   0.4553348195E+00
   0.5612215794E+00
   0.5780227175E+00
   0.5848574546E+00
   0.5890009656E+00
   0.5904977088E+00
   0.5916308250E+00
   0.5924128330E+00
   0.5929070665E+00
   0.5931927610E+00
   0.5933166367E+00
   0.5933905458E+00
   0.5934293053E+00
   0.5934410678E+00
   0.5934483820E+00
   0.5934512834E+00
   0.5934525220E+00
   0.5934525866E+00
   0.5934521475E+00
   0.5934516997E+00
   0.5934514678E+00
   0.5934514144E+00
   0.0000000000E+00
