   0.5890872435E-01
   0.5869888270E-01
   0.5804349387E-01
   0.5625835993E-01
   0.5361192382E-01
   0.5239575353E-01
   0.5174645774E-01
   0.5131541200E-01
   0.5115314843E-01
   0.5102620643E-01
   0.5093598205E-01
   0.5087739639E-01
   0.5084256355E-01
   0.5082697465E-01
   0.5081726485E-01
   0.5081179368E-01
   0.5080995998E-01
   0.5080865803E-01
   0.5080801292E-01
   0.5080758882E-01
   0.5080735674E-01
   0.5080725321E-01
   0.5080721601E-01
   0.5080720649E-01
   0.5080720498E-01
   0.0000000000E+00
