   0.1666620770E+01
   0.7018676378E+00
   0.2561432305E+00
   0.1019463303E+00
   0.6158460943E-01
   0.5449606345E-01
   0.5237493905E-01
   0.5149017934E-01
   0.5123018406E-01
   0.5105985223E-01
   0.5095039603E-01
   0.5088328791E-01
   0.5084481526E-01
   0.5082796108E-01
   0.5081766652E-01
   0.5081194258E-01
   0.5081003443E-01
   0.5080869292E-01
   0.5080803016E-01
   0.5080759634E-01
   0.5080735948E-01
   0.5080725402E-01
   0.5080721621E-01
   0.5080720654E-01
   0.5080720501E-01
   0.0000000000E+00
