   0.9320174561E-01
   0.2085727763E+00
   0.4845201189E+00
   0.8680080119E+00
   0.1059118269E+01
   0.1232478094E+01
   0.1448553973E+01
   0.1746989684E+01
   0.1767326249E+01
   0.1786471165E+01
   0.1794877224E+01
   0.1799148055E+01
   0.1800319660E+01
   0.1800079783E+01
   0.1799348935E+01
   0.1798397330E+01
   0.1797841697E+01
   0.1797177426E+01
   0.1796660593E+01
   0.1796141274E+01
   0.1795711011E+01
   0.1795427537E+01
   0.1795283239E+01
   0.1795234224E+01
   0.1795224996E+01
   0.0000000000E+00
