   0.2964318560E+01
   0.1186761649E+01
   0.4444581019E+00
   0.2785710404E+00
   0.2930768407E+00
   0.3267492146E+00
   0.3582845913E+00
   0.3907112547E+00
   0.4065765726E+00
   0.4222698330E+00
   0.4364196072E+00
   0.4483119549E+00
   0.4580126134E+00
   0.4641221386E+00
   0.4699034448E+00
   0.4753246265E+00
   0.4780391175E+00
   0.4808604114E+00
   0.4828444541E+00
   0.4846801540E+00
   0.4861127323E+00
   0.4870245734E+00
   0.4874869492E+00
   0.4876488360E+00
   0.4876801562E+00
   0.0000000000E+00
