   0.0000000000E+00
   0.8003271821E+00
   0.5358113281E+00
   0.1623552530E+00
   0.1393126613E-01
   0.6913665104E-01
   0.1175392176E+00
   0.7980453095E-01
   0.1369831143E+00
   0.6484204176E-01
   0.3800215860E-01
   0.1553685471E-01
   0.9262089446E-02
   0.7029805027E-02
   0.3764457411E-02
   0.1825504029E-02
   0.1310879852E-02
   0.8731716577E-03
   0.6261958110E-03
   0.4931763965E-03
   0.3145065465E-03
   0.1591568904E-03
   0.6473184770E-04
   0.2682091211E-04
   0.2048838924E-04
   0.0000000000E+00
