   0.8923546507E-01
   0.1996728179E+00
   0.4641886719E+00
   0.8376447470E+00
   0.1013931266E+01
   0.1069136651E+01
   0.1117539218E+01
   0.1079804531E+01
   0.1136983114E+01
   0.1064842042E+01
   0.1038002159E+01
   0.1015536855E+01
   0.1009262089E+01
   0.1007029805E+01
   0.1003764457E+01
   0.1001825504E+01
   0.1001310880E+01
   0.1000873172E+01
   0.1000626196E+01
   0.1000493176E+01
   0.1000314507E+01
   0.1000159157E+01
   0.1000064732E+01
   0.1000026821E+01
   0.1000020488E+01
   0.0000000000E+00
