   0.1000313263E+01
   0.4007025748E+00
   0.1238822626E+00
   0.2873923964E-01
   0.4878743945E-02
   0.1150438719E-02
   0.2716883970E-03
   0.4641598870E-04
   0.1095907299E-04
   0.1868851799E-05
   0.2245804637E-06
   0.1869252422E-07
   0.1065138710E-08
   0.6068747661E-10
   0.2350193445E-11
   0.1000000000E-11
   0.1000000000E-11
   0.1000000000E-11
   0.1000000000E-11
   0.1000000000E-11
   0.1000000000E-11
   0.1000000000E-11
   0.1000000000E-11
   0.1000000000E-11
   0.1000000000E-11
   0.0000000000E+00
