   0.5057075389E-13
   0.2435138492E-12
   0.7322549903E-11
   0.1192188882E-14
   0.3116340665E-15
   0.3038169256E-12
   0.4366326582E-13
   0.7078548855E-13
   0.5692009582E-14
   0.9338049215E-12
   0.1835588469E-12
   0.3020339123E-11
   0.1247717388E-11
   0.8600963106E-14
   0.1754411100E-12
   0.1270906566E-13
   0.5043458642E-11
   0.1018653277E-10
   0.5986046412E-11
   0.8039726145E-12
   0.1071421759E-10
   0.6543397710E-11
   0.1760358196E-10
   0.1702246931E-10
   0.2653264514E-12
   0.0000000000E+00
