   0.8346403540E+00
   0.3540178500E+00
   0.1359701190E+00
   0.6809561099E-01
   0.5485734302E-01
   0.5275681631E-01
   0.5190231778E-01
   0.5138428409E-01
   0.5119715694E-01
   0.5105549148E-01
   0.5095772259E-01
   0.5089593210E-01
   0.5086021374E-01
   0.5084472644E-01
   0.5083548611E-01
   0.5083064029E-01
   0.5082916971E-01
   0.5082825526E-01
   0.5082789252E-01
   0.5082773767E-01
   0.5082772960E-01
   0.5082778449E-01
   0.5082784048E-01
   0.5082786947E-01
   0.5082787615E-01
   0.0000000000E+00
