   0.8333103852E+00
   0.3509338189E+00
   0.1280716152E+00
   0.5097316517E-01
   0.3079230472E-01
   0.2724803173E-01
   0.2618746952E-01
   0.2574508967E-01
   0.2561509203E-01
   0.2552992611E-01
   0.2547519802E-01
   0.2544164396E-01
   0.2542240763E-01
   0.2541398054E-01
   0.2540883326E-01
   0.2540597129E-01
   0.2540501722E-01
   0.2540434646E-01
   0.2540401508E-01
   0.2540379817E-01
   0.2540367974E-01
   0.2540362701E-01
   0.2540360810E-01
   0.2540360327E-01
   0.2540360250E-01
   0.0000000000E+00
