  0.15000000000000002     
  0.22500000000000003     
  0.33750000000000002     
  0.50625000000000009     
  0.75937500000000013     
   1.1390625000000001     
   1.7085937500000001     
   2.5628906250000001     
   1.1390625000000001     
  0.75937500000000002     
  0.50624999999999998     
  0.50624999999999998     
  0.50624999999999998     
  0.33749999999999997     
  0.33749999999999997     
  0.33749999999999997     
  0.33749999999999997     
  0.33749999999999997     
  0.33749999999999997     
  0.22499999999999998     
  0.22499999999999998     
  0.22499999999999998     
  0.22499999999999998     
  0.22499999999999998     
  0.22499999999999998     
  0.14999999999999999     
  0.14999999999999999     
   9.9999999999999992E-002
   9.9999999999999992E-002
   9.9999999999999992E-002
   9.9999999999999992E-002
   9.9999999999999992E-002
   9.9999999999999992E-002
   9.9999999999999992E-002
   9.9999999999999992E-002
   9.9999999999999992E-002
   9.9999999999999992E-002
   6.6666666666666666E-002
   6.6666666666666666E-002
   6.6666666666666666E-002
   6.6666666666666666E-002
  0.10000000000000001     
  0.10000000000000002     
  0.15000000000000002     
  0.15000000000000002     
  0.10000000000000002     
  0.10000000000000002     
   6.6666666666666680E-002
   6.6666666666666680E-002
   6.6666666666666680E-002
   6.6666666666666680E-002
   6.6666666666666680E-002
  0.10000000000000002     
  0.15000000000000002     
  0.15000000000000002     
  0.15000000000000002     
  0.15000000000000002     
  0.15000000000000002     
  0.15000000000000002     
  0.15000000000000002     
  0.15000000000000002     
  0.22500000000000003     
  0.22500000000000001     
  0.22500000000000001     
  0.22500000000000001     
  0.22500000000000001     
  0.22500000000000001     
  0.33750000000000002     
  0.33750000000000008     
  0.22500000000000006     
  0.22500000000000006     
  0.15000000000000005     
  0.15000000000000005     
  0.15000000000000005     
  0.15000000000000005     
  0.15000000000000005     
  0.22500000000000009     
  0.22500000000000009     
  0.33750000000000013     
  0.50625000000000020     
  0.75937500000000036     
   1.1390625000000005     
   1.1390625000000005     
   1.1390625000000005     
   1.7085937500000008     
   1.7085937500000010     
   1.7085937500000010     
   1.7085937500000010     
   1.7085937500000010     
   1.7085937500000010     
   1.7085937500000010     
   1.7085937500000010     
   1.7085937500000010     
   1.7085937500000010     
   1.7085937500000010     
   1.7085937500000010     
   1.7085937500000010     
   1.7085937500000010     
   1.7085937500000010     
   1.7085937500000010     
