           1        317
 time -1e30 
         266
           1   0.007633587786259542
          10   0.007633587786259542
         100   0.007633587786259542
         101   0.007633587786259542
         102   0.007633587786259542
         103   0.007633587786259542
         104   0.007633587786259542
         105   0.007633587786259542
         106   0.007633587786259542
         107   0.007633587786259542
         108   0.007633587786259542
         109   0.007633587786259542
          11   0.007633587786259542
         113   0.007633587786259542
         114   0.007633587786259542
         115   0.007633587786259542
         116   0.007633587786259542
         117   0.007633587786259542
         118   0.007633587786259542
         119   0.007633587786259542
          12   0.007633587786259542
         120   0.007633587786259542
         121   0.007633587786259542
         122   0.007633587786259542
         123   0.007633587786259542
         124   0.007633587786259542
         125   0.007633587786259542
         126   0.007633587786259542
         127   0.007633587786259542
          13   0.007633587786259542
         139 -0.007407407407407408
         140 -0.007407407407407408
         141 -0.007407407407407408
         142   0.007633587786259542
         143   0.007633587786259542
         144   0.007633587786259542
         145   0.007633587786259542
         146   0.007633587786259542
         147   0.007633587786259542
         148   0.007633587786259542
         149   0.007633587786259542
         150   0.007633587786259542
         151   0.007633587786259542
         152   0.007633587786259542
         153   0.007633587786259542
         154   0.007633587786259542
         155   0.007633587786259542
         156   0.007633587786259542
         157   0.007633587786259542
         158   0.007633587786259542
         159   0.007633587786259542
         160   0.007633587786259542
         170 -0.007407407407407408
         171 -0.007407407407407408
         175 -0.007407407407407408
         176 -0.007407407407407408
          18   0.007633587786259542
          19   0.007633587786259542
         192 -0.007407407407407408
         195 -0.007407407407407408
         196 -0.007407407407407408
         197 -0.007407407407407408
         198 -0.007407407407407408
           2   0.007633587786259542
          20   0.007633587786259542
         200 -0.007407407407407408
         201 -0.007407407407407408
         202 -0.007407407407407408
         203 -0.007407407407407408
         204 -0.007407407407407408
         205 -0.007407407407407408
         206 -0.007407407407407408
         207 -0.007407407407407408
         208 -0.007407407407407408
         209 -0.007407407407407408
          21   0.007633587786259542
         210 -0.007407407407407408
         211 -0.007407407407407408
         212 -0.007407407407407408
         213 -0.007407407407407408
         214 -0.007407407407407408
         215 -0.007407407407407408
         216 -0.007407407407407408
         217 -0.007407407407407408
         218 -0.007407407407407408
         219 -0.007407407407407408
          22   0.007633587786259542
         220 -0.007407407407407408
         221 -0.007407407407407408
         222 -0.007407407407407408
         223 -0.007407407407407408
         224 -0.007407407407407408
         225 -0.007407407407407408
         226 -0.007407407407407408
         227 -0.007407407407407408
         228 -0.007407407407407408
         229 -0.007407407407407408
          23   0.007633587786259542
         230 -0.007407407407407408
         231 -0.007407407407407408
         232 -0.007407407407407408
         233 -0.007407407407407408
         234 -0.007407407407407408
         235 -0.007407407407407408
         236 -0.007407407407407408
         237 -0.007407407407407408
         238 -0.007407407407407408
         239 -0.007407407407407408
          24   0.007633587786259542
         240 -0.007407407407407408
         241 -0.007407407407407408
         242 -0.007407407407407408
         243 -0.007407407407407408
         244 -0.007407407407407408
         245 -0.007407407407407408
         246 -0.007407407407407408
         247 -0.007407407407407408
         248 -0.007407407407407408
         249 -0.007407407407407408
          25   0.007633587786259542
         250 -0.007407407407407408
         251 -0.007407407407407408
         252 -0.007407407407407408
         253 -0.007407407407407408
         254 -0.007407407407407408
         255 -0.007407407407407408
         256 -0.007407407407407408
         257 -0.007407407407407408
         258 -0.007407407407407408
         259 -0.007407407407407408
          26   0.007633587786259542
         260 -0.007407407407407408
         261 -0.007407407407407408
         262 -0.007407407407407408
         263 -0.007407407407407408
         264 -0.007407407407407408
         265 -0.007407407407407408
         266 -0.007407407407407408
         267 -0.007407407407407408
         268 -0.007407407407407408
         269 -0.007407407407407408
          27   0.007633587786259542
         270 -0.007407407407407408
         271 -0.007407407407407408
         272 -0.007407407407407408
         273 -0.007407407407407408
         274 -0.007407407407407408
         275 -0.007407407407407408
         276 -0.007407407407407408
         277 -0.007407407407407408
         278 -0.007407407407407408
         279 -0.007407407407407408
          28   0.007633587786259542
         280 -0.007407407407407408
         281 -0.007407407407407408
         282 -0.007407407407407408
         283 -0.007407407407407408
         284 -0.007407407407407408
         285 -0.007407407407407408
         286 -0.007407407407407408
         287 -0.007407407407407408
         288 -0.007407407407407408
         289 -0.007407407407407408
          29   0.007633587786259542
         290 -0.007407407407407408
         291 -0.007407407407407408
         292 -0.007407407407407408
         293 -0.007407407407407408
         294 -0.007407407407407408
         295 -0.007407407407407408
         296 -0.007407407407407408
         297 -0.007407407407407408
         298 -0.007407407407407408
         299 -0.007407407407407408
           3   0.007633587786259542
          30   0.007633587786259542
         300 -0.007407407407407408
         301 -0.007407407407407408
         302 -0.007407407407407408
         303 -0.007407407407407408
         304 -0.007407407407407408
         305 -0.007407407407407408
         306 -0.007407407407407408
         307 -0.007407407407407408
         308 -0.007407407407407408
         309 -0.007407407407407408
          31   0.007633587786259542
         310 -0.007407407407407408
         311 -0.007407407407407408
         312 -0.007407407407407408
         313 -0.007407407407407408
         314 -0.007407407407407408
         315 -0.007407407407407408
         316 -0.007407407407407408
         317 -0.007407407407407408
          32   0.007633587786259542
          33   0.007633587786259542
          34   0.007633587786259542
          35   0.007633587786259542
          36   0.007633587786259542
          37   0.007633587786259542
          38 -0.007407407407407408
          39 -0.007407407407407408
           4   0.007633587786259542
          40 -0.007407407407407408
          41 -0.007407407407407408
          42   0.007633587786259542
          43   0.007633587786259542
          44   0.007633587786259542
          45   0.007633587786259542
          46   0.007633587786259542
          47   0.007633587786259542
          48   0.007633587786259542
          49   0.007633587786259542
           5   0.007633587786259542
          50   0.007633587786259542
          51   0.007633587786259542
          52   0.007633587786259542
          53   0.007633587786259542
          54   0.007633587786259542
          55   0.007633587786259542
          56   0.007633587786259542
          57   0.007633587786259542
          59   0.007633587786259542
           6   0.007633587786259542
          60   0.007633587786259542
          61   0.007633587786259542
          62   0.007633587786259542
          63   0.007633587786259542
          64   0.007633587786259542
          65   0.007633587786259542
          66   0.007633587786259542
          67   0.007633587786259542
          68   0.007633587786259542
          69   0.007633587786259542
          70   0.007633587786259542
          71   0.007633587786259542
          72   0.007633587786259542
          73   0.007633587786259542
          74   0.007633587786259542
          75   0.007633587786259542
          76   0.007633587786259542
          77   0.007633587786259542
          78   0.007633587786259542
          79   0.007633587786259542
           8   0.007633587786259542
          80   0.007633587786259542
          81   0.007633587786259542
          82   0.007633587786259542
          83   0.007633587786259542
          84   0.007633587786259542
          85   0.007633587786259542
          86   0.007633587786259542
          87   0.007633587786259542
          88   0.007633587786259542
          89   0.007633587786259542
           9   0.007633587786259542
          90   0.007633587786259542
          91   0.007633587786259542
          92   0.007633587786259542
          93   0.007633587786259542
          94   0.007633587786259542
          96 -0.007407407407407408
          97   0.007633587786259542
          98   0.007633587786259542
          99   0.007633587786259542
 time 1e30