1    934
time    0.0
934
1 9.913244400E-2
2 5.790536369E-2
3 2.957330176E-2
4 4.248141006E-2
5 1.530873875E-1
6 1.775845161E-1
7 3.211445899E-2
8 1.247647523E-1
9 1.857239052E-1
10 1.796043992E-1
11 2.199467761E-1
12 2.444439047E-1
13 6.811371832E-2
14 1.444968249E-1
15 1.383773189E-1
16 1.787196958E-1
17 2.032168244E-1
18 2.572882959E-2
19 1.730482981E-2
20 2.212815487E-2
21 2.633743846E-2
22 3.546267300E-2
23 5.557416037E-2
24 2.918438912E-2
25 3.400771417E-2
26 3.821699776E-2
27 5.197348565E-2
28 4.960233322E+0
29 4.396280130E+0
30 4.207965590E+0
31 3.440719004E-1
32 2.814803330E-1
33 2.428563516E-1
34 1.327157222E-1
35 1.348365950E-1
36 2.032101245E-1
37 3.712114769E-1
38 2.236067397E-1
39 1.058395273E+0
40 2.245677389E-1
41 3.635310548E-1
42 2.699959281E-1
43 1.619761715E-1
44 3.009394874E-1
45 3.978165640E-2
46 2.941470532E-2
47 3.267377803E-2
48 3.323216927E-2
49 2.499108642E-2
50 4.655962588E-2
51 6.060857786E-2
52 3.611431782E-2
53 2.211305467E-2
54 4.472301266E-2
55 3.427770460E-2
56 4.132813055E-1
57 8.425399699E-1
58 6.894517834E-1
59 5.102357487E-1
60 3.587058770E-1
61 5.778782159E-1
62 1.971941035E+0
63 3.458042074E-1
64 3.698405985E-1
65 6.171473132E-1
66 4.640591267E-1
67 2.848430920E-1
68 1.333132203E-1
69 3.524855592E-1
70 1.251000833E-1
71 1.199656361E-1
72 8.933177911E-1
73 1.908508266E+0
74 2.175807043E+0
75 5.610135698E-1
76 4.094836981E-1
77 6.286560371E-1
78 2.022718856E+0
79 4.232281363E-2
80 1.045725500E-2
81 2.304020567E-1
82 1.018877195E-1
83 8.452457881E-1
84 7.257062137E-1
85 5.760883937E-2
86 8.972996724E-3
87 2.128042499E-2
88 8.481989682E-1
89 7.286593939E-1
90 1.437143430E-2
91 1.533347502E-1
92 1.212313173E-1
93 1.917257196E-1
94 1.756506142E-1
95 4.023890993E-1
96 2.322687685E-1
97 4.920794866E-1
98 2.383668515E-1
99 3.247857014E-1
100 9.486041956E-1
101 2.805068212E-1
102 2.318709786E-1
103 2.441784068E-1
104 1.813578292E-1
105 4.411685473E-1
106 2.856856647E-1
107 2.092237743E-1
108 4.632372226E-1
109 5.530930960E-1
110 1.932674676E-1
111 2.710482166E-1
112 1.733558148E-2
113 1.037544313E-1
114 3.910344356E-2
115 2.931168918E-1
116 3.829727652E-1
117 2.771462996E-1
118 3.635651494E-1
119 2.989141616E-1
120 5.529276099E-1
121 6.427834833E-1
122 2.829578549E-1
123 2.115281262E-2
124 1.098525143E-1
125 4.520152656E-2
126 1.075716625E-1
127 6.329278231E-2
128 1.060444633E-1
129 8.200898584E-1
130 1.519924840E-1
131 1.947441650E-1
132 1.033566414E-1
133 1.156640696E-1
134 4.712643800E-2
135 7.228134364E-2
136 3.215292635E-2
137 5.907991117E-1
138 1.670749495E-1
139 9.757759206E-2
140 4.069998040E-1
141 6.985244452E-2
142 3.229011696E-2
143 2.972402724E-2
144 2.854362818E-2
145 5.487893288E-2
146 5.369853382E-2
147 1.203035986E-1
148 1.563447927E+0
149 8.491599674E-1
150 9.881232833E-1
151 8.246821652E-1
152 7.758109782E-1
153 8.185626592E-1
154 7.271751356E-1
155 7.394825638E-1
156 1.300203916E-2
157 3.648192981E-2
158 5.053088179E-2
159 8.349644144E-2
160 6.742133603E-2
161 2.603662176E-2
162 4.861953060E-2
163 8.158509025E-2
164 6.550998484E-2
165 3.545781828E-2
166 3.844458449E-2
167 2.651300017E-2
168 7.379569349E-2
169 4.655427188E-2
170 3.370695573E-2
171 2.177537140E-2
172 4.254730383E-1
173 2.302676634E-1
174 4.494400024E-1
175 6.934353057E-1
176 2.173659938E-1
177 2.414023850E-1
178 2.739431666E-1
179 4.931155056E-1
180 2.657300296E-1
181 2.808849709E-1
182 9.202065325E-1
183 7.371108089E-1
184 2.610414970E-1
185 2.979101306E-1
186 7.052465471E-2
187 8.567959599E-2
188 6.539020752E-2
189 2.896969937E-1
190 3.048519349E-1
191 7.610777730E-1
192 2.850084611E-1
193 1.016605672E-1
194 1.415301202E-1
195 1.209991987E-1
196 9.257376481E-2
197 7.993658017E-2
198 1.801149734E-1
199 2.116373190E-1
200 1.911063976E-1
201 1.626809637E-1
202 1.500437790E-1
203 2.309759505E-1
204 3.198669980E-1
205 2.900917252E-1
206 1.820195952E-1
207 1.693824105E-1
208 2.695608038E-1
209 1.542957494E-1
210 1.565847909E-1
211 1.993364718E-1
212 2.396788488E-1
213 1.504652848E-1
214 5.907776122E-2
215 7.138518948E-2
216 3.310644218E-1
217 3.555615504E-1
218 3.584518513E-1
219 2.983988482E-1
220 3.257862776E-1
221 2.476213762E-2
222 7.204483094E-2
223 4.480340933E-2
224 6.011324661E-2
225 3.287182501E-2
226 1.304950506E-1
227 1.178578660E-1
228 8.015451833E-2
229 1.409569766E-1
230 9.061644434E-2
231 1.125818595E-1
232 3.447569929E-1
233 4.602472843E-2
234 6.242677456E-2
235 4.325994996E-1
236 4.189094243E-2
237 8.596406554E-2
238 3.521493526E-2
239 7.209942125E-2
240 8.898987548E-2
241 4.760516121E-2
242 3.686716772E-2
243 3.128825553E-2
244 3.398318182E-2
245 4.642765735E-2
246 5.440875284E-2
247 3.998935972E-2
248 4.084874515E-2
249 4.882984065E-2
250 1.191139329E-1
251 1.030388275E-1
252 6.165411319E-2
253 1.360043871E-1
254 2.544547627E-2
255 2.287938655E-2
256 4.090340676E-2
257 5.403066373E-2
258 2.748029880E-2
259 5.192543392E-2
260 2.844601449E-1
261 3.270346148E-1
262 3.029619115E-1
263 1.731660531E-2
264 3.534062552E-2
265 1.613620626E-2
266 6.707141896E-2
267 7.405302989E-2
268 5.331835881E-2
269 5.575128008E-2
270 7.145072682E-2
271 6.839823742E-2
272 6.688722213E-2
273 3.277453580E-2
274 1.357011654E-2
275 6.392581297E-2
276 3.737544804E-2
277 2.943552941E-1
278 4.076214134E-1
279 3.369297640E-1
280 5.950043156E-1
281 3.128570608E-1
282 7.270527229E-2
283 1.001249810E-1
284 7.879787443E-2
285 5.050270502E-2
286 3.074825511E-1
287 2.274046814E-1
288 2.797828328E-1
289 3.500570210E-1
290 3.259843178E-1
291 9.577718330E-2
292 7.445007678E-2
293 8.564169772E-2
294 4.723557787E-2
295 6.315165068E-2
296 1.018697854E-1
297 7.465528654E-2
298 9.057135935E-2
299 3.305544621E-1
300 2.504765924E-1
301 3.028547439E-1
302 1.141581802E-2
303 2.274934683E-2
304 9.173429986E-2
305 6.751618855E-2
306 1.004129537E-1
307 7.619484237E-2
308 7.870780949E-2
309 1.207306321E-1
310 1.329610864E-1
311 1.952308404E-1
312 4.373320472E-2
313 3.974447273E-1
314 3.209828369E-1
315 1.126607949E+0
316 4.108387103E-1
317 1.380621397E+0
318 6.648521586E-1
319 1.470477270E+0
320 1.103868838E+0
321 2.451632278E+0
322 4.061397965E-1
323 1.369254608E+0
324 5.852056723E-1
325 1.980646548E-2
326 2.164415747E-1
327 3.513698852E-1
328 2.147161039E-1
329 1.673212284E-1
330 3.214276898E-2
331 5.658790410E-2
332 4.839747521E-2
333 2.809321861E-1
334 3.235066560E-1
335 2.994339528E-1
336 6.478101462E-1
337 7.083187240E-1
338 8.799852796E-1
339 7.830524829E-1
340 6.388213666E-1
341 9.482435786E-1
342 1.135626481E+0
343 2.240859840E-1
344 3.957525396E-1
345 2.988197428E-1
346 9.702027514E-2
347 3.748153266E-1
348 4.835950463E-1
349 9.288648914E-2
350 4.017721711E-2
351 3.450175389E-2
352 6.973195848E-2
353 5.009871868E-2
354 3.209137145E-1
355 8.532892328E-2
356 7.965346006E-2
357 5.429270524E-2
358 6.227380073E-2
359 4.153912965E-2
360 4.397205092E-2
361 5.967149767E-2
362 4.785440762E-2
363 5.510799298E-2
364 6.127431617E-2
365 4.685492306E-2
366 5.483601855E-2
367 3.758968638E-2
368 3.021899077E-2
369 2.909655448E-2
370 3.330583807E-2
371 4.591843752E-2
372 4.135493282E-2
373 4.002260765E-2
374 3.890017136E-2
375 4.310945495E-2
376 9.246127120E-1
377 1.210858754E+0
378 1.344576446E+0
379 2.347841602E+0
380 1.024621328E+0
381 7.645818554E-1
382 9.436477312E-1
383 1.444585062E+0
384 1.050827897E+0
385 1.229893773E+0
386 2.670615069E-2
387 2.558371440E-2
388 2.979299799E-2
389 3.784209275E-2
390 3.891823253E-2
391 5.461935305E-2
392 3.152947574E-2
393 3.573875934E-2
394 4.835135878E-2
395 4.378785409E-2
396 4.486399388E-2
397 6.056511440E-2
398 3.461632304E-2
399 4.687470139E-2
400 4.795084118E-2
401 6.365196170E-2
402 4.508224332E-2
403 6.099831613E-2
404 5.948730084E-2
405 1.638456046E-1
406 7.626456115E-2
407 4.202975392E-2
408 2.019349870E-1
409 4.051873863E-2
410 1.448770424E-1
411 5.729599894E-2
412 1.433184678E-1
413 5.643481144E-2
414 1.607931152E-1
415 7.321207174E-2
416 2.872565782E-1
417 2.071787085E-1
418 2.595568599E-1
419 5.006025928E-2
420 3.375458934E-2
421 1.485621893E-1
422 3.057583448E-1
423 4.578341625E-1
424 5.102123140E-1
425 5.804865021E-1
426 5.564137989E-1
427 4.301344443E-1
428 3.206983483E-1
429 2.043321737E-1
430 3.191397737E-1
431 2.567103252E-1
432 3.715179251E-1
433 5.287140807E-1
434 4.562611174E-1
435 3.593283206E-1
436 2.150972044E-1
437 5.245194163E-1
438 5.309948763E-1
439 3.291954085E-1
440 4.042154200E-1
441 7.157701797E-1
442 4.556236705E-1
443 3.250616225E-1
444 2.898309632E-1
445 3.072826232E-1
446 6.188373829E-1
447 3.586908737E-1
448 2.581567911E+0
449 1.822904160E+0
450 1.502272954E+0
451 2.128904924E+0
452 2.954128010E+0
453 1.753903236E+0
454 9.698543002E-1
455 1.932969112E+0
456 2.270515345E+0
457 2.268612144E+0
458 2.082200804E+0
459 3.930936188E+0
460 3.929032986E+0
461 4.448296229E+0
462 1.640080952E+0
463 1.637573732E+0
464 2.360759894E+0
465 1.617667334E+0
466 2.872669103E+0
467 5.848255942E+0
468 2.187627392E-2
469 2.427337429E-2
470 1.045044560E-1
471 1.830672585E-2
472 3.658071127E-2
473 1.964690974E-2
474 1.816863827E-2
475 1.220198983E-2
476 3.047597525E-2
477 1.354217372E-2
478 2.072276176E-2
479 1.459909020E-2
480 3.287307562E-2
481 1.593927408E-2
482 2.311986213E-2
483 6.032916928E-2
484 4.721372450E-2
485 4.402349933E-2
486 5.599993594E-2
487 1.592820999E-1
488 7.170105646E-2
489 1.603582397E-1
490 7.277719624E-2
491 1.587996651E-1
492 1.760593603E-1
493 2.620818291E-1
494 1.745007856E-1
495 1.457156545E-1
496 4.233678987E-2
497 5.873883600E-2
498 5.717126690E-2
499 4.686519022E-2
500 4.170379152E-1
501 2.632935809E-2
502 6.169966726E-2
503 4.550220589E-1
504 6.937526214E-1
505 9.518271730E-1
506 8.811355236E-1
507 5.989882688E-1
508 8.570628204E-1
509 3.504684559E-1
510 1.585221724E+0
511 1.864700861E+0
512 2.829169248E+0
513 1.332061797E+0
514 6.487683192E+0
515 1.567425957E+0
516 1.398316617E+0
517 2.024948586E+0
518 1.246794750E+0
519 9.344163305E-1
520 1.289802902E+0
521 1.157349911E+0
522 9.882405713E-1
523 6.194660478E-2
524 7.851327674E-1
525 4.204020770E-2
526 4.491514249E+0
527 6.606612759E+0
528 3.900528994E+0
529 3.519080806E-2
530 5.205792420E-2
531 4.453768670E-2
532 3.896821342E-2
533 3.144797592E-2
534 1.653473663E+0
535 1.495763710E+0
536 2.088830486E+0
537 2.040228478E+0
538 1.335790522E+0
539 1.772979613E+0
540 1.240340548E+0
541 1.082630595E+0
542 1.722545336E+0
543 9.788420787E-2
544 1.798261816E-1
545 2.319307224E-1
546 3.036489610E-1
547 1.857028323E-1
548 9.867135143E-2
549 1.100476364E-1
550 1.111430529E-1
551 1.279978240E-1
552 1.801023648E-1
553 5.031343780E-2
554 4.684299382E-2
555 5.821927883E-2
556 5.931469525E-2
557 4.920579267E-1
558 3.167158690E-1
559 2.319114175E-1
560 6.282706287E-1
561 5.434661772E-1
562 9.836572005E-1
563 4.129041292E-1
564 4.569772523E-1
565 3.681241195E-1
566 8.083151428E-1
567 2.375620715E-1
568 2.816351947E-1
569 6.758621513E-1
570 7.235106913E-1
571 1.527576200E-1
572 1.968307432E-1
573 5.929486433E-1
574 6.370217664E-1
575 1.031248723E+0
576 6.626869520E-2
577 5.045687750E-1
578 2.191704050E+0
579 3.016927137E+0
580 1.519819686E+0
581 3.156172437E+0
582 2.567412338E+0
583 4.241567810E+0
584 3.037909331E+0
585 4.038369594E+0
586 2.315612113E+0
587 4.508866586E+0
588 3.989767584E+0
589 7.826255469E-1
590 3.953298715E-2
591 3.657220360E-2
592 5.208751400E-2
593 7.803077247E-2
594 5.412107397E-2
595 4.670050174E-2
596 2.775113074E-2
597 6.637732065E-2
598 8.153226193E-2
599 6.124287346E-2
600 4.080632719E-2
601 4.643504323E-2
602 5.614617383E-2
603 6.721688554E-2
604 4.200844029E-2
605 7.746645901E-2
606 5.717707054E-2
607 3.674052426E-2
608 4.236924031E-2
609 7.233201182E-2
610 5.189546554E-2
611 5.752418159E-2
612 7.830602389E-2
613 2.118570466E-1
614 3.467853570E-1
615 7.605168234E-1
616 3.590524230E-1
617 2.101315758E-1
618 1.627367003E-1
619 2.688252536E-2
620 3.118119280E-2
621 3.695019686E-2
622 3.558238598E-2
623 3.181106070E-2
624 8.514558167E-2
625 2.691377059E-2
626 2.740763240E-2
627 2.363630712E-2
628 7.697082809E-2
629 2.146126938E-2
630 3.160607707E-2
631 3.723479312E-2
632 1.679824684E-2
633 2.650937744E-2
634 3.758008915E-2
635 1.237164390E-2
636 1.800035995E-2
637 5.559802242E-2
638 4.847890488E-2
639 6.577388477E-2
640 9.862715966E-1
641 1.155345707E+0
642 1.188168800E+0
643 7.703527801E-1
644 5.337198697E-1
645 3.169897909E-1
646 5.504691556E-1
647 3.353980536E-1
648 3.320433704E-1
649 9.722499834E-1
650 7.195432660E-1
651 5.044721639E-1
652 5.290037645E-1
653 5.438489107E-2
654 7.697084371E-2
655 4.686465357E-2
656 3.629727054E-2
657 3.094617526E-2
658 2.374909659E-2
659 3.273557036E-2
660 3.649812880E-2
661 5.291993579E-2
662 2.930105014E-2
663 2.771149055E-2
664 4.756884051E-2
665 2.394995486E-2
666 3.293642862E-2
667 4.204659524E-2
668 5.186836906E-2
669 2.361497471E-1
670 3.908652412E-1
671 4.379931973E-1
672 4.086153932E-1
673 4.919290140E-1
674 2.336837278E-1
675 2.354294790E-1
676 1.727346523E-1
677 2.198626083E-1
678 2.737984251E-1
679 1.365535536E-1
680 3.745781025E-1
681 2.012188313E-1
682 2.519707881E-1
683 1.702686330E-1
684 1.720143843E-1
685 2.912690478E-1
686 4.756418753E-1
687 2.173965891E-1
688 2.191423403E-1
689 3.383970039E-1
690 7.842128220E-2
691 4.831509206E-2
692 7.090104470E-2
693 3.548326025E-1
694 5.339783510E-1
695 5.434204662E-1
696 2.136697245E-1
697 4.067666850E-1
698 3.593718095E-1
699 2.585742853E-1
700 3.290531743E-1
701 4.803187977E-1
702 1.758899397E-1
703 1.600101712E-1
704 1.566993324E-1
705 2.929616175E-1
706 4.206415023E-1
707 1.680989399E-1
708 3.391559197E-1
709 4.721073660E-1
710 5.997872508E-1
711 4.848580047E-1
712 3.840604806E-1
713 4.545393696E-1
714 3.380504338E-1
715 2.620443385E-1
716 3.337625771E-1
717 1.213203549E-1
718 2.158164484E-1
719 1.287849676E-1
720 3.901549746E-1
721 4.618732131E-1
722 2.494309909E-1
723 4.829103556E-1
724 2.505442737E-1
725 2.678392536E-1
726 2.644845705E-1
727 3.858671179E-1
728 1.734248957E-1
729 4.069042604E-1
730 1.745381785E-1
731 1.918331584E-1
732 3.878220226E-2
733 1.516331660E-2
734 3.591908211E-1
735 1.092080243E+0
736 6.906158427E-1
737 3.550564279E-1
738 5.416949954E-1
739 4.943001200E-1
740 7.729222875E-1
741 3.714578871E-1
742 3.589847230E-2
743 2.225370398E-1
744 1.104347309E+0
745 7.627191498E-1
746 3.673234939E-1
747 5.539620614E-1
748 2.296973134E-1
749 2.977068357E-1
750 2.615210920E-1
751 3.319999810E-1
752 1.130183799E-1
753 7.683263630E-2
754 1.473115253E-1
755 2.451431342E-1
756 3.396392278E-1
757 2.686459879E-1
758 3.055081046E-1
759 2.526077469E-1
760 2.661802768E-1
761 4.775449159E-2
762 5.234210187E-2
763 2.672935596E-1
764 2.845885395E-1
765 2.812338563E-1
766 5.222245759E-2
767 7.042631046E-2
768 3.561363122E-2
769 8.517682690E-2
770 2.966726819E-2
771 6.749464603E-2
772 6.739568144E-2
773 1.038585528E-1
774 1.333208728E-1
775 1.000398692E-1
776 9.261929699E-2
777 1.132298579E-1
778 9.554118636E-2
779 1.038801256E-1
780 9.475019470E-2
781 7.707512264E-2
782 6.964910960E-2
783 7.817053906E-2
784 1.094111743E-1
785 1.065374427E-1
786 9.911142963E-2
787 1.076328591E-1
788 5.236620216E-2
789 9.641955532E-2
790 1.645039670E-1
791 1.506998592E-1
792 1.875619759E-1
793 1.346616182E-1
794 1.386118902E-1
795 1.471333197E-1
796 9.351072712E-2
797 1.303728438E-1
798 1.156537741E-1
799 7.416085089E-2
800 1.065238432E-1
801 7.747248611E-2
802 8.142275808E-2
803 8.994418754E-2
804 1.165687361E-1
805 1.018496663E-1
806 6.035674317E-2
807 6.381255461E-2
808 1.387117830E-1
809 9.721885983E-2
810 1.005304951E-1
811 1.044807670E-1
812 1.130021965E-1
813 8.249979010E-2
814 1.148627824E-1
815 7.627877787E-2
816 1.296132988E-1
817 8.976169729E-2
818 4.446267838E-2
819 3.766028955E-2
820 3.988285646E-2
821 4.990280159E-2
822 4.332771232E-2
823 6.062677527E-2
824 3.472706165E-2
825 3.141622283E-2
826 1.676785080E-1
827 4.281583034E-2
828 5.283577547E-2
829 6.407163114E-2
830 7.540048706E-2
831 4.275786798E-2
832 3.269899865E-2
833 3.701524816E-2
834 3.363832036E-2
835 1.553645434E-2
836 1.517987395E-1
837 2.693606185E-2
838 2.184026467E-1
839 3.576463387E-1
840 3.273277036E-1
841 1.666580652E-2
842 2.088586271E-2
843 3.218111692E-2
844 1.792507916E-2
845 2.922033337E-2
846 2.035253567E-2
847 1.524061924E-2
848 3.344038956E-2
849 2.457259186E-2
850 1.946067543E-2
851 3.586784607E-2
852 3.075592964E-2
853 2.188813195E-2
854 1.484879006E-1
855 2.362522302E-2
856 3.238503181E-1
857 4.124300706E-1
858 4.071639389E-1
859 1.598875082E-1
860 4.515302028E-1
861 4.462640712E-1
862 1.989876404E-1
863 1.880187849E-1
864 5.348438237E-1
865 2.875673929E-1
866 1.131041574E-1
867 9.617035585E-2
868 2.094539391E-1
869 2.799328281E-1
870 1.791353039E-1
871 3.307411072E-2
872 2.793497457E-2
873 2.823012613E-1
874 2.713324058E-1
875 4.111610100E-2
876 1.529172917E-1
877 2.429675083E-1
878 1.369174964E-1
879 1.800924682E-1
880 1.257394729E-1
881 6.045931185E-2
882 7.422233171E-2
883 4.578306912E-2
884 1.650377327E-1
885 1.126427929E-1
886 4.736263187E-2
887 6.112565173E-2
888 3.873528684E-2
889 4.500031853E-2
890 4.305153635E-2
891 3.967460855E-2
892 1.112112686E-1
893 1.249742885E-1
894 9.653502587E-2
895 2.157896894E-1
896 1.069001731E-1
897 5.969412743E-2
898 3.730376254E-2
899 4.356879423E-2
900 5.106678240E-2
901 5.733181409E-2
902 5.538303191E-2
903 1.483287082E-2
904 1.085978066E-2
905 1.219996454E-2
906 1.358332856E-1
907 2.690642718E-2
908 9.972625646E-3
909 1.715321369E-2
910 2.824661107E-2
911 7.092017228E-2
912 6.714884700E-2
913 1.204833680E-1
914 8.063176642E-2
915 3.233616775E-2
916 8.567068871E-2
917 3.016113000E-2
918 8.189936343E-2
919 3.494144920E-2
920 3.299266702E-2
921 2.961573922E-2
922 3.393198873E-2
923 6.870959848E-2
924 4.976022749E-2
925 5.900642239E-2
926 5.158040935E-2
927 6.010183881E-2
928 6.295669436E-2
929 7.147812382E-2
930 6.405211078E-2
931 4.233965525E-2
932 4.210954404E-2
933 8.616289720E-2
934 8.528451589E-2
time 1e+30