           1         934
 time -1.0e30
         934
           1   1.7962210954393709E-002
           2   9.2793391394275244E-003
           3   2.5346896909712965E-002
           4   1.6606066554733435E-002
           5   2.5685690917152382E-002
           6   2.2275466774816444E-002
           7   2.3336118127203005E-002
           8   1.5566283405486527E-002
           9   1.0833331338461897E-002
          10   1.8375676720086779E-002
          11   1.3737779598356106E-002
          12   1.8858028788150079E-002
          13   2.0052074778617236E-002
          14   2.3381920896197183E-002
          15   2.1666662676923864E-002
          16   2.7419535163484509E-002
          17   2.7475559196712022E-002
          18   3.1023021111178706E-002
          19   1.1325833900876664E-002
          20   3.4863982766646859E-002
          21   2.5912823718919193E-002
          22   1.9480890676306047E-002
          23   1.6170683698922307E-002
          24   3.1079050990606559E-002
          25   1.1325833900876660E-002
          26   2.1244717589331431E-002
          27   2.1481826151592203E-002
          28   2.2385681301094428E-002
          29   1.2887871714423620E-002
          30   2.0311551590663748E-002
          31   2.3721202798670099E-002
          32   1.6024327659857760E-002
          33   9.9423380828627863E-003
          34   3.2154052520120116E-002
          35   2.7039630531745573E-002
          36   2.1421342618181849E-002
          37   1.0448617629107752E-002
          38   2.1603403086988080E-002
          39   2.3633853980095369E-002
          40   1.2018401691000389E-002
          41   1.3185627014067024E-002
          42   2.1318518946173676E-002
          43   1.9990912895095518E-002
          44   2.1532395386244449E-002
          45   1.2713283882788686E-002
          46   1.2599209791843168E-002
          47   1.8364191279980995E-002
          48   1.5712937528044840E-002
          49   2.7572735215257597E-002
          50   1.5399334282012513E-002
          51   2.3054942070219121E-002
          52   2.0227470743285399E-002
          53   3.2431526263618574E-002
          54   2.3504980967101522E-002
          55   3.2431526263618574E-002
          56   3.1250000000000000E-002
          57   2.7976851517785051E-002
          58   1.8473902567541858E-002
          59   1.3229150656729355E-002
          60   3.2243771064957912E-002
          61   2.4361191379031644E-002
          62   3.2904662028043985E-002
          63   2.5575653526499730E-002
          64   3.3615144807677293E-002
          65   2.1141611977829676E-002
          66   1.5145062610171142E-002
          67   3.5545535327344113E-002
          68   1.3229150656729355E-002
          69   2.6558987179763304E-002
          70   2.2042980752607591E-002
          71   2.8642366454735731E-002
          72   1.2835633801338658E-002
          73   2.8131658546933173E-002
          74   1.4044154610820217E-002
          75   2.7207077621548587E-002
          76   2.2724452985427798E-002
          77   2.6458301313458710E-002
          78   2.4361612160945074E-002
          79   1.9566547000870380E-002
          80   3.0335385438731086E-002
          81   3.6130916638615389E-002
          82   3.9935552708151696E-002
          83   2.6189986704631459E-002
          84   1.1150079134091998E-002
          85   2.7638432195081556E-002
          86   2.2122807970893187E-002
          87   2.8030683556827710E-002
          88   1.1150079134091882E-002
          89   3.7459369258398011E-002
          90   1.8003681461373384E-002
          91   1.5886682519879895E-002
          92   2.9715771005105380E-002
          93   1.5066056474505948E-002
          94   2.1799058767259641E-002
          95   1.8771417420387668E-002
          96   3.2499994015385829E-002
          97   1.4146142912411586E-002
          98   4.1694285453777506E-002
          99   1.5058155998938064E-002
         100   2.8776582978910340E-002
         101   1.9854289764536872E-002
         102   3.3376449941141834E-002
         103   2.0878625187590084E-002
         104   3.1878067887745908E-002
         105   1.3666280634597770E-002
         106   2.8678676135121380E-002
         107   3.6212061338433313E-002
         108   1.0833331338462010E-002
         109   2.3237543609080747E-002
         110   2.6188455749522027E-002
         111   2.0527909279648378E-002
         112   1.5058155998938023E-002
         113   2.8767723348847956E-002
         114   1.0833331338461958E-002
         115   3.0916519433966411E-002
         116   2.0472641586424308E-002
         117   3.2886087688880294E-002
         118   2.0119574969989021E-002
         119   2.7831839069558866E-002
         120   1.9032664730670678E-002
         121   2.1666662676923940E-002
         122   3.1741603195936198E-002
         123   2.2869768085808637E-002
         124   3.2499994015385780E-002
         125   2.0496668799383441E-002
         126   3.5006120768391442E-002
         127   4.2920283958664845E-002
         128   3.2522635582165955E-002
         129   2.9666256056521862E-002
         130   1.3816573634341404E-002
         131   1.9591165808805572E-002
         132   4.4596628463979444E-002
         133   3.4225110862981176E-002
         134   2.9180699667020867E-002
         135   1.9303643750164988E-002
         136   2.6942181510812676E-002
         137   3.2598365845735548E-002
         138   2.4303738900619352E-002
         139   1.1270079148679243E-002
         140   3.0074331490680881E-002
         141   1.2828621943428830E-002
         142   2.0714246520408004E-002
         143   1.6146164429953608E-002
         144   2.1475392025886220E-002
         145   2.1736557479736029E-002
         146   3.1600119613946619E-002
         147   2.5998092971431762E-002
         148   3.0335385438731183E-002
         149   2.5471817961192595E-002
         150   1.1958731554644419E-002
         151   2.1336401100038059E-002
         152   1.6701901078445238E-002
         153   2.7721924611862313E-002
         154   2.7453805743622866E-002
         155   2.7716826707478753E-002
         156   2.4046386504313313E-002
         157   2.6765454625975089E-002
         158   1.6609103137214989E-002
         159   3.3420897138308384E-002
         160   3.1379603859081569E-002
         161   2.5643399353928346E-002
         162   2.4315132250217128E-002
         163   1.6609103137215059E-002
         164   2.3785964645849034E-002
         165   1.3086303750196959E-002
         166   1.3322119780225690E-002
         167   1.6413069559684423E-002
         168   2.7258058248540915E-002
         169   2.3873792880873285E-002
         170   2.2023757294014380E-002
         171   2.5098424753285935E-002
         172   2.6041666666666605E-002
         173   3.1250000000000000E-002
         174   1.7098711461451560E-002
         175   2.8495394067672260E-002
         176   1.5273630196133103E-002
         177   2.8900501226919451E-002
         178   2.6041666666666605E-002
         179   1.3888888888888840E-002
         180   3.0991455780952096E-002
         181   2.3725939989798713E-002
         182   2.4550439715304347E-002
         183   1.5273630196133158E-002
         184   3.1794919110135857E-002
         185   1.7098711461451560E-002
         186   1.3521731751919204E-002
         187   2.1528017310599092E-002
         188   2.7483319022869417E-002
         189   2.7483319022869417E-002
         190   2.7043463503838457E-002
         191   2.5225177363479998E-002
         192   2.8900501226919451E-002
         193   1.8129293214099892E-002
         194   1.9115862794492067E-002
         195   1.0995893157929129E-002
         196   2.4483160480685773E-002
         197   2.5297474563808906E-002
         198   2.1546839604261899E-002
         199   1.7320160754911565E-002
         200   9.9549109692973273E-003
         201   1.3013352282192310E-002
         202   2.0379885457309923E-002
         203   1.0552182951960642E-002
         204   1.7801103010420618E-002
         205   9.9423380828627117E-003
         206   2.1190151623920406E-002
         207   2.6026704564384568E-002
         208   1.7579782085098035E-002
         209   1.9805704713186417E-002
         210   1.7962210954393779E-002
         211   1.3138731639760069E-002
         212   1.8603333306459392E-002
         213   1.5015723584999186E-002
         214   3.7668787806355665E-002
         215   3.1207506397344018E-002
         216   1.7984320378519013E-002
         217   1.0133588120350879E-002
         218   1.0741907914396508E-002
         219   1.0499553615478305E-002
         220   1.8022425547548567E-002
         221   2.7071267936556752E-002
         222   1.9445525258035886E-002
         223   1.2324913138281362E-002
         224   3.1609218984281574E-002
         225   3.3329073224040370E-002
         226   2.2431210310196889E-002
         227   1.6408877060368705E-002
         228   9.9423380828627551E-003
         229   9.3740415088378517E-003
         230   2.0634636127541749E-002
         231   2.6443991571878808E-002
         232   3.2778267116001986E-002
         233   6.8321050218498325E-003
         234   1.8725105634031732E-002
         235   3.1255904042827680E-002
         236   1.5862971250032835E-002
         237   1.7942302945157258E-002
         238   1.5631409037903533E-002
         239   1.3343751674927096E-002
         240   2.3035056057386177E-002
         241   3.2772600035208078E-002
         242   2.1915044211810626E-002
         243   1.5908300699887856E-002
         244   1.0658215883710584E-002
         245   1.3596974095474591E-002
         246   2.0905754561056582E-002
         247   2.0187616071265336E-002
         248   2.2505647635896277E-002
         249   2.7193948190949203E-002
         250   2.4046386504313403E-002
         251   1.7176874918879953E-002
         252   3.3120288643809018E-002
         253   1.1789951753567885E-002
         254   3.4128439407175692E-002
         255   3.0712099688354970E-002
         256   1.4757714782593407E-002
         257   3.3128575969775427E-002
         258   1.1270079148679186E-002
         259   2.8217866200663150E-002
         260   3.6828949206392729E-002
         261   2.9596609275883007E-002
         262   3.5429519379448542E-002
         263   1.4757714782593372E-002
         264   4.2683111141056912E-002
         265   2.8713361036369327E-002
         266   1.0676869903108401E-002
         267   1.9188438491775029E-002
         268   3.0508395923169715E-002
         269   2.9420503796887484E-002
         270   1.1865946851949780E-002
         271   1.8751296473831811E-002
         272   2.4323724170110989E-002
         273   3.4128439407175602E-002
         274   3.4289295861821278E-002
         275   3.6438126917447411E-002
         276   2.3086425393339775E-002
         277   3.4992739185156337E-002
         278   2.8265277085942959E-002
         279   1.6535074029638112E-002
         280   2.5553609548572921E-002
         281   2.6942764739047612E-002
         282   3.5742961772776589E-002
         283   2.2318292425105472E-002
         284   3.7855736415470610E-002
         285   2.4565000388168657E-002
         286   1.2392200681773383E-002
         287   3.2036726426586393E-002
         288   2.1057923133622706E-002
         289   3.6372682258529583E-002
         290   2.7051467938698830E-002
         291   1.5612302289268333E-002
         292   1.2469862199215398E-002
         293   2.3180353465303751E-002
         294   2.7750062417961279E-002
         295   2.7532797310970223E-002
         296   2.3552895985554215E-002
         297   3.0422132506749501E-002
         298   3.4874588058456987E-002
         299   3.1402883864703079E-002
         300   2.0055193020030927E-002
         301   2.4784401363546565E-002
         302   3.7421478688725897E-002
         303   1.4025433119430183E-002
         304   1.8463098987950583E-002
         305   2.4399831121156408E-002
         306   2.0041551695569142E-002
         307   1.5631381939273530E-002
         308   8.8691513978148683E-003
         309   2.0057586240389228E-002
         310   1.6177596874795894E-002
         311   3.2009071633374846E-002
         312   8.3842747195939649E-003
         313   3.1280212786138364E-002
         314   3.1878067887745921E-002
         315   2.2869768085808623E-002
         316   1.7404050924165072E-002
         317   1.8771417420387692E-002
         318   1.5684841784182987E-002
         319   9.0343394045071523E-003
         320   2.0021805813334941E-002
         321   1.8238634509544549E-002
         322   1.6174153236259370E-002
         323   1.6638863329354707E-002
         324   2.1606857405804848E-002
         325   1.2690304959795973E-002
         326   2.1487187482679398E-002
         327   2.1802464953220725E-002
         328   2.8027448518876175E-002
         329   2.7095544026714189E-002
         330   3.4128439407175602E-002
         331   1.3295576794624708E-002
         332   2.3285587922222184E-002
         333   3.1405464332888815E-002
         334   3.4180511880876528E-002
         335   3.5274513441770960E-002
         336   2.5098398289206590E-002
         337   1.5765805005243830E-002
         338   2.8888193635358685E-002
         339   2.5665501209187029E-002
         340   2.8911295201384524E-002
         341   1.5091904463887902E-002
         342   2.6164463928566764E-002
         343   3.0371906044568027E-002
         344   1.5765805005243893E-002
         345   2.8604627703525124E-002
         346   2.2051161223853651E-002
         347   3.0084474768997903E-002
         348   2.2450180739328991E-002
         349   2.1918433481525220E-002
         350   2.4224521233468743E-002
         351   1.6937420557165687E-002
         352   2.9058752992064767E-002
         353   1.3981558928113074E-002
         354   2.7085086883714284E-002
         355   1.5537303925700369E-002
         356   2.7201947419021457E-002
         357   1.8882768352552256E-002
         358   1.4727625432761788E-002
         359   2.3091708110507082E-002
         360   2.7804787972177267E-002
         361   1.8499559454288661E-002
         362   2.3829657901951382E-002
         363   2.7257592556835256E-002
         364   9.5103293971582417E-003
         365   1.4605867162440537E-002
         366   2.2725092802374024E-002
         367   1.5619454275647458E-002
         368   1.6829118110371764E-002
         369   2.4241844269557236E-002
         370   2.5885898952494935E-002
         371   2.9102131912061326E-002
         372   2.6258271614963101E-002
         373   2.9674379431299015E-002
         374   2.3973700149947839E-002
         375   3.3658236220743529E-002
         376   1.8800085114995146E-002
         377   1.4648391702132489E-002
         378   1.4418962841908316E-002
         379   2.0331526748453892E-002
         380   1.3445303638534847E-002
         381   1.1055356564837951E-002
         382   2.3560015674067281E-002
         383   2.0268885148347959E-002
         384   1.8981302430143426E-002
         385   2.2110713129675955E-002
         386   2.7833054583171701E-002
         387   3.1023021111178679E-002
         388   1.8213423017887413E-002
         389   2.7822797051562136E-002
         390   1.1948855908983667E-002
         391   1.9919750300246147E-002
         392   2.2105531668166360E-002
         393   1.3183487469219480E-002
         394   2.1601517246538884E-002
         395   1.1948855908983669E-002
         396   3.2569926836800225E-002
         397   2.2925185151462090E-002
         398   1.5374892270495471E-002
         399   2.0645821084741379E-002
         400   2.6972586335604672E-002
         401   2.3897711817967262E-002
         402   1.8882768352552249E-002
         403   1.3483518864554228E-002
         404   1.3331813413251748E-002
         405   2.3920287539456953E-002
         406   2.4238138497279606E-002
         407   9.7413708204244550E-003
         408   2.5583248835404936E-002
         409   2.2280310211339450E-002
         410   1.3331813413251804E-002
         411   2.0610881821182588E-002
         412   2.1654227153169520E-002
         413   2.2631305512647942E-002
         414   2.1520896359711168E-002
         415   2.6663626826503552E-002
         416   2.2920293917372936E-002
         417   2.2920293917372870E-002
         418   1.0201356754350520E-002
         419   2.1450873424250144E-002
         420   1.4868246474373584E-002
         421   3.1802859431779594E-002
         422   3.3353950194605839E-002
         423   3.4128439407175637E-002
         424   1.7810236214034263E-002
         425   2.9399797583488211E-002
         426   1.6822381510808754E-002
         427   1.7810236214034242E-002
         428   2.5086739366723274E-002
         429   2.1940542038095423E-002
         430   1.4868246474373549E-002
         431   2.1318034879448517E-002
         432   3.0538708012088463E-002
         433   3.2384992631670578E-002
         434   2.5098398289206677E-002
         435   1.3094340960610962E-002
         436   1.6177596874795877E-002
         437   2.5644728846089235E-002
         438   1.6941253386281191E-002
         439   3.1399453060602753E-002
         440   3.2600081574366800E-002
         441   9.2845473048162042E-003
         442   1.9714646453114302E-002
         443   2.0090858362770622E-002
         444   2.3301565563754144E-002
         445   2.2243738737625453E-002
         446   2.2243738737625453E-002
         447   1.8569094609632408E-002
         448   1.2036389942746667E-002
         449   1.1977317630546359E-002
         450   1.7876156726678812E-002
         451   1.5020198572805950E-002
         452   2.5277978746993019E-002
         453   1.8800085114995122E-002
         454   1.5674959504625292E-002
         455   9.2042951050375077E-003
         456   1.8454332416711575E-002
         457   1.0145941473522220E-002
         458   1.3057093187959621E-002
         459   1.1029944396304853E-002
         460   2.1046893510336121E-002
         461   1.5199240708906317E-002
         462   1.0569841787132538E-002
         463   2.2150636432533590E-002
         464   2.8559295429409375E-002
         465   2.5954111992087577E-002
         466   2.1710673566559400E-002
         467   3.2750426213342065E-002
         468   2.1711636174837335E-002
         469   1.3169528126960062E-002
         470   2.7867404359291425E-002
         471   2.7930799212520778E-002
         472   1.6121093292442917E-002
         473   2.8919890170539385E-002
         474   1.2297603355744329E-002
         475   1.6121093292442917E-002
         476   2.6123553433906252E-002
         477   2.6766866160394764E-002
         478   1.3983723255189543E-002
         479   2.5461401321402684E-002
         480   2.4932782229889750E-002
         481   3.2242186584885993E-002
         482   2.1037956040825329E-002
         483   1.3993078810009165E-002
         484   1.1865946851949777E-002
         485   2.1849660042429078E-002
         486   2.7833054583171639E-002
         487   1.8882768352552225E-002
         488   1.4384334204484000E-002
         489   2.0007351189383377E-002
         490   1.4882454686397649E-002
         491   2.1401301682633583E-002
         492   9.0616846429417055E-003
         493   1.3671007926103668E-002
         494   1.9851834302406092E-002
         495   2.2920293917372898E-002
         496   1.8803947362505534E-002
         497   6.9744872025556681E-003
         498   1.4731391274719768E-002
         499   1.6009418881853681E-002
         500   3.1863904334609471E-002
         501   1.8322543704623103E-002
         502   2.0272128091234343E-002
         503   3.1877467044234303E-002
         504   2.5098398289206618E-002
         505   1.4324363946934341E-002
         506   1.4324363946934307E-002
         507   1.4825788520296668E-002
         508   2.6426813955320899E-002
         509   1.4731391274719728E-002
         510   1.9582663295901977E-002
         511   1.6417503219835209E-002
         512   2.6609525616955846E-002
         513   1.3440613091816588E-002
         514   2.7797233617136648E-002
         515   1.7651620659710491E-002
         516   1.3210723588845017E-002
         517   2.1512761304006648E-002
         518   1.5769125584677524E-002
         519   2.0412270830320326E-002
         520   1.5967277747219923E-002
         521   1.2492541855100419E-002
         522   1.7905251055223486E-002
         523   1.2724592334231561E-002
         524   2.7387674185330085E-002
         525   1.7936904683582722E-002
         526   1.4899111871232999E-002
         527   3.0618656766926530E-002
         528   1.7640326114215059E-002
         529   1.5845865917622323E-002
         530   1.4731391274719688E-002
         531   2.6174782605726556E-002
         532   2.6174782605726438E-002
         533   2.9462782549439494E-002
         534   2.0440739746492083E-002
         535   1.2308724397528696E-002
         536   2.1204744101328474E-002
         537   1.2373512240291226E-002
         538   1.7883801203339135E-002
         539   2.9597090658413514E-002
         540   1.3517648753432433E-002
         541   2.0143123822957791E-002
         542   1.8191162850299369E-002
         543   1.1207206814336188E-002
         544   1.4895667125759180E-002
         545   2.2978566230899434E-002
         546   2.3068593886295338E-002
         547   2.1460446342490808E-002
         548   1.2538465712024448E-002
         549   3.0710687386667171E-002
         550   2.3308904843373786E-002
         551   2.4290691040382416E-002
         552   2.9791334251518597E-002
         553   2.3283997968345287E-002
         554   1.9707589188053012E-002
         555   2.6843061458981181E-002
         556   2.5076931424048793E-002
         557   3.1250000000000000E-002
         558   1.7651620659710408E-002
         559   1.5862971250032835E-002
         560   1.7651620659710408E-002
         561   1.5862971250032835E-002
         562   1.1556991894104141E-002
         563   1.5979008821664458E-002
         564   1.8248584413761683E-002
         565   5.4747536490214466E-003
         566   1.5979008821664469E-002
         567   3.1626773595071378E-002
         568   3.1273609483681394E-002
         569   2.4493109318679009E-002
         570   1.7942302945157286E-002
         571   3.1255904042827680E-002
         572   3.1958017643328923E-002
         573   1.7651620659710432E-002
         574   1.5769497959821348E-002
         575   1.0864546394799092E-002
         576   6.0822382450826940E-003
         577   1.5638767102177518E-002
         578   2.9673890548069213E-002
         579   1.5877109475772293E-002
         580   2.9092362810638314E-002
         581   1.5877109475772453E-002
         582   3.0933864832861646E-002
         583   1.6295601518521382E-002
         584   1.8063138200170727E-002
         585   1.5994748835310619E-002
         586   1.3442518096495571E-002
         587   3.2452300079173609E-002
         588   2.4387865201668829E-002
         589   2.3373450849861564E-002
         590   6.4553241504176073E-003
         591   3.1909774519525591E-002
         592   1.8079779511964215E-002
         593   3.0380139489304583E-002
         594   2.6603671494228483E-002
         595   1.4731391274719806E-002
         596   2.5994611182661807E-002
         597   1.9983110660258496E-002
         598   1.0105721393034806E-002
         599   2.8772628684257638E-002
         600   1.7098711461451560E-002
         601   3.0573386460673837E-002
         602   2.0869470972519736E-002
         603   1.6470196146710303E-002
         604   2.5413391826006618E-002
         605   1.3966871586466803E-002
         606   1.7098711461451560E-002
         607   2.3569410879401669E-002
         608   2.7483319022869473E-002
         609   2.8143234383041268E-002
         610   2.3725939989798713E-002
         611   3.4197422922903120E-002
         612   2.1878320254585332E-002
         613   2.7237128942403783E-002
         614   1.0700381430617665E-002
         615   3.4739701309166184E-002
         616   2.7694532544100439E-002
         617   2.1533661591536135E-002
         618   2.6095215915951410E-002
         619   1.9050567330319425E-002
         620   8.9639528905663870E-003
         621   1.8993237415898510E-002
         622   1.9869923796373607E-002
         623   1.6583072842331101E-002
         624   2.4262900312784826E-002
         625   2.4239029779631764E-002
         626   1.6583072842331129E-002
         627   2.9682165846320819E-002
         628   3.0906655521408623E-002
         629   2.2300290035131454E-002
         630   1.9983110660258496E-002
         631   1.3521731751919255E-002
         632   1.5035386547465378E-002
         633   2.8553618408678105E-002
         634   3.0714940994712003E-002
         635   1.1595214558083993E-002
         636   1.9369141473329621E-002
         637   1.5273630196133151E-002
         638   1.6470196146710355E-002
         639   2.4904455568103612E-002
         640   2.6041666666666630E-002
         641   1.2307436285515257E-002
         642   1.6470196146710303E-002
         643   1.8580510991780423E-002
         644   2.2987323234405641E-002
         645   3.1343375759964889E-002
         646   1.2503065990870386E-002
         647   2.5159404222809337E-002
         648   3.6018038055432244E-002
         649   2.5088249106165618E-002
         650   2.5890833323134535E-002
         651   2.5006131981740929E-002
         652   2.6041666666666696E-002
         653   2.8857901798926059E-002
         654   1.7098711461451560E-002
         655   2.8900501226919395E-002
         656   1.9983110660258478E-002
         657   1.5929081300621976E-002
         658   2.3814057967508580E-002
         659   1.3029155969017442E-002
         660   1.4046142272503248E-002
         661   1.2090614823944528E-002
         662   2.8388725125883790E-002
         663   2.8304067725506653E-002
         664   2.0465315153045650E-002
         665   3.5374510586582579E-002
         666   2.3533702634496053E-002
         667   2.4550439715304209E-002
         668   3.0615572791775170E-002
         669   1.8039584551070659E-002
         670   2.3320533174054619E-002
         671   1.1926693273499338E-002
         672   2.3003990559356823E-002
         673   1.3930503026589165E-002
         674   1.2870960161607433E-002
         675   2.9586171888721709E-002
         676   2.1408728234848375E-002
         677   1.0664964673043844E-002
         678   2.4700598212087164E-002
         679   2.4269614545581967E-002
         680   1.3658270646739783E-002
         681   2.0700987365541892E-002
         682   2.5799986579007297E-002
         683   2.3316865119023655E-002
         684   1.2870960161607383E-002
         685   1.1431559191883066E-002
         686   2.3905691722683000E-002
         687   1.9014805885373440E-002
         688   2.3910204338378475E-002
         689   2.1163871294606007E-002
         690   2.4252985138402766E-002
         691   1.5845865917622409E-002
         692   1.5273630196133054E-002
         693   2.1111254136363822E-002
         694   1.2487861275274409E-002
         695   2.8742463500559725E-002
         696   2.2078042515601078E-002
         697   2.3722112860217217E-002
         698   1.3977101705751760E-002
         699   3.0017529964046358E-002
         700   2.9036624444568743E-002
         701   1.2097350375155760E-002
         702   2.7106850591559643E-002
         703   1.2843741537709633E-002
         704   1.9974277084558806E-002
         705   1.2353098290598385E-002
         706   2.1399637604590203E-002
         707   2.2363742428494020E-002
         708   2.0213788320171820E-002
         709   2.1174127998020990E-002
         710   2.4706196581196549E-002
         711   1.9960845562176765E-002
         712   2.4974664313358045E-002
         713   2.7954203411503391E-002
         714   2.0002840392757001E-002
         715   1.0243392806201705E-002
         716   1.4540212188974767E-002
         717   2.5586808989507926E-002
         718   2.1610240150275968E-002
         719   2.2694594525779384E-002
         720   1.3793456108380595E-002
         721   2.3840679400794682E-002
         722   1.4540212188974888E-002
         723   1.4013223527259091E-002
         724   3.1993890303856493E-002
         725   2.9462843159720711E-002
         726   2.7275632562466151E-002
         727   2.2126250171661546E-002
         728   2.4860745802925473E-002
         729   2.0987398230089532E-002
         730   2.4730524421158008E-002
         731   2.8026447054518181E-002
         732   3.4698772151471761E-002
         733   1.8001158404077459E-002
         734   3.2864922386170982E-002
         735   2.9855821918350858E-002
         736   1.9623622595390505E-002
         737   3.6524307296499220E-002
         738   1.3421567791724114E-002
         739   2.2116935959632565E-002
         740   2.1844161184210616E-002
         741   1.5716837751494964E-002
         742   1.3421567791724093E-002
         743   3.4445002357158687E-002
         744   1.3568639647998149E-002
         745   1.9067257629709310E-002
         746   2.5137430767017230E-002
         747   2.6385120472983803E-002
         748   1.4750620275726484E-002
         749   3.5061020591564289E-002
         750   1.8077544826241406E-002
         751   2.4608627479207876E-002
         752   2.7857762045496032E-002
         753   3.1685514125655359E-002
         754   3.6155089652483048E-002
         755   2.0002840392756824E-002
         756   1.2538465712024218E-002
         757   2.8526666405125869E-002
         758   2.2037793031346418E-002
         759   2.2911943298578090E-002
         760   2.6776137500565813E-002
         761   1.4514846368609268E-002
         762   3.0100992141633209E-002
         763   2.5614656536310360E-002
         764   1.8242501078775737E-002
         765   3.6240802066389889E-002
         766   1.2714593659728440E-002
         767   3.2605145687851160E-002
         768   1.1920877233743129E-002
         769   2.0716103903669330E-002
         770   1.4126839558741680E-002
         771   3.0615572791775170E-002
         772   1.8303086073840076E-002
         773   2.4047816003709102E-002
         774   1.4920578757583562E-002
         775   1.2538465712024379E-002
         776   2.5666532463437391E-002
         777   1.2621570899279493E-002
         778   2.4142795126786798E-002
         779   2.6471511096810084E-002
         780   2.4868061636406834E-002
         781   2.4689517678813475E-002
         782   1.3899129379879945E-002
         783   2.1731772927533640E-002
         784   2.3174337429244341E-002
         785   2.3620298541093734E-002
         786   2.4132519412968356E-002
         787   2.7798258759760001E-002
         788   1.4641541952462908E-002
         789   2.5597638590023036E-002
         790   2.0002840392756994E-002
         791   2.4786662512994651E-002
         792   1.2537082267724821E-002
         793   1.4554133958250908E-002
         794   2.5818121071807691E-002
         795   2.4918817859506424E-002
         796   2.4786662512994696E-002
         797   1.2537082267724967E-002
         798   1.4121336566892033E-002
         799   2.9752520171466731E-002
         800   2.6308661559122121E-002
         801   2.3607149392231148E-002
         802   1.4554133958250835E-002
         803   2.2620115169111249E-002
         804   1.5119527220541541E-002
         805   2.7246451390659038E-002
         806   1.4121336566891969E-002
         807   2.5752988745784421E-002
         808   2.2280775954400346E-002
         809   2.5283914259864322E-002
         810   2.3680421274716690E-002
         811   2.4807282970405225E-002
         812   2.9108267916501691E-002
         813   2.4786662512994800E-002
         814   1.4632703978411290E-002
         815   3.4857808461537083E-002
         816   3.0613016500555652E-002
         817   2.4086921522298351E-002
         818   1.5230417986525212E-002
         819   2.6237583648847002E-002
         820   2.4857830955975740E-002
         821   1.1806792926309840E-002
         822   1.4192174272156957E-002
         823   1.5544001792957469E-002
         824   2.8876074126567990E-002
         825   2.4181063274815773E-002
         826   2.0792321218384074E-002
         827   1.0602055195258838E-002
         828   2.2465434391146791E-002
         829   2.2236580180164816E-002
         830   2.3900563688955129E-002
         831   2.1921241917580162E-002
         832   1.3472582087439814E-002
         833   2.6633924301931865E-002
         834   2.3894018214465344E-002
         835   9.9519406394503653E-003
         836   2.2998190365301908E-002
         837   2.8824774565405147E-002
         838   3.2864922386170933E-002
         839   1.1777730632757685E-002
         840   2.1248714379009177E-002
         841   3.1250000000000000E-002
         842   1.7518580910559287E-002
         843   1.5846575785463047E-002
         844   1.7518580910559287E-002
         845   1.5846575785463047E-002
         846   1.4873184183010339E-002
         847   1.6437095262811053E-002
         848   5.2814161450972508E-003
         849   1.2690304959795973E-002
         850   2.3247006511664399E-002
         851   1.5961199791611036E-002
         852   2.5380609919591946E-002
         853   1.1095697100809310E-002
         854   2.6337019513909526E-002
         855   2.7762260886987949E-002
         856   2.1111254136363920E-002
         857   1.2228906348335193E-002
         858   2.6454670279937129E-002
         859   1.2326755285773358E-002
         860   1.2228906348335393E-002
         861   1.2326755285773443E-002
         862   2.2257994396413600E-002
         863   2.7866405385541890E-002
         864   2.2402284156207548E-002
         865   1.9991165620862530E-002
         866   1.3936211405391710E-002
         867   2.1509887380906926E-002
         868   2.1985168438303379E-002
         869   1.7440663608068053E-002
         870   9.2078795343867835E-003
         871   1.4156310472242719E-002
         872   2.1627965446705987E-002
         873   2.1111254136363868E-002
         874   2.3765613921198324E-002
         875   1.4853075623550318E-002
         876   2.3320533174054556E-002
         877   2.5182790197626675E-002
         878   1.3218670751733500E-002
         879   2.5716919056489949E-002
         880   1.3453343055933872E-002
         881   2.5037757205933712E-002
         882   2.2225316386206763E-002
         883   2.4454257936458543E-002
         884   1.1602930631308584E-002
         885   2.2224140998277232E-002
         886   2.4345118164159969E-002
         887   1.3654941748828128E-002
         888   1.3716747603835120E-002
         889   3.0111837746324588E-002
         890   1.3122407219224586E-002
         891   2.3909652666561015E-002
         892   2.2250337876118409E-002
         893   1.2406517906140934E-002
         894   2.2154574444849681E-002
         895   2.1889511389784778E-002
         896   2.6289541571494879E-002
         897   1.3669154996826409E-002
         898   2.5591895475862523E-002
         899   1.3716747603834997E-002
         900   2.1882181739504087E-002
         901   2.4598924184825868E-002
         902   2.3455715887087978E-002
         903   2.3320533174054511E-002
         904   3.4313929291445465E-002
         905   2.8720811894035213E-002
         906   2.0694261097259130E-002
         907   2.1711636174837335E-002
         908   1.3189330431382831E-002
         909   2.6968804622765581E-002
         910   1.5652750887233113E-002
         911   3.3049202139979451E-002
         912   2.6869617354528284E-002
         913   1.9048266419017915E-002
         914   3.0069223806307367E-002
         915   1.9050567330319460E-002
         916   1.5593344087974512E-002
         917   2.0443547671163315E-002
         918   1.0942024709462438E-002
         919   2.4345118164159924E-002
         920   2.4476196135980965E-002
         921   2.9282759857228575E-002
         922   1.4747157034369209E-002
         923   1.6398595516013973E-002
         924   2.8259304040517130E-002
         925   2.5120056209284147E-002
         926   2.0002840392756890E-002
         927   1.3313156739735543E-002
         928   2.1612505964845909E-002
         929   1.4126891819418933E-002
         930   1.1072542876461079E-002
         931   1.5546447592938601E-002
         932   2.7967917192453253E-002
         933   1.5616609367556012E-002
         934   1.4097463021601354E-002
 time 1e30