  0.0000000000E+00    0.3969803741E-12
  0.1500000000E+00    0.4018108056E-05   0.4755484852E-06   0.2866231733E-10   0.5569633955E-13
  0.3750000000E+00    0.4546247832E-05   0.7451281616E-06   0.1531313477E-09   0.4029328807E-14   0.1584834966E-16
  0.7125000000E+00    0.4541057429E-05   0.3813059367E-06   0.1016889033E-08   0.4997995586E-13   0.8372213738E-16
  0.1218750000E+01    0.1439544433E-05   0.5428992809E-06   0.4993904808E-08   0.2266129255E-11   0.2946826284E-14
  0.1978125000E+01    0.1320552922E-05   0.7741498146E-06   0.2097070960E-07   0.4540659355E-10   0.4235533343E-13
  0.3117187500E+01    0.1319305701E-05   0.1402513266E-05   0.4414892789E-07   0.4274265517E-09   0.2949623115E-13   0.6000028781E-16
  0.3876562500E+01    0.2487565466E-05   0.1124020621E-05   0.1749367994E-07   0.1752669154E-10   0.4112872160E-13
  0.4635937500E+01    0.3094865549E-05   0.5829367718E-06   0.1578589129E-07   0.1045742155E-10   0.3893936139E-13   0.2413668881E-15
  0.5142187500E+01    0.1528718157E-05   0.2504436162E-06   0.3644652862E-08   0.7254308596E-12   0.9303127822E-15
  0.5901562500E+01    0.3461210457E-05   0.3878173934E-06   0.4300933204E-07   0.3777591272E-10   0.4119508467E-13
  0.6407812500E+01    0.4708616569E-06   0.1052922872E-06   0.8063707394E-09   0.3184939855E-12   0.5103612103E-15
  0.6914062500E+01    0.7707052793E-07   0.5657054479E-07   0.4943950772E-09   0.1260886575E-12   0.2763936239E-15
  0.7420312500E+01    0.1114038657E-06   0.5698422210E-07   0.6687715710E-09   0.2272789874E-12   0.2501811747E-15
  0.7926562500E+01    0.1504165819E-06   0.3154285041E-07   0.3578310587E-09   0.7306777587E-13   0.9900367512E-16
  0.8685937500E+01    0.2246691201E-06   0.4405710087E-07   0.7851074921E-09   0.8618416654E-12   0.7964359333E-15
  0.9192187500E+01    0.5108426051E-07   0.6089130149E-08   0.6505767718E-10   0.1653822040E-13   0.6089349752E-16
  0.9698437500E+01    0.3213151319E-07   0.4116797328E-08   0.4538454632E-10   0.8162391495E-14   0.2552329736E-16
  0.1020468750E+02    0.3814715271E-07   0.3375505955E-08   0.4154810236E-10   0.6969742971E-14   0.8187791165E-16
  0.1071093750E+02    0.3010472140E-07   0.3666798634E-08   0.5319377165E-10   0.1095045290E-13   0.3094059027E-16
  0.1121718750E+02    0.6891155326E-07   0.3732004790E-08   0.3667751866E-10   0.7240472804E-14   0.2472110558E-16
  0.1172343750E+02    0.3497167069E-07   0.3940904972E-08   0.2968676381E-10   0.3221369815E-14   0.2280366264E-16
  0.1222968750E+02    0.5035766639E-07   0.2988493649E-08   0.1523629466E-10   0.2531362526E-13   0.6210583757E-16
  0.1273593750E+02    0.2507997852E-07   0.2579359593E-08   0.1534688565E-10   0.4231587940E-14   0.6542858529E-16
  0.1324218750E+02    0.1713697878E-07   0.2143883634E-08   0.2242498965E-10   0.3301123979E-14   0.3320501102E-16
  0.1374843750E+02    0.1743252428E-07   0.1045621833E-08   0.9500398407E-11   0.1475334248E-14   0.8938010538E-16
  0.1425468750E+02    0.7942642846E-08   0.1335509345E-08   0.1001655421E-10   0.4372123898E-14   0.3033256699E-16
  0.1476093750E+02    0.1061050012E-07   0.1063497043E-08   0.1250076789E-10   0.1389215940E-13   0.7166909000E-16
  0.1526718750E+02    0.8510341512E-08   0.8067275937E-09   0.2375379021E-10   0.9748424323E-13   0.8921447447E-15
  0.1577343750E+02    0.3307402368E-08   0.1988547777E-08   0.9389153713E-10   0.2990671240E-12   0.2285812751E-14
  0.1627968750E+02    0.3407826327E-07   0.4761249087E-08   0.9755036756E-09   0.1094253833E-10   0.6714480870E-13   0.4698566236E-15
  0.1678593750E+02    0.5453281914E-07   0.6386511879E-08   0.1482985117E-09   0.4467712553E-12   0.1412267749E-14
  0.1729218750E+02    0.2278040381E-07   0.1362759239E-08   0.7782100031E-10   0.5644585590E-13   0.2752395978E-15
  0.1779843750E+02    0.2215792114E-07   0.2419793412E-08   0.7650696425E-10   0.2384417261E-13   0.3528941156E-16
  0.1855781250E+02    0.6444234155E-07   0.6009948806E-11   0.3552798946E-12   0.7921342963E-16   0.9854971025E-16
  0.1906406250E+02    0.8184485696E-10   0.1299241832E-11   0.3672129053E-13   0.4142026715E-13   0.1740291570E-14
  0.1957031250E+02    0.4586822943E-10   0.5435503143E-11   0.5715129451E-13   0.9316621399E-13   0.4689089338E-15
  0.2007656250E+02    0.2762223163E-10   0.2414320744E-11   0.3254612775E-12   0.2281784515E-14   0.4284130044E-14
  0.2058281250E+02    0.2799496944E-10   0.7393866506E-08   0.1630983210E-09   0.2319894774E-12   0.1026135224E-14
  0.2108906250E+02    0.1294397391E-07   0.1067555108E-11   0.4993750500E-10   0.4329425736E-14   0.6423507068E-16
  0.2184843750E+02    0.6050946943E-08   0.4208866012E-08   0.6906962148E-10   0.6424550834E-14   0.1288069506E-15
  0.2260781250E+02    0.9507951056E-08   0.3513797376E-08   0.1921279147E-10   0.2331609977E-13   0.1234408824E-15
  0.2374687500E+02    0.3708909381E-07   0.1477898296E-11   0.1499760559E-13   0.4138273811E-13   0.1224071275E-14
  0.2488593750E+02    0.1229373545E-10   0.4141289529E-12   0.1385271930E-10   0.2214923999E-14
  0.2602500000E+02    0.5075605391E-11   0.4122881191E-09   0.2152385005E-12   0.7769820532E-16
  0.2773359375E+02    0.1164388008E-07   0.1737251999E-09   0.1358060412E-12   0.5980677759E-16
  0.2944218750E+02    0.4402954540E-08   0.5068984844E-10   0.4610816553E-14   0.7353555886E-16
  0.3115078125E+02    0.2068720006E-08   0.3274881908E-11   0.1380686980E-15
  0.3285937500E+02    0.3085350652E-09   0.3505658736E-13   0.4552245134E-13
  0.3456796875E+02    0.1143957799E-10   0.6619201699E-14   0.7070541741E-14
  0.3627656250E+02    0.1226716584E-11   0.1880449876E-15   0.8695392798E-15
  0.3798515625E+02    0.2429902483E-12   0.3789926332E-16   0.1167288061E-15
  0.3969375000E+02    0.4520336230E-13   0.2770660315E-16   0.1327462896E-16
  0.4140234375E+02    0.3012008540E-11   0.2297374409E-13
  0.4311093750E+02    0.4185314100E-12   0.5470196282E-14
  0.4481953125E+02    0.5790047487E-13   0.1306754788E-14
  0.4652812500E+02    0.7975688261E-14   0.2858622876E-15
  0.4823671875E+02    0.1104825233E-14   0.9477916487E-16
  0.4994531250E+02    0.3542702123E-15   0.4177565827E-16
  0.5165390625E+02    0.7830436884E-16   0.3692350406E-16
  0.5336250000E+02    0.1039942501E-15   0.1085455511E-15
  0.5507109375E+02    0.8785081794E-15   0.5930893615E-15
  0.5677968750E+02    0.1730741161E-14
